     -255.0000000000       -0.0005271986       -0.0005423547       -0.0005223738       -0.0005029304       -0.0005174558       -0.0004900562       -0.0004633592       -0.0004516733
     -254.0000000000       -0.0005358096       -0.0005551482       -0.0005267178       -0.0005133616       -0.0005086685       -0.0004850043       -0.0004619642       -0.0004583284
     -253.0000000000       -0.0005370213       -0.0005455506       -0.0005299370       -0.0005255008       -0.0005059847       -0.0004833049       -0.0004672407       -0.0004642141
     -252.0000000000       -0.0005370871       -0.0005435924       -0.0005256383       -0.0005257762       -0.0005205228       -0.0004849240       -0.0004794294       -0.0004514071
     -251.0000000000       -0.0005369740       -0.0005367623       -0.0005258845       -0.0005143934       -0.0005175408       -0.0004795462       -0.0004860781       -0.0004451990
     -250.0000000000       -0.0005312146       -0.0005319702       -0.0005323273       -0.0005036521       -0.0005046039       -0.0004853918       -0.0004843936       -0.0004473407
     -249.0000000000       -0.0005394237       -0.0005323746       -0.0005354921       -0.0005095453       -0.0004937292       -0.0004918859       -0.0004826158       -0.0004528471
     -248.0000000000       -0.0005400293       -0.0005410740       -0.0005314876       -0.0005208630       -0.0005051538       -0.0004934511       -0.0004747957       -0.0004414309
     -247.0000000000       -0.0005410102       -0.0005466715       -0.0005189698       -0.0005166714       -0.0005047569       -0.0004915863       -0.0004786349       -0.0004445126
     -246.0000000000       -0.0005383645       -0.0005513563       -0.0005238659       -0.0005168998       -0.0004946490       -0.0004891206       -0.0004777130       -0.0004460652
     -245.0000000000       -0.0005345891       -0.0005479956       -0.0005327491       -0.0005227164       -0.0005053479       -0.0004845380       -0.0004741308       -0.0004482821
     -244.0000000000       -0.0005375799       -0.0005389121       -0.0005333629       -0.0005086914       -0.0005124175       -0.0004854920       -0.0004698076       -0.0004566373
     -243.0000000000       -0.0005459456       -0.0005339342       -0.0005323660       -0.0005060584       -0.0005179569       -0.0004943269       -0.0004637796       -0.0004524873
     -242.0000000000       -0.0005464259       -0.0005362412       -0.0005351613       -0.0005066781       -0.0005146714       -0.0004988645       -0.0004644099       -0.0004482750
     -241.0000000000       -0.0005433660       -0.0005382851       -0.0005319548       -0.0005174729       -0.0005031534       -0.0004883529       -0.0004676937       -0.0004480376
     -240.0000000000       -0.0005374078       -0.0005446551       -0.0005327005       -0.0005285802       -0.0005040098       -0.0004767289       -0.0004687778       -0.0004501713
     -239.0000000000       -0.0005388159       -0.0005493647       -0.0005280909       -0.0005207189       -0.0005119142       -0.0004846626       -0.0004688960       -0.0004494929
     -238.0000000000       -0.0005391672       -0.0005488737       -0.0005288649       -0.0005197107       -0.0005063938       -0.0004870115       -0.0004664385       -0.0004393655
     -237.0000000000       -0.0005415374       -0.0005306938       -0.0005281830       -0.0005191608       -0.0004975506       -0.0004916036       -0.0004695474       -0.0004363967
     -236.0000000000       -0.0005419779       -0.0005195540       -0.0005338104       -0.0005235521       -0.0004860029       -0.0004946034       -0.0004674164       -0.0004436072
     -235.0000000000       -0.0005378269       -0.0005334513       -0.0005299166       -0.0005201997       -0.0004921767       -0.0004869161       -0.0004606831       -0.0004475079
     -234.0000000000       -0.0005359914       -0.0005402568       -0.0005221290       -0.0005234093       -0.0005071523       -0.0004822357       -0.0004578677       -0.0004427838
     -233.0000000000       -0.0005360462       -0.0005476087       -0.0005225014       -0.0005211914       -0.0005048375       -0.0004814914       -0.0004673053       -0.0004397760
     -232.0000000000       -0.0005329826       -0.0005453923       -0.0005171413       -0.0005239572       -0.0005020188       -0.0004891230       -0.0004750222       -0.0004386821
     -231.0000000000       -0.0005461456       -0.0005405504       -0.0005207172       -0.0005189673       -0.0004944706       -0.0004912860       -0.0004757520       -0.0004462793
     -230.0000000000       -0.0005496600       -0.0005351076       -0.0005242691       -0.0005168885       -0.0004945617       -0.0004812187       -0.0004643447       -0.0004394457
     -229.0000000000       -0.0005473179       -0.0005218690       -0.0005248339       -0.0005092358       -0.0004958837       -0.0004774727       -0.0004688830       -0.0004381602
     -228.0000000000       -0.0005422102       -0.0005270484       -0.0005219762       -0.0005088800       -0.0005049602       -0.0004788542       -0.0004592040       -0.0004366065
     -227.0000000000       -0.0005425204       -0.0005282777       -0.0005238380       -0.0005190785       -0.0005076689       -0.0004767856       -0.0004590133       -0.0004407233
     -226.0000000000       -0.0005437772       -0.0005175542       -0.0005301370       -0.0005244873       -0.0005053482       -0.0004830706       -0.0004612592       -0.0004426898
     -225.0000000000       -0.0005282563       -0.0005182218       -0.0005260285       -0.0005124452       -0.0004993800       -0.0004817099       -0.0004551545       -0.0004442202
     -224.0000000000       -0.0005384722       -0.0005228986       -0.0005149533       -0.0005077353       -0.0004960710       -0.0004843311       -0.0004498568       -0.0004349723
     -223.0000000000       -0.0005424164       -0.0005258117       -0.0005132164       -0.0005092848       -0.0004944032       -0.0004725562       -0.0004547368       -0.0004281829
     -222.0000000000       -0.0005459422       -0.0005286549       -0.0005191679       -0.0005214930       -0.0004925304       -0.0004728439       -0.0004564762       -0.0004279470
     -221.0000000000       -0.0005405040       -0.0005292252       -0.0005286371       -0.0005138988       -0.0004898919       -0.0004781933       -0.0004512308       -0.0004249551
     -220.0000000000       -0.0005375815       -0.0005319162       -0.0005240522       -0.0005131688       -0.0004860316       -0.0004906442       -0.0004478780       -0.0004268235
     -219.0000000000       -0.0005427105       -0.0005426220       -0.0005209510       -0.0005126004       -0.0004806036       -0.0004978439       -0.0004548033       -0.0004225082
     -218.0000000000       -0.0005445645       -0.0005422614       -0.0005212880       -0.0005034837       -0.0004858029       -0.0004845640       -0.0004580932       -0.0004262794
     -217.0000000000       -0.0005363621       -0.0005423620       -0.0005165309       -0.0005065448       -0.0004949218       -0.0004771855       -0.0004580737       -0.0004274786
     -216.0000000000       -0.0005389601       -0.0005400068       -0.0005162132       -0.0005060569       -0.0005010969       -0.0004777196       -0.0004519794       -0.0004304883
     -215.0000000000       -0.0005426708       -0.0005304346       -0.0005149941       -0.0005074914       -0.0005100837       -0.0004765564       -0.0004498325       -0.0004221768
     -214.0000000000       -0.0005387497       -0.0005269841       -0.0005173166       -0.0005023517       -0.0005004254       -0.0004689006       -0.0004459541       -0.0004244504
     -213.0000000000       -0.0005382433       -0.0005304646       -0.0005147748       -0.0005075674       -0.0004955920       -0.0004718517       -0.0004439850       -0.0004235028
     -212.0000000000       -0.0005293262       -0.0005322612       -0.0005212569       -0.0005093625       -0.0005004229       -0.0004770695       -0.0004487302       -0.0004197721
     -211.0000000000       -0.0005321782       -0.0005311813       -0.0005148437       -0.0005208420       -0.0004992347       -0.0004729645       -0.0004575949       -0.0004137341
     -210.0000000000       -0.0005364581       -0.0005325241       -0.0005092798       -0.0005202094       -0.0004869939       -0.0004733018       -0.0004586918       -0.0004171341
     -209.0000000000       -0.0005403523       -0.0005214647       -0.0005123832       -0.0005087917       -0.0004893567       -0.0004734326       -0.0004511968       -0.0004206466
     -208.0000000000       -0.0005344662       -0.0005247781       -0.0005270796       -0.0005212716       -0.0004957854       -0.0004732032       -0.0004527216       -0.0004156985
     -207.0000000000       -0.0005370427       -0.0005330794       -0.0005150662       -0.0005175433       -0.0004988647       -0.0004827059       -0.0004508851       -0.0004140062
     -206.0000000000       -0.0005460121       -0.0005396914       -0.0005261721       -0.0005089179       -0.0004917906       -0.0004646793       -0.0004437340       -0.0004151615
     -205.0000000000       -0.0005420400       -0.0005472005       -0.0005313441       -0.0005088810       -0.0004898525       -0.0004487190       -0.0004398184       -0.0004194813
     -204.0000000000       -0.0005346519       -0.0005377854       -0.0005243428       -0.0005085901       -0.0004969438       -0.0004573513       -0.0004381868       -0.0004108255
     -203.0000000000       -0.0005376782       -0.0005290682       -0.0005232393       -0.0005074279       -0.0004928974       -0.0004678961       -0.0004392297       -0.0004160234
     -202.0000000000       -0.0005342879       -0.0005227370       -0.0005299850       -0.0005092620       -0.0004893503       -0.0004742469       -0.0004381884       -0.0004110459
     -201.0000000000       -0.0005325751       -0.0005195801       -0.0005401216       -0.0005090009       -0.0004978330       -0.0004759808       -0.0004353808       -0.0004072897
     -200.0000000000       -0.0005387119       -0.0005194862       -0.0005326577       -0.0005093366       -0.0005063250       -0.0004697213       -0.0004288904       -0.0004042412
     -199.0000000000       -0.0005351722       -0.0005170689       -0.0005256210       -0.0005070369       -0.0004974046       -0.0004593012       -0.0004242806       -0.0004015732
     -198.0000000000       -0.0005331917       -0.0005244569       -0.0005198443       -0.0004989884       -0.0004818927       -0.0004537218       -0.0004270090       -0.0004004986
     -197.0000000000       -0.0005357140       -0.0005269870       -0.0005137447       -0.0005049623       -0.0004842935       -0.0004490666       -0.0004304660       -0.0003868796
     -196.0000000000       -0.0005235926       -0.0005246047       -0.0005176826       -0.0005083410       -0.0004832214       -0.0004591074       -0.0004393561       -0.0003953402
     -195.0000000000       -0.0005290587       -0.0005303106       -0.0005231767       -0.0004948346       -0.0004756349       -0.0004608393       -0.0004307936       -0.0004021896
     -194.0000000000       -0.0005418725       -0.0005202675       -0.0005215213       -0.0005004402       -0.0004792599       -0.0004456152       -0.0004193538       -0.0003925107
     -193.0000000000       -0.0005345535       -0.0005206109       -0.0005141710       -0.0005042260       -0.0004712099       -0.0004484067       -0.0004224465       -0.0003995607
     -192.0000000000       -0.0005324571       -0.0005266914       -0.0005165545       -0.0004985759       -0.0004718551       -0.0004514108       -0.0004136649       -0.0004008620
     -191.0000000000       -0.0005403854       -0.0005315153       -0.0005165340       -0.0005010201       -0.0004728715       -0.0004449346       -0.0004102587       -0.0003924674
     -190.0000000000       -0.0005443127       -0.0005229977       -0.0005254225       -0.0005137337       -0.0004789855       -0.0004466035       -0.0004050494       -0.0003905627
     -189.0000000000       -0.0005443183       -0.0005202422       -0.0005231866       -0.0005093403       -0.0004808623       -0.0004516522       -0.0004042941       -0.0003902173
     -188.0000000000       -0.0005476605       -0.0005279912       -0.0005265821       -0.0005026905       -0.0004765163       -0.0004537300       -0.0004111416       -0.0003856468
     -187.0000000000       -0.0005417898       -0.0005336838       -0.0005229256       -0.0005028045       -0.0004689497       -0.0004500960       -0.0004036019       -0.0003798792
     -186.0000000000       -0.0005403458       -0.0005352157       -0.0005166166       -0.0004917605       -0.0004681584       -0.0004504784       -0.0004073825       -0.0003765173
     -185.0000000000       -0.0005384748       -0.0005329687       -0.0005132174       -0.0004859225       -0.0004727444       -0.0004454398       -0.0004048060       -0.0003727812
     -184.0000000000       -0.0005362448       -0.0005399069       -0.0005217821       -0.0004839451       -0.0004705867       -0.0004445055       -0.0003993779       -0.0003602622
     -183.0000000000       -0.0005345697       -0.0005265464       -0.0005245047       -0.0004796333       -0.0004650750       -0.0004379164       -0.0003993965       -0.0003510009
     -182.0000000000       -0.0005408950       -0.0005282657       -0.0005164588       -0.0004859515       -0.0004670142       -0.0004372102       -0.0003963339       -0.0003587989
     -181.0000000000       -0.0005385213       -0.0005255229       -0.0005122441       -0.0004883928       -0.0004615855       -0.0004259883       -0.0003895131       -0.0003643747
     -180.0000000000       -0.0005387819       -0.0005273538       -0.0005104938       -0.0004975464       -0.0004590107       -0.0004288054       -0.0003911166       -0.0003612056
     -179.0000000000       -0.0005489355       -0.0005216489       -0.0005036329       -0.0005072548       -0.0004611782       -0.0004364234       -0.0003802442       -0.0003534227
     -178.0000000000       -0.0005479166       -0.0005226730       -0.0004947458       -0.0005045795       -0.0004557237       -0.0004256538       -0.0003868407       -0.0003484570
     -177.0000000000       -0.0005453724       -0.0005347130       -0.0004961937       -0.0004999539       -0.0004504012       -0.0004149305       -0.0003867446       -0.0003485719
     -176.0000000000       -0.0005383546       -0.0005320911       -0.0005142149       -0.0004932883       -0.0004548430       -0.0004155842       -0.0003823446       -0.0003458991
     -175.0000000000       -0.0005409247       -0.0005242125       -0.0005248629       -0.0004891825       -0.0004567217       -0.0004210988       -0.0003768708       -0.0003382860
     -174.0000000000       -0.0005430851       -0.0005232318       -0.0005137500       -0.0004869602       -0.0004542127       -0.0004195773       -0.0003716856       -0.0003346383
     -173.0000000000       -0.0005286545       -0.0005234339       -0.0005109265       -0.0004884748       -0.0004520323       -0.0004123051       -0.0003703929       -0.0003374107
     -172.0000000000       -0.0005339365       -0.0005217863       -0.0005099078       -0.0004886337       -0.0004491134       -0.0004072311       -0.0003667970       -0.0003372000
     -171.0000000000       -0.0005459515       -0.0005217790       -0.0005099252       -0.0004955442       -0.0004376473       -0.0004047155       -0.0003659019       -0.0003309094
     -170.0000000000       -0.0005424330       -0.0005283815       -0.0004989228       -0.0004891999       -0.0004358350       -0.0004048303       -0.0003591018       -0.0003277948
     -169.0000000000       -0.0005365331       -0.0005249241       -0.0004952621       -0.0004841954       -0.0004482164       -0.0003994803       -0.0003614926       -0.0003288312
     -168.0000000000       -0.0005367873       -0.0005265580       -0.0004990512       -0.0004766321       -0.0004575319       -0.0004023290       -0.0003587896       -0.0003252055
     -167.0000000000       -0.0005389681       -0.0005266730       -0.0005078445       -0.0004748738       -0.0004489579       -0.0003987311       -0.0003553889       -0.0003221008
     -166.0000000000       -0.0005357997       -0.0005167898       -0.0005132563       -0.0004780332       -0.0004450313       -0.0003837293       -0.0003588512       -0.0003266719
     -165.0000000000       -0.0005296339       -0.0005174536       -0.0005101317       -0.0004765570       -0.0004410910       -0.0003859935       -0.0003462579       -0.0003221530
     -164.0000000000       -0.0005376868       -0.0005250109       -0.0005119200       -0.0004651538       -0.0004365738       -0.0003889287       -0.0003333220       -0.0003153124
     -163.0000000000       -0.0005387440       -0.0005279261       -0.0005130192       -0.0004622535       -0.0004294873       -0.0003882673       -0.0003383402       -0.0003028551
     -162.0000000000       -0.0005269959       -0.0005223945       -0.0005048009       -0.0004701638       -0.0004223595       -0.0003809543       -0.0003301167       -0.0002912372
     -161.0000000000       -0.0005375301       -0.0005273734       -0.0004955153       -0.0004747315       -0.0004307444       -0.0003770622       -0.0003324524       -0.0002813811
     -160.0000000000       -0.0005406883       -0.0005359609       -0.0004955490       -0.0004771358       -0.0004256891       -0.0003772868       -0.0003351884       -0.0002757338
     -159.0000000000       -0.0005316969       -0.0005328963       -0.0004931889       -0.0004690112       -0.0004240103       -0.0003716815       -0.0003385667       -0.0002836728
     -158.0000000000       -0.0005326940       -0.0005183563       -0.0004938234       -0.0004648853       -0.0004231557       -0.0003658209       -0.0003221179       -0.0002809893
     -157.0000000000       -0.0005412877       -0.0005124991       -0.0004944949       -0.0004670115       -0.0004270776       -0.0003640312       -0.0003157813       -0.0002704733
     -156.0000000000       -0.0005508626       -0.0005057024       -0.0004997682       -0.0004639230       -0.0004224846       -0.0003694021       -0.0003102444       -0.0002708577
     -155.0000000000       -0.0005437471       -0.0005136834       -0.0004997908       -0.0004702563       -0.0004137009       -0.0003572258       -0.0003073522       -0.0002748590
     -154.0000000000       -0.0005391595       -0.0005173713       -0.0004947419       -0.0004657073       -0.0004057989       -0.0003581026       -0.0003070288       -0.0002737701
     -153.0000000000       -0.0005437717       -0.0005300764       -0.0005038119       -0.0004505667       -0.0004071650       -0.0003581056       -0.0003027428       -0.0002650319
     -152.0000000000       -0.0005469737       -0.0005245408       -0.0005072145       -0.0004591227       -0.0004057344       -0.0003642752       -0.0002931415       -0.0002521962
     -151.0000000000       -0.0005322567       -0.0005217872       -0.0005069882       -0.0004712734       -0.0003984457       -0.0003530136       -0.0002808049       -0.0002540763
     -150.0000000000       -0.0005314572       -0.0005162348       -0.0005019398       -0.0004630445       -0.0003900775       -0.0003358498       -0.0002849545       -0.0002464215
     -149.0000000000       -0.0005380850       -0.0005185975       -0.0004925916       -0.0004543971       -0.0003865666       -0.0003290875       -0.0002884515       -0.0002412547
     -148.0000000000       -0.0005379540       -0.0005268385       -0.0004869768       -0.0004483109       -0.0003814337       -0.0003309547       -0.0002850915       -0.0002336987
     -147.0000000000       -0.0005491197       -0.0005377108       -0.0004810511       -0.0004371011       -0.0003855542       -0.0003217481       -0.0002811132       -0.0002274952
     -146.0000000000       -0.0005508769       -0.0005488362       -0.0004776776       -0.0004340543       -0.0003801546       -0.0003128591       -0.0002755534       -0.0002272084
     -145.0000000000       -0.0005428180       -0.0005381311       -0.0004736802       -0.0004346403       -0.0003695248       -0.0003132003       -0.0002584056       -0.0002212926
     -144.0000000000       -0.0005426714       -0.0005218802       -0.0004817501       -0.0004252556       -0.0003655516       -0.0003139923       -0.0002535375       -0.0002151846
     -143.0000000000       -0.0005336414       -0.0005243606       -0.0004814333       -0.0004277346       -0.0003687832       -0.0003051397       -0.0002479278       -0.0002142849
     -142.0000000000       -0.0005348771       -0.0005205595       -0.0004772781       -0.0004345586       -0.0003630106       -0.0002968631       -0.0002401507       -0.0002006719
     -141.0000000000       -0.0005347834       -0.0005175174       -0.0004802206       -0.0004273853       -0.0003552095       -0.0002928205       -0.0002348826       -0.0001901518
     -140.0000000000       -0.0005279290       -0.0005175237       -0.0004799882       -0.0004191773       -0.0003611074       -0.0002884521       -0.0002380300       -0.0001812626
     -139.0000000000       -0.0005325219       -0.0005242464       -0.0004826053       -0.0004187967       -0.0003487958       -0.0002782682       -0.0002410512       -0.0001830650
     -138.0000000000       -0.0005403020       -0.0005217901       -0.0004785343       -0.0004195749       -0.0003359351       -0.0002767943       -0.0002372199       -0.0001937778
     -137.0000000000       -0.0005469470       -0.0005176382       -0.0004853938       -0.0004056463       -0.0003305557       -0.0002619714       -0.0002256676       -0.0001897780
     -136.0000000000       -0.0005504562       -0.0005151752       -0.0004767023       -0.0003981657       -0.0003349240       -0.0002554064       -0.0002257678       -0.0001800386
     -135.0000000000       -0.0005343246       -0.0005196008       -0.0004708228       -0.0004066060       -0.0003395935       -0.0002546759       -0.0002160648       -0.0001690440
     -134.0000000000       -0.0005248290       -0.0005206773       -0.0004697304       -0.0004056115       -0.0003277737       -0.0002615336       -0.0001987297       -0.0001639694
     -133.0000000000       -0.0005409714       -0.0005148873       -0.0004658222       -0.0004083532       -0.0003271562       -0.0002588151       -0.0001922292       -0.0001630692
     -132.0000000000       -0.0005507211       -0.0005078961       -0.0004629475       -0.0004109001       -0.0003219733       -0.0002506372       -0.0001954857       -0.0001528173
     -131.0000000000       -0.0005546956       -0.0005043587       -0.0004640935       -0.0003884757       -0.0003141150       -0.0002414792       -0.0001914412       -0.0001357716
     -130.0000000000       -0.0005492415       -0.0005052000       -0.0004574883       -0.0003724083       -0.0002987587       -0.0002309672       -0.0001869041       -0.0001272812
     -129.0000000000       -0.0005473456       -0.0005140390       -0.0004493599       -0.0003605834       -0.0002920424       -0.0002132592       -0.0001714480       -0.0001258098
     -128.0000000000       -0.0005428950       -0.0005134300       -0.0004491593       -0.0003593609       -0.0002878873       -0.0002057365       -0.0001700557       -0.0001343543
     -127.0000000000       -0.0005301947       -0.0005092640       -0.0004561272       -0.0003604694       -0.0002850961       -0.0002044631       -0.0001661149       -0.0001203267
     -126.0000000000       -0.0005285833       -0.0005064433       -0.0004546785       -0.0003500768       -0.0002814431       -0.0002059821       -0.0001565767       -0.0001067561
     -125.0000000000       -0.0005420870       -0.0005111308       -0.0004543735       -0.0003581000       -0.0002756908       -0.0002008127       -0.0001526145       -0.0000977618
     -124.0000000000       -0.0005427707       -0.0005043593       -0.0004496424       -0.0003564215       -0.0002695985       -0.0001948615       -0.0001391641       -0.0000920505
     -123.0000000000       -0.0005398100       -0.0005083837       -0.0004384558       -0.0003431906       -0.0002559539       -0.0001887363       -0.0001323661       -0.0000905201
     -122.0000000000       -0.0005403827       -0.0005036497       -0.0004454646       -0.0003282557       -0.0002482349       -0.0001806531       -0.0001270238       -0.0000877634
     -121.0000000000       -0.0005428368       -0.0004960324       -0.0004412089       -0.0003172371       -0.0002530914       -0.0001743796       -0.0001273319       -0.0000792801
     -120.0000000000       -0.0005361140       -0.0004958487       -0.0004326199       -0.0003171091       -0.0002495372       -0.0001679759       -0.0001194543       -0.0000743856
     -119.0000000000       -0.0005368658       -0.0005047500       -0.0004242841       -0.0003269090       -0.0002398957       -0.0001602611       -0.0001098230       -0.0000586281
     -118.0000000000       -0.0005357442       -0.0004988173       -0.0004122197       -0.0003280740       -0.0002291697       -0.0001489350       -0.0000915465       -0.0000531447
     -117.0000000000       -0.0005328268       -0.0004969051       -0.0004103197       -0.0003048382       -0.0002194405       -0.0001432899       -0.0000906393       -0.0000511802
     -116.0000000000       -0.0005396741       -0.0004995065       -0.0004075494       -0.0003062391       -0.0002215702       -0.0001299539       -0.0000768219       -0.0000359574
     -115.0000000000       -0.0005483663       -0.0004998083       -0.0004062348       -0.0003128712       -0.0002072329       -0.0001252687       -0.0000751632       -0.0000287394
     -114.0000000000       -0.0005459352       -0.0004981789       -0.0003992176       -0.0003015652       -0.0001928930       -0.0001167936       -0.0000692662       -0.0000241092
     -113.0000000000       -0.0005425574       -0.0004920990       -0.0003907785       -0.0002929590       -0.0001808231       -0.0001163076       -0.0000618913       -0.0000145818
     -112.0000000000       -0.0005405569       -0.0004862540       -0.0003925686       -0.0002805182       -0.0001708949       -0.0001090781       -0.0000407649       -0.0000044139
     -111.0000000000       -0.0005442884       -0.0004939374       -0.0003932466       -0.0002607080       -0.0001653362       -0.0000896303       -0.0000389699        0.0000143904
     -110.0000000000       -0.0005399606       -0.0004910568       -0.0003857686       -0.0002576661       -0.0001657230       -0.0000754047       -0.0000370101        0.0000052769
     -109.0000000000       -0.0005396733       -0.0004938170       -0.0003840975       -0.0002581693       -0.0001557873       -0.0000684038       -0.0000284943        0.0000033337
     -108.0000000000       -0.0005408427       -0.0004842647       -0.0003707509       -0.0002558052       -0.0001372887       -0.0000590134       -0.0000249820        0.0000062014
     -107.0000000000       -0.0005472394       -0.0004788479       -0.0003732411       -0.0002382152       -0.0001279230       -0.0000579045       -0.0000119421        0.0000119261
     -106.0000000000       -0.0005360279       -0.0004731183       -0.0003715836       -0.0002296529       -0.0001168213       -0.0000573669       -0.0000019634        0.0000221165
     -105.0000000000       -0.0005392060       -0.0004791424       -0.0003698115       -0.0002305094       -0.0001021786       -0.0000525077        0.0000083783        0.0000377777
     -104.0000000000       -0.0005371823       -0.0004767965       -0.0003575913       -0.0002169847       -0.0000888538       -0.0000327205        0.0000253834        0.0000412805
     -103.0000000000       -0.0005405325       -0.0004700125       -0.0003552370       -0.0002093370       -0.0000869344       -0.0000251288        0.0000381465        0.0000430799
     -102.0000000000       -0.0005416116       -0.0004748274       -0.0003429240       -0.0002001097       -0.0000755751       -0.0000136775        0.0000498872        0.0000434903
     -101.0000000000       -0.0005298226       -0.0004766627       -0.0003357735       -0.0001846446       -0.0000730811        0.0000027400        0.0000506179        0.0000570904
     -100.0000000000       -0.0005403110       -0.0004708325       -0.0003246856       -0.0001768505       -0.0000562156        0.0000122602        0.0000565035        0.0000619736
      -99.0000000000       -0.0005517425       -0.0004672570       -0.0003312055       -0.0001659264       -0.0000462059        0.0000256425        0.0000660003        0.0000704724
      -98.0000000000       -0.0005473410       -0.0004682550       -0.0003210959       -0.0001485705       -0.0000396921        0.0000289889        0.0000647076        0.0000906889
      -97.0000000000       -0.0005368976       -0.0004672079       -0.0003092708       -0.0001404601       -0.0000368407        0.0000402056        0.0000705551        0.0001152559
      -96.0000000000       -0.0005356508       -0.0004565037       -0.0002971495       -0.0001379604       -0.0000230477        0.0000521606        0.0000850751        0.0001206208
      -95.0000000000       -0.0005323195       -0.0004470993       -0.0002954913       -0.0001154339       -0.0000017667        0.0000579194        0.0000959373        0.0001156675
      -94.0000000000       -0.0005423994       -0.0004554304       -0.0002782767       -0.0001010497        0.0000022571        0.0000674756        0.0001186159        0.0001256775
      -93.0000000000       -0.0005462888       -0.0004564986       -0.0002599479       -0.0000921447        0.0000027756        0.0000853375        0.0001378269        0.0001386526
      -92.0000000000       -0.0005379481       -0.0004443172       -0.0002530476       -0.0000868249        0.0000195657        0.0000866515        0.0001385611        0.0001445235
      -91.0000000000       -0.0005277351       -0.0004367831       -0.0002483663       -0.0000632124        0.0000399187        0.0000941576        0.0001466952        0.0001626935
      -90.0000000000       -0.0005347221       -0.0004364538       -0.0002376041       -0.0000454668        0.0000546232        0.0001134921        0.0001603487        0.0001718625
      -89.0000000000       -0.0005373928       -0.0004381129       -0.0002231299       -0.0000404272        0.0000639432        0.0001348638        0.0001723967        0.0001737532
      -88.0000000000       -0.0005367278       -0.0004295474       -0.0002020054       -0.0000245764        0.0000682310        0.0001496846        0.0001769543        0.0001863705
      -87.0000000000       -0.0005280594       -0.0004153324       -0.0001936540       -0.0000143367        0.0000792176        0.0001594190        0.0001792083        0.0001959809
      -86.0000000000       -0.0005323544       -0.0004130162       -0.0001801068       -0.0000029430        0.0000964273        0.0001711194        0.0001846112        0.0002022436
      -85.0000000000       -0.0005426913       -0.0004111890       -0.0001637572        0.0000011085        0.0001176218        0.0001820391        0.0001898247        0.0002060079
      -84.0000000000       -0.0005443012       -0.0003988491       -0.0001567037        0.0000250851        0.0001374756        0.0001835458        0.0001980301        0.0002044391
      -83.0000000000       -0.0005375717       -0.0003967963       -0.0001526581        0.0000509434        0.0001532468        0.0001841811        0.0002114305        0.0002181426
      -82.0000000000       -0.0005366495       -0.0003904727       -0.0001334784        0.0000680383        0.0001540978        0.0001962965        0.0002226815        0.0002360047
      -81.0000000000       -0.0005346693       -0.0003898320       -0.0001183554        0.0000805783        0.0001620783        0.0002187571        0.0002356684        0.0002416048
      -80.0000000000       -0.0005357788       -0.0003905137       -0.0001003726        0.0000909837        0.0001795138        0.0002349332        0.0002438164        0.0002536999
      -79.0000000000       -0.0005374004       -0.0003803259       -0.0000864207        0.0001122027        0.0001938530        0.0002370571        0.0002527159        0.0002735666
      -78.0000000000       -0.0005328942       -0.0003745864       -0.0000661157        0.0001237693        0.0002177697        0.0002472640        0.0002614786        0.0002788761
      -77.0000000000       -0.0005340706       -0.0003614350       -0.0000412449        0.0001467701        0.0002396957        0.0002678040        0.0002742010        0.0002775067
      -76.0000000000       -0.0005408928       -0.0003438561       -0.0000291257        0.0001571003        0.0002532117        0.0002826430        0.0002856767        0.0002852395
      -75.0000000000       -0.0005468549       -0.0003327334       -0.0000034957        0.0001704325        0.0002666872        0.0002861581        0.0002992562        0.0003028590
      -74.0000000000       -0.0005461859       -0.0003294222        0.0000178865        0.0001986916        0.0002859579        0.0002978146        0.0003069253        0.0003009362
      -73.0000000000       -0.0005476381       -0.0003197888        0.0000260183        0.0002101749        0.0003059219        0.0003097007        0.0003242362        0.0003078960
      -72.0000000000       -0.0005341845       -0.0003042675        0.0000421929        0.0002192861        0.0003178282        0.0003188730        0.0003350901        0.0003194283
      -71.0000000000       -0.0005293075       -0.0002927318        0.0000689738        0.0002498291        0.0003231455        0.0003370970        0.0003483769        0.0003253054
      -70.0000000000       -0.0005352935       -0.0002773998        0.0000914738        0.0002820340        0.0003416783        0.0003566051        0.0003585749        0.0003291749
      -69.0000000000       -0.0005420039       -0.0002600289        0.0001139734        0.0003034073        0.0003543770        0.0003710838        0.0003663570        0.0003399098
      -68.0000000000       -0.0005426011       -0.0002573939        0.0001341497        0.0003145628        0.0003661406        0.0003901524        0.0003810995        0.0003525811
      -67.0000000000       -0.0005295329       -0.0002345031        0.0001641292        0.0003296875        0.0003779006        0.0004032475        0.0003887299        0.0003557736
      -66.0000000000       -0.0005343138       -0.0002090181        0.0001929099        0.0003495727        0.0003998377        0.0004072594        0.0003952081        0.0003621805
      -65.0000000000       -0.0005438042       -0.0001896832        0.0002066386        0.0003802505        0.0004335568        0.0004182918        0.0003994529        0.0003777025
      -64.0000000000       -0.0005283741       -0.0001744053        0.0002272382        0.0003936670        0.0004543921        0.0004327640        0.0004048523        0.0003875356
      -63.0000000000       -0.0005304382       -0.0001524523        0.0002513677        0.0004141738        0.0004674100        0.0004490471        0.0004258938        0.0003867928
      -62.0000000000       -0.0005373360       -0.0001366474        0.0002755036        0.0004472893        0.0004768286        0.0004671272        0.0004368070        0.0004014925
      -61.0000000000       -0.0005342631       -0.0001175319        0.0003100658        0.0004653598        0.0004877142        0.0004778271        0.0004381745        0.0004157538
      -60.0000000000       -0.0005330544       -0.0000824945        0.0003394615        0.0004755525        0.0005095065        0.0004827116        0.0004524690        0.0004066298
      -59.0000000000       -0.0005338692       -0.0000502410        0.0003688150        0.0005002866        0.0005141267        0.0004947908        0.0004620784        0.0004247456
      -58.0000000000       -0.0005343839       -0.0000272134        0.0003918069        0.0005241952        0.0005295438        0.0005168493        0.0004682802        0.0004345191
      -57.0000000000       -0.0005412763       -0.0000064015        0.0004251885        0.0005527796        0.0005426617        0.0005243376        0.0004732428        0.0004368016
      -56.0000000000       -0.0005493360        0.0000233841        0.0004660599        0.0005749101        0.0005668252        0.0005369937        0.0004685408        0.0004433374
      -55.0000000000       -0.0005523490        0.0000568886        0.0004956858        0.0005986767        0.0005923632        0.0005468040        0.0004877957        0.0004601416
      -54.0000000000       -0.0005470809        0.0000990768        0.0005259653        0.0006275823        0.0006148315        0.0005578877        0.0005004525        0.0004680105
      -53.0000000000       -0.0005341225        0.0001371175        0.0005519976        0.0006423008        0.0006265074        0.0005664073        0.0005146552        0.0004693064
      -52.0000000000       -0.0005335524        0.0001726132        0.0005929028        0.0006588605        0.0006377651        0.0005783316        0.0005395864        0.0004814637
      -51.0000000000       -0.0005394128        0.0002050237        0.0006306421        0.0006796370        0.0006523913        0.0005970815        0.0005469783        0.0004824822
      -50.0000000000       -0.0005394001        0.0002455664        0.0006619550        0.0007055693        0.0006648460        0.0006282913        0.0005556040        0.0004966209
      -49.0000000000       -0.0005299098        0.0002904168        0.0006943869        0.0007292843        0.0006806543        0.0006281164        0.0005663014        0.0005105650
      -48.0000000000       -0.0005333279        0.0003360206        0.0007400509        0.0007655314        0.0007080277        0.0006239187        0.0005733491        0.0005177858
      -47.0000000000       -0.0005410221        0.0003940091        0.0007781315        0.0007834930        0.0007255730        0.0006348101        0.0005858866        0.0005240500
      -46.0000000000       -0.0005437255        0.0004357117        0.0008021085        0.0007976242        0.0007432895        0.0006571043        0.0005858275        0.0005320775
      -45.0000000000       -0.0005441662        0.0004887710        0.0008331277        0.0008293902        0.0007552922        0.0006657980        0.0005886728        0.0005355751
      -44.0000000000       -0.0005396533        0.0005380512        0.0008745012        0.0008531017        0.0007700990        0.0006770926        0.0006065123        0.0005388458
      -43.0000000000       -0.0005460705        0.0005928180        0.0009111118        0.0008665869        0.0007892741        0.0006976234        0.0006162318        0.0005503578
      -42.0000000000       -0.0005421522        0.0006593114        0.0009414514        0.0008779519        0.0008103693        0.0007094866        0.0006200841        0.0005571359
      -41.0000000000       -0.0005289939        0.0007184386        0.0009708895        0.0009093002        0.0008180643        0.0007129658        0.0006250069        0.0005538737
      -40.0000000000       -0.0005248048        0.0007812014        0.0010148999        0.0009287471        0.0008277071        0.0007227401        0.0006391486        0.0005627409
      -39.0000000000       -0.0005328358        0.0008569841        0.0010447025        0.0009481322        0.0008474384        0.0007345721        0.0006494753        0.0005749997
      -38.0000000000       -0.0005376211        0.0009269782        0.0010842051        0.0009813257        0.0008591243        0.0007438485        0.0006562106        0.0005761103
      -37.0000000000       -0.0005395146        0.0009930766        0.0011198472        0.0010104409        0.0008727527        0.0007469465        0.0006582772        0.0005860401
      -36.0000000000       -0.0005368807        0.0010611447        0.0011577293        0.0010341499        0.0008833528        0.0007681391        0.0006677198        0.0005906005
      -35.0000000000       -0.0005265548        0.0011357292        0.0012000326        0.0010529361        0.0008987414        0.0007904315        0.0006725717        0.0005886213
      -34.0000000000       -0.0005358059        0.0012020078        0.0012366863        0.0010783661        0.0009094264        0.0007782879        0.0006822120        0.0005915888
      -33.0000000000       -0.0005426956        0.0012638563        0.0012715493        0.0011002181        0.0009221105        0.0007889300        0.0006957327        0.0006029868
      -32.0000000000       -0.0005363303        0.0013489811        0.0013115741        0.0011106780        0.0009397265        0.0008039125        0.0006956220        0.0006125832
      -31.0000000000       -0.0005388002        0.0014355513        0.0013486461        0.0011216009        0.0009521110        0.0008104488        0.0007008121        0.0006072031
      -30.0000000000       -0.0005441444        0.0015069095        0.0013909651        0.0011458316        0.0009647326        0.0008164844        0.0007153396        0.0006117722
      -29.0000000000       -0.0005461478        0.0015939709        0.0014247472        0.0011767214        0.0009801562        0.0008328210        0.0007107978        0.0006210166
      -28.0000000000       -0.0005486179        0.0016748104        0.0014567722        0.0011961066        0.0010005514        0.0008383880        0.0007089547        0.0006321815
      -27.0000000000       -0.0005453825        0.0017660756        0.0014932912        0.0012117231        0.0010231552        0.0008449499        0.0007326780        0.0006298078
      -26.0000000000       -0.0005349945        0.0018580878        0.0015210843        0.0012281023        0.0010254052        0.0008530953        0.0007430112        0.0006365683
      -25.0000000000       -0.0005216407        0.0019284873        0.0015544601        0.0012429153        0.0010306161        0.0008705192        0.0007377468        0.0006398078
      -24.0000000000       -0.0005184714        0.0020063910        0.0015882452        0.0012587340        0.0010445565        0.0008820520        0.0007333743        0.0006513536
      -23.0000000000       -0.0005256969        0.0020903067        0.0016216329        0.0012768045        0.0010488736        0.0008811247        0.0007439833        0.0006650354
      -22.0000000000       -0.0005227463        0.0021638305        0.0016559519        0.0012944598        0.0010524421        0.0008829261        0.0007504538        0.0006654901
      -21.0000000000       -0.0005280209        0.0022442600        0.0016814015        0.0013120375        0.0010560339        0.0008875393        0.0007631696        0.0006669845
      -20.0000000000       -0.0005255857        0.0023307451        0.0017038749        0.0013207364        0.0010664666        0.0009035354        0.0007698680        0.0006685616
      -19.0000000000       -0.0005064766        0.0024107637        0.0017283883        0.0013333044        0.0010866505        0.0008991549        0.0007822557        0.0006754215
      -18.0000000000       -0.0005017631        0.0024915908        0.0017566116        0.0013595313        0.0010968304        0.0009078621        0.0007833984        0.0006748410
      -17.0000000000       -0.0005019842        0.0025657021        0.0017766926        0.0013678223        0.0011094817        0.0009156843        0.0007826390        0.0006819095
      -16.0000000000       -0.0004991909        0.0026476611        0.0018053825        0.0013695893        0.0011113311        0.0009274300        0.0007795288        0.0006927028
      -15.0000000000       -0.0004981381        0.0027208337        0.0018223302        0.0013858946        0.0011209432        0.0009390693        0.0007876908        0.0006846353
      -14.0000000000       -0.0004841711        0.0027846770        0.0018438844        0.0013941420        0.0011311551        0.0009469876        0.0008017417        0.0006934916
      -13.0000000000       -0.0004684538        0.0028497834        0.0018608845        0.0014011694        0.0011312358        0.0009547908        0.0008039990        0.0006947298
      -12.0000000000       -0.0004523296        0.0029086359        0.0018850500        0.0014159127        0.0011353748        0.0009482318        0.0008085964        0.0007012428
      -11.0000000000       -0.0004307437        0.0029723289        0.0019158539        0.0014324367        0.0011279611        0.0009437914        0.0008181076        0.0006999125
      -10.0000000000       -0.0004057605        0.0030262257        0.0019303817        0.0014428714        0.0011372290        0.0009504013        0.0008157260        0.0006976028
       -9.0000000000       -0.0003682010        0.0030724394        0.0019373811        0.0014460837        0.0011392204        0.0009535842        0.0008104163        0.0006936708
       -8.0000000000       -0.0003041200        0.0031114774        0.0019569170        0.0014609833        0.0011482489        0.0009506731        0.0008116610        0.0006916974
       -7.0000000000       -0.0001974762        0.0031526311        0.0019847141        0.0014719667        0.0011602100        0.0009495608        0.0008224236        0.0006908459
       -6.0000000000       -0.0000330493        0.0031962862        0.0019918326        0.0014691218        0.0011658355        0.0009548701        0.0008148826        0.0007007531
       -5.0000000000        0.0002819525        0.0032229404        0.0019960352        0.0014739634        0.0011652522        0.0009640184        0.0008078710        0.0007023003
       -4.0000000000        0.0009339100        0.0032519922        0.0020063721        0.0014719338        0.0011725251        0.0009804520        0.0008129023        0.0006994188
       -3.0000000000        0.0025726915        0.0032709044        0.0020138016        0.0014725819        0.0011599995        0.0009797375        0.0008232700        0.0007080880
       -2.0000000000        0.0083316047        0.0032839603        0.0020156727        0.0014742484        0.0011637064        0.0009726187        0.0008260203        0.0007051887
       -1.0000000000        0.0523185025        0.0032828192        0.0020203787        0.0014757935        0.0011721214        0.0009605246        0.0008204016        0.0007020188
        0.0000000000        0.1370975677        0.0032820896        0.0020233517        0.0014817622        0.0011683114        0.0009684003        0.0008164722        0.0007058329
        1.0000000000        0.0523185025        0.0032859473        0.0020217855        0.0014732857        0.0011597438        0.0009698875        0.0008131425        0.0007082050
        2.0000000000        0.0083316047        0.0032688145        0.0020212123        0.0014682465        0.0011561060        0.0009656282        0.0008186410        0.0007037777
        3.0000000000        0.0025726915        0.0032583087        0.0020206671        0.0014686666        0.0011654995        0.0009650416        0.0008212122        0.0006895714
        4.0000000000        0.0009339100        0.0032362762        0.0020095323        0.0014766191        0.0011753577        0.0009667211        0.0008196935        0.0006850351
        5.0000000000        0.0002819525        0.0032175027        0.0020046856        0.0014725888        0.0011707136        0.0009609931        0.0008149458        0.0006937726
        6.0000000000       -0.0000330493        0.0031962758        0.0019944998        0.0014665530        0.0011616044        0.0009585628        0.0008191404        0.0006987157
        7.0000000000       -0.0001974762        0.0031591791        0.0019761061        0.0014600689        0.0011575354        0.0009562560        0.0008225453        0.0006988958
        8.0000000000       -0.0003041200        0.0031221246        0.0019634383        0.0014495954        0.0011600371        0.0009541369        0.0008092825        0.0007093354
        9.0000000000       -0.0003682010        0.0030724748        0.0019514047        0.0014470568        0.0011655377        0.0009617455        0.0007977938        0.0007077303
       10.0000000000       -0.0004057605        0.0030171219        0.0019370806        0.0014450371        0.0011576181        0.0009543682        0.0008040703        0.0006973128
       11.0000000000       -0.0004307437        0.0029659230        0.0019182694        0.0014332233        0.0011478841        0.0009448565        0.0008045848        0.0006950784
       12.0000000000       -0.0004523296        0.0029076780        0.0018988243        0.0014236747        0.0011355631        0.0009447110        0.0008017003        0.0006975387
       13.0000000000       -0.0004684538        0.0028464812        0.0018815636        0.0014124298        0.0011360658        0.0009373989        0.0007942109        0.0007002449
       14.0000000000       -0.0004841711        0.0027866468        0.0018605222        0.0014044049        0.0011289401        0.0009345896        0.0008046577        0.0006890581
       15.0000000000       -0.0004981381        0.0027125286        0.0018271605        0.0013817881        0.0011159099        0.0009358792        0.0007900107        0.0006793112
       16.0000000000       -0.0004991909        0.0026453032        0.0018047680        0.0013669262        0.0011094068        0.0009371223        0.0007878637        0.0006832326
       17.0000000000       -0.0005019842        0.0025768456        0.0017884860        0.0013680791        0.0011022416        0.0009328992        0.0007846966        0.0006778162
       18.0000000000       -0.0005017631        0.0024977510        0.0017643576        0.0013617113        0.0010888478        0.0009185320        0.0007822520        0.0006800603
       19.0000000000       -0.0005064766        0.0024165405        0.0017338930        0.0013448311        0.0010847973        0.0009088220        0.0007832014        0.0006732254
       20.0000000000       -0.0005255857        0.0023282347        0.0017084517        0.0013283593        0.0010756488        0.0009063561        0.0007736268        0.0006607272
       21.0000000000       -0.0005280209        0.0022551493        0.0016787578        0.0013102877        0.0010682425        0.0009018145        0.0007615526        0.0006651050
       22.0000000000       -0.0005227463        0.0021715612        0.0016468292        0.0012869659        0.0010521501        0.0008979009        0.0007606062        0.0006632181
       23.0000000000       -0.0005256969        0.0020861457        0.0016289296        0.0012729386        0.0010435277        0.0008843347        0.0007513028        0.0006541753
       24.0000000000       -0.0005184714        0.0020061285        0.0015900257        0.0012612315        0.0010308165        0.0008688786        0.0007579203        0.0006494175
       25.0000000000       -0.0005216407        0.0019234784        0.0015561325        0.0012421707        0.0010120341        0.0008637135        0.0007557656        0.0006435283
       26.0000000000       -0.0005349945        0.0018363008        0.0015214274        0.0012265231        0.0010043653        0.0008599686        0.0007408420        0.0006446041
       27.0000000000       -0.0005453825        0.0017519858        0.0014838852        0.0012048861        0.0009922732        0.0008545846        0.0007337410        0.0006402472
       28.0000000000       -0.0005486179        0.0016701409        0.0014537810        0.0011818315        0.0009828117        0.0008475888        0.0007248073        0.0006361982
       29.0000000000       -0.0005461478        0.0015960191        0.0014306185        0.0011644927        0.0009712489        0.0008404072        0.0007159730        0.0006230625
       30.0000000000       -0.0005441444        0.0015150463        0.0013948650        0.0011456692        0.0009555881        0.0008322301        0.0007069210        0.0006133077
       31.0000000000       -0.0005388002        0.0014272232        0.0013585170        0.0011224079        0.0009479821        0.0008258100        0.0007043110        0.0006124943
       32.0000000000       -0.0005363303        0.0013498941        0.0013181778        0.0011052117        0.0009362451        0.0008044383        0.0007075539        0.0006173276
       33.0000000000       -0.0005426956        0.0012726582        0.0012775358        0.0010979350        0.0009288921        0.0007917747        0.0006990912        0.0006161421
       34.0000000000       -0.0005358059        0.0011948338        0.0012377212        0.0010740505        0.0009184730        0.0007913043        0.0006923422        0.0006021432
       35.0000000000       -0.0005265548        0.0011320642        0.0011973723        0.0010414213        0.0009041361        0.0007861687        0.0006822550        0.0005980411
       36.0000000000       -0.0005368807        0.0010596870        0.0011556962        0.0010232237        0.0008902228        0.0007665980        0.0006754415        0.0005913789
       37.0000000000       -0.0005395146        0.0009857638        0.0011282587        0.0010011966        0.0008824878        0.0007582577        0.0006603125        0.0005861654
       38.0000000000       -0.0005376211        0.0009129549        0.0010918358        0.0009777970        0.0008572093        0.0007504948        0.0006568141        0.0005706951
       39.0000000000       -0.0005328358        0.0008514125        0.0010526360        0.0009613389        0.0008453016        0.0007378524        0.0006445694        0.0005622168
       40.0000000000       -0.0005248048        0.0007785647        0.0010121365        0.0009405711        0.0008299436        0.0007289671        0.0006273933        0.0005639615
       41.0000000000       -0.0005289939        0.0007077421        0.0009729809        0.0009303871        0.0008189253        0.0007134649        0.0006235127        0.0005539556
       42.0000000000       -0.0005421522        0.0006506401        0.0009319330        0.0009098049        0.0007954154        0.0006993380        0.0006154484        0.0005502831
       43.0000000000       -0.0005460705        0.0005872945        0.0008877283        0.0008767041        0.0007795174        0.0006960796        0.0006074407        0.0005520705
       44.0000000000       -0.0005396533        0.0005298912        0.0008588454        0.0008503944        0.0007744509        0.0006890361        0.0005995848        0.0005431498
       45.0000000000       -0.0005441662        0.0004761185        0.0008334738        0.0008268196        0.0007728071        0.0006732892        0.0005930491        0.0005342249
       46.0000000000       -0.0005437255        0.0004259282        0.0007985285        0.0008004471        0.0007503853        0.0006528487        0.0005910295        0.0005329171
       47.0000000000       -0.0005410221        0.0003804364        0.0007589791        0.0007732880        0.0007259951        0.0006358701        0.0005838280        0.0005234946
       48.0000000000       -0.0005333279        0.0003421491        0.0007307716        0.0007520774        0.0007045847        0.0006224958        0.0005746940        0.0005186983
       49.0000000000       -0.0005299098        0.0003059092        0.0006939298        0.0007332852        0.0006881737        0.0006114947        0.0005639600        0.0005165361
       50.0000000000       -0.0005394001        0.0002621208        0.0006547382        0.0007092579        0.0006607570        0.0006055719        0.0005400635        0.0004946162
       51.0000000000       -0.0005394128        0.0002100565        0.0006228872        0.0006868343        0.0006421706        0.0005997306        0.0005273856        0.0004796725
       52.0000000000       -0.0005335524        0.0001607951        0.0005923773        0.0006579712        0.0006275054        0.0005822624        0.0005335249        0.0004801925
       53.0000000000       -0.0005341225        0.0001270337        0.0005603174        0.0006307822        0.0006152915        0.0005669521        0.0005294151        0.0004759475
       54.0000000000       -0.0005470809        0.0000903573        0.0005131885        0.0006184036        0.0006027895        0.0005505832        0.0005144413        0.0004644635
       55.0000000000       -0.0005523490        0.0000531395        0.0004855810        0.0006011011        0.0005854229        0.0005462603        0.0004992590        0.0004517954
       56.0000000000       -0.0005493360        0.0000195329        0.0004602026        0.0005675289        0.0005710204        0.0005369643        0.0004957135        0.0004427890
       57.0000000000       -0.0005412763       -0.0000027246        0.0004327669        0.0005421076        0.0005620596        0.0005295877        0.0004828320        0.0004360367
       58.0000000000       -0.0005343839       -0.0000277581        0.0004051487        0.0005262100        0.0005491471        0.0005226622        0.0004628677        0.0004280439
       59.0000000000       -0.0005338692       -0.0000463223        0.0003751726        0.0005080101        0.0005316983        0.0005034577        0.0004621797        0.0004280121
       60.0000000000       -0.0005330544       -0.0000651606        0.0003508937        0.0004891066        0.0005118882        0.0004760095        0.0004472319        0.0004179944
       61.0000000000       -0.0005342631       -0.0000939347        0.0003230452        0.0004626189        0.0004980355        0.0004595263        0.0004289449        0.0004110300
       62.0000000000       -0.0005373360       -0.0001335904        0.0002931283        0.0004402310        0.0004861317        0.0004501584        0.0004221874        0.0004043327
       63.0000000000       -0.0005304382       -0.0001632084        0.0002551422        0.0004198172        0.0004597238        0.0004396523        0.0004167674        0.0004010391
       64.0000000000       -0.0005283741       -0.0001763263        0.0002327510        0.0004003944        0.0004391938        0.0004298923        0.0004042332        0.0003905081
       65.0000000000       -0.0005438042       -0.0001883872        0.0002155659        0.0003802458        0.0004139818        0.0004230656        0.0003956707        0.0003787233
       66.0000000000       -0.0005343138       -0.0002075492        0.0001764507        0.0003609655        0.0003962940        0.0004116081        0.0003911566        0.0003603758
       67.0000000000       -0.0005295329       -0.0002214672        0.0001453377        0.0003384413        0.0003737593        0.0003915481        0.0003808852        0.0003671219
       68.0000000000       -0.0005426011       -0.0002369452        0.0001332062        0.0003105100        0.0003645073        0.0003866695        0.0003703013        0.0003702129
       69.0000000000       -0.0005420039       -0.0002554535        0.0001130971        0.0002915698        0.0003537568        0.0003819810        0.0003686041        0.0003573851
       70.0000000000       -0.0005352935       -0.0002723882        0.0000976216        0.0002677772        0.0003398509        0.0003609913        0.0003543618        0.0003423953
       71.0000000000       -0.0005293075       -0.0002797796        0.0000758428        0.0002486114        0.0003263183        0.0003499107        0.0003456128        0.0003250233
       72.0000000000       -0.0005341845       -0.0002979154        0.0000477599        0.0002288952        0.0003017781        0.0003297469        0.0003326620        0.0003039062
       73.0000000000       -0.0005476381       -0.0003194181        0.0000329362        0.0002169934        0.0002862176        0.0003109283        0.0003138940        0.0003020090
       74.0000000000       -0.0005461859       -0.0003347546        0.0000162564        0.0002000720        0.0002813348        0.0002915385        0.0002990589        0.0002968832
       75.0000000000       -0.0005468549       -0.0003440348        0.0000015177        0.0001779957        0.0002618884        0.0002878813        0.0002824943        0.0002901110
       76.0000000000       -0.0005408928       -0.0003458149       -0.0000285015        0.0001665965        0.0002488126        0.0002859213        0.0002759008        0.0002849062
       77.0000000000       -0.0005340706       -0.0003547882       -0.0000609557        0.0001554456        0.0002309690        0.0002665829        0.0002747882        0.0002773564
       78.0000000000       -0.0005328942       -0.0003708251       -0.0000767231        0.0001276748        0.0002191086        0.0002605356        0.0002645091        0.0002632974
       79.0000000000       -0.0005374004       -0.0003727973       -0.0000794561        0.0001148698        0.0002002501        0.0002570593        0.0002511514        0.0002510188
       80.0000000000       -0.0005357788       -0.0003698171       -0.0000858660        0.0000848275        0.0001863577        0.0002353627        0.0002443461        0.0002517959
       81.0000000000       -0.0005346693       -0.0003768798       -0.0001101121        0.0000619214        0.0001750744        0.0002239641        0.0002456964        0.0002449238
       82.0000000000       -0.0005366495       -0.0003946812       -0.0001196274        0.0000443768        0.0001649712        0.0002147145        0.0002414862        0.0002280667
       83.0000000000       -0.0005375717       -0.0004057318       -0.0001398387        0.0000381150        0.0001553645        0.0001977542        0.0002192494        0.0002185489
       84.0000000000       -0.0005443012       -0.0004048319       -0.0001512738        0.0000293559        0.0001345709        0.0001808792        0.0002058100        0.0002239507
       85.0000000000       -0.0005426913       -0.0004127515       -0.0001659625        0.0000133882        0.0001166449        0.0001662432        0.0002000925        0.0002172706
       86.0000000000       -0.0005323544       -0.0004119285       -0.0001867092       -0.0000122387        0.0001083479        0.0001603655        0.0001876307        0.0002020959
       87.0000000000       -0.0005280594       -0.0004178929       -0.0002104010       -0.0000259320        0.0000951992        0.0001436624        0.0001782785        0.0001974654
       88.0000000000       -0.0005367278       -0.0004286581       -0.0002236279       -0.0000310376        0.0000828519        0.0001257583        0.0001810105        0.0001861865
       89.0000000000       -0.0005373928       -0.0004327989       -0.0002226068       -0.0000367989        0.0000712239        0.0001172274        0.0001715721        0.0001828108
       90.0000000000       -0.0005347221       -0.0004359569       -0.0002291152       -0.0000556833        0.0000536987        0.0001167353        0.0001491723        0.0001830011
       91.0000000000       -0.0005277351       -0.0004438631       -0.0002434158       -0.0000661094        0.0000408416        0.0001025539        0.0001329171        0.0001688737
       92.0000000000       -0.0005379481       -0.0004441796       -0.0002561415       -0.0000830995        0.0000361789        0.0001005763        0.0001274274        0.0001505871
       93.0000000000       -0.0005462888       -0.0004476924       -0.0002623185       -0.0001043497        0.0000210327        0.0000888464        0.0001133170        0.0001338431
       94.0000000000       -0.0005423994       -0.0004576376       -0.0002803277       -0.0001117952        0.0000106936        0.0000761638        0.0001097868        0.0001325489
       95.0000000000       -0.0005323195       -0.0004583801       -0.0002871437       -0.0001153761       -0.0000047820        0.0000664420        0.0001017590        0.0001292380
       96.0000000000       -0.0005356508       -0.0004574691       -0.0002832484       -0.0001125289       -0.0000226419        0.0000467147        0.0000963725        0.0001187360
       97.0000000000       -0.0005368976       -0.0004626067       -0.0003010103       -0.0001238323       -0.0000382242        0.0000336635        0.0000873544        0.0001069843
       98.0000000000       -0.0005473410       -0.0004696152       -0.0003041806       -0.0001605293       -0.0000467487        0.0000205279        0.0000819879        0.0000907431
       99.0000000000       -0.0005517425       -0.0004757138       -0.0003124267       -0.0001748601       -0.0000442840        0.0000162535        0.0000770604        0.0000791704
      100.0000000000       -0.0005403110       -0.0004701791       -0.0003217168       -0.0001765944       -0.0000496005        0.0000018739        0.0000635225        0.0000739554
      101.0000000000       -0.0005298226       -0.0004621226       -0.0003343250       -0.0001921058       -0.0000684044       -0.0000060136        0.0000539611        0.0000728596
      102.0000000000       -0.0005416116       -0.0004625227       -0.0003492877       -0.0002005587       -0.0000802260       -0.0000134620        0.0000378652        0.0000621715
      103.0000000000       -0.0005405325       -0.0004654690       -0.0003497173       -0.0002016407       -0.0000928646       -0.0000165281        0.0000341469        0.0000569252
      104.0000000000       -0.0005371823       -0.0004796546       -0.0003525561       -0.0002147040       -0.0001072883       -0.0000220483        0.0000301506        0.0000545106
      105.0000000000       -0.0005392060       -0.0004760055       -0.0003573221       -0.0002202194       -0.0001168105       -0.0000310697        0.0000195603        0.0000539937
      106.0000000000       -0.0005360279       -0.0004745833       -0.0003530159       -0.0002300888       -0.0001189857       -0.0000501569        0.0000098906        0.0000407555
      107.0000000000       -0.0005472394       -0.0004821156       -0.0003552102       -0.0002377096       -0.0001199431       -0.0000559507       -0.0000103101        0.0000263177
      108.0000000000       -0.0005408427       -0.0004857565       -0.0003601073       -0.0002438131       -0.0001381319       -0.0000543137       -0.0000204001        0.0000101641
      109.0000000000       -0.0005396733       -0.0004929314       -0.0003663423       -0.0002571817       -0.0001552702       -0.0000660549       -0.0000241503       -0.0000048706
      110.0000000000       -0.0005399606       -0.0005014249       -0.0003736868       -0.0002609733       -0.0001696678       -0.0000862017       -0.0000213353       -0.0000027194
      111.0000000000       -0.0005442884       -0.0005000971       -0.0003829166       -0.0002751601       -0.0001723936       -0.0000951258       -0.0000292002        0.0000028811
      112.0000000000       -0.0005405569       -0.0004964789       -0.0003985349       -0.0002806768       -0.0001676338       -0.0001120298       -0.0000440701       -0.0000027133
      113.0000000000       -0.0005425574       -0.0004941707       -0.0004060913       -0.0002859928       -0.0001748924       -0.0001088171       -0.0000598285       -0.0000172713
      114.0000000000       -0.0005459352       -0.0004953945       -0.0004052213       -0.0002928468       -0.0001944537       -0.0001112635       -0.0000684770       -0.0000324726
      115.0000000000       -0.0005483663       -0.0004979003       -0.0004140283       -0.0003022426       -0.0002093078       -0.0001189463       -0.0000765925       -0.0000423277
      116.0000000000       -0.0005396741       -0.0004988331       -0.0004179415       -0.0003131028       -0.0002209146       -0.0001334679       -0.0000678354       -0.0000486803
      117.0000000000       -0.0005328268       -0.0004958947       -0.0004274025       -0.0003224003       -0.0002257873       -0.0001402133       -0.0000729569       -0.0000511116
      118.0000000000       -0.0005357442       -0.0005015272       -0.0004260301       -0.0003251554       -0.0002248248       -0.0001426186       -0.0000782629       -0.0000436266
      119.0000000000       -0.0005368658       -0.0004997019       -0.0004262836       -0.0003254460       -0.0002363912       -0.0001505531       -0.0000894080       -0.0000590282
      120.0000000000       -0.0005361140       -0.0004984285       -0.0004380868       -0.0003270751       -0.0002411263       -0.0001554710       -0.0000966914       -0.0000778027
      121.0000000000       -0.0005428368       -0.0004965090       -0.0004287729       -0.0003297202       -0.0002375012       -0.0001551766       -0.0001125307       -0.0000865974
      122.0000000000       -0.0005403827       -0.0005020495       -0.0004334344       -0.0003218267       -0.0002503011       -0.0001653822       -0.0001252544       -0.0000831893
      123.0000000000       -0.0005398100       -0.0004991725       -0.0004373125       -0.0003324421       -0.0002673810       -0.0001796357       -0.0001356761       -0.0000813342
      124.0000000000       -0.0005427707       -0.0005002325       -0.0004418058       -0.0003464146       -0.0002846256       -0.0001878111       -0.0001477716       -0.0000834734
      125.0000000000       -0.0005420870       -0.0005031773       -0.0004484338       -0.0003586963       -0.0002814529       -0.0002011910       -0.0001477985       -0.0000948045
      126.0000000000       -0.0005285833       -0.0004952927       -0.0004614358       -0.0003683333       -0.0002790475       -0.0002115507       -0.0001487479       -0.0001061382
      127.0000000000       -0.0005301947       -0.0004942985       -0.0004579832       -0.0003730508       -0.0002806716       -0.0002192856       -0.0001568391       -0.0001176773
      128.0000000000       -0.0005428950       -0.0004917446       -0.0004546028       -0.0003673705       -0.0002902811       -0.0002333044       -0.0001617483       -0.0001234116
      129.0000000000       -0.0005473456       -0.0004945819       -0.0004521903       -0.0003725147       -0.0003002286       -0.0002328538       -0.0001649930       -0.0001360326
      130.0000000000       -0.0005492415       -0.0005027657       -0.0004531343       -0.0003709758       -0.0003056992       -0.0002298670       -0.0001712526       -0.0001438456
      131.0000000000       -0.0005546956       -0.0005075354       -0.0004557182       -0.0003743170       -0.0003119058       -0.0002334115       -0.0001821068       -0.0001497203
      132.0000000000       -0.0005507211       -0.0005081434       -0.0004569624       -0.0003777042       -0.0003126318       -0.0002439116       -0.0001850921       -0.0001610336
      133.0000000000       -0.0005409714       -0.0005035977       -0.0004575302       -0.0003865450       -0.0003213597       -0.0002574836       -0.0001942106       -0.0001635637
      134.0000000000       -0.0005248290       -0.0005167774       -0.0004704067       -0.0003936328       -0.0003320962       -0.0002643090       -0.0001934004       -0.0001659905
      135.0000000000       -0.0005343246       -0.0005114674       -0.0004764471       -0.0004012690       -0.0003353675       -0.0002602306       -0.0001968067       -0.0001660352
      136.0000000000       -0.0005504562       -0.0005157486       -0.0004713777       -0.0004059017       -0.0003401827       -0.0002594309       -0.0002089246       -0.0001618312
      137.0000000000       -0.0005469470       -0.0005163903       -0.0004709849       -0.0004114239       -0.0003494635       -0.0002655513       -0.0002234799       -0.0001725571
      138.0000000000       -0.0005403020       -0.0005205203       -0.0004720514       -0.0004185686       -0.0003436587       -0.0002737344       -0.0002337789       -0.0001872247
      139.0000000000       -0.0005325219       -0.0005186380       -0.0004716861       -0.0004246693       -0.0003378524       -0.0002864191       -0.0002413569       -0.0001980764
      140.0000000000       -0.0005279290       -0.0005097293       -0.0004776638       -0.0004191878       -0.0003423115       -0.0002832545       -0.0002411291       -0.0002047224
      141.0000000000       -0.0005347834       -0.0005200688       -0.0004772205       -0.0004151317       -0.0003536670       -0.0002902428       -0.0002489252       -0.0002032876
      142.0000000000       -0.0005348771       -0.0005243915       -0.0004729281       -0.0004221474       -0.0003650934       -0.0002980679       -0.0002502593       -0.0002029048
      143.0000000000       -0.0005336414       -0.0005235942       -0.0004716538       -0.0004257453       -0.0003675061       -0.0003035050       -0.0002553019       -0.0002068703
      144.0000000000       -0.0005426714       -0.0005254141       -0.0004830947       -0.0004289669       -0.0003696158       -0.0003029654       -0.0002593082       -0.0002080978
      145.0000000000       -0.0005428180       -0.0005236176       -0.0004871544       -0.0004293857       -0.0003725557       -0.0003086489       -0.0002757864       -0.0002089309
      146.0000000000       -0.0005508769       -0.0005262284       -0.0004785634       -0.0004287201       -0.0003794855       -0.0003121641       -0.0002791012       -0.0002185671
      147.0000000000       -0.0005491197       -0.0005165850       -0.0004772650       -0.0004354071       -0.0003797606       -0.0003143040       -0.0002760454       -0.0002295574
      148.0000000000       -0.0005379540       -0.0005112759       -0.0004847290       -0.0004544648       -0.0003711264       -0.0003274354       -0.0002830731       -0.0002279592
      149.0000000000       -0.0005380850       -0.0005144642       -0.0004965228       -0.0004534708       -0.0003865214       -0.0003351647       -0.0002878816       -0.0002319085
      150.0000000000       -0.0005314572       -0.0005182800       -0.0004936625       -0.0004540911       -0.0003969048       -0.0003387666       -0.0002929020       -0.0002378440
      151.0000000000       -0.0005322567       -0.0005123775       -0.0004790600       -0.0004535308       -0.0003912787       -0.0003500784       -0.0002907502       -0.0002511752
      152.0000000000       -0.0005469737       -0.0005208360       -0.0004818352       -0.0004451436       -0.0003964321       -0.0003510693       -0.0002979453       -0.0002632858
      153.0000000000       -0.0005437717       -0.0005235421       -0.0004845577       -0.0004448196       -0.0004057590       -0.0003467184       -0.0003026080       -0.0002660251
      154.0000000000       -0.0005391595       -0.0005206524       -0.0004826001       -0.0004603525       -0.0004132302       -0.0003525495       -0.0003137205       -0.0002658941
      155.0000000000       -0.0005437471       -0.0005139574       -0.0004871689       -0.0004651616       -0.0004144253       -0.0003653949       -0.0003132324       -0.0002661066
      156.0000000000       -0.0005508626       -0.0005191741       -0.0004888007       -0.0004577646       -0.0004073808       -0.0003598732       -0.0003083370       -0.0002734789
      157.0000000000       -0.0005412877       -0.0005228933       -0.0004912501       -0.0004483637       -0.0004053499       -0.0003619635       -0.0003155523       -0.0002768356
      158.0000000000       -0.0005326940       -0.0005291387       -0.0004969703       -0.0004434806       -0.0004108120       -0.0003741503       -0.0003263227       -0.0002771897
      159.0000000000       -0.0005316969       -0.0005259534       -0.0005010884       -0.0004497881       -0.0004182835       -0.0003711517       -0.0003325630       -0.0002851328
      160.0000000000       -0.0005406883       -0.0005250918       -0.0004917401       -0.0004598119       -0.0004250571       -0.0003711785       -0.0003267620       -0.0002919214
      161.0000000000       -0.0005375301       -0.0005287114       -0.0004929397       -0.0004613511       -0.0004244536       -0.0003861504       -0.0003263452       -0.0002987743
      162.0000000000       -0.0005269959       -0.0005137949       -0.0004981506       -0.0004639014       -0.0004260443       -0.0003881839       -0.0003326681       -0.0003087332
      163.0000000000       -0.0005387440       -0.0005144501       -0.0005052977       -0.0004719343       -0.0004267315       -0.0003880740       -0.0003423809       -0.0003087723
      164.0000000000       -0.0005376868       -0.0005307935       -0.0005037388       -0.0004694030       -0.0004330212       -0.0004005309       -0.0003505153       -0.0003010673
      165.0000000000       -0.0005296339       -0.0005303358       -0.0005063066       -0.0004772956       -0.0004464998       -0.0004137106       -0.0003519749       -0.0003098420
      166.0000000000       -0.0005357997       -0.0005291027       -0.0005099278       -0.0004813432       -0.0004410055       -0.0004084635       -0.0003435332       -0.0003118125
      167.0000000000       -0.0005389681       -0.0005401204       -0.0005105292       -0.0004816956       -0.0004383279       -0.0004000741       -0.0003472401       -0.0003177384
      168.0000000000       -0.0005367873       -0.0005404286       -0.0005103354       -0.0004811009       -0.0004317477       -0.0004037294       -0.0003493434       -0.0003180049
      169.0000000000       -0.0005365331       -0.0005395706       -0.0005090315       -0.0004762356       -0.0004331698       -0.0003993390       -0.0003649401       -0.0003255680
      170.0000000000       -0.0005424330       -0.0005334324       -0.0005069459       -0.0004776237       -0.0004404129       -0.0004027810       -0.0003744885       -0.0003191154
      171.0000000000       -0.0005459515       -0.0005264674       -0.0005118887       -0.0004776171       -0.0004415149       -0.0004119829       -0.0003699616       -0.0003222906
      172.0000000000       -0.0005339365       -0.0005291357       -0.0005139713       -0.0004707934       -0.0004419468       -0.0004121947       -0.0003756105       -0.0003360292
      173.0000000000       -0.0005286545       -0.0005287844       -0.0005162782       -0.0004838176       -0.0004457122       -0.0004192400       -0.0003777695       -0.0003308828
      174.0000000000       -0.0005430851       -0.0005300495       -0.0005056712       -0.0004968735       -0.0004569103       -0.0004219681       -0.0003772124       -0.0003298258
      175.0000000000       -0.0005409247       -0.0005197837       -0.0005083615       -0.0004937891       -0.0004641178       -0.0004226324       -0.0003734021       -0.0003397261
      176.0000000000       -0.0005383546       -0.0005164097       -0.0005177159       -0.0005017467       -0.0004679497       -0.0004276917       -0.0003761068       -0.0003403338
      177.0000000000       -0.0005453724       -0.0005267362       -0.0005131502       -0.0004988203       -0.0004617370       -0.0004273954       -0.0003801200       -0.0003507316
      178.0000000000       -0.0005479166       -0.0005311103       -0.0005102884       -0.0004992980       -0.0004533089       -0.0004280114       -0.0003804937       -0.0003567840
      179.0000000000       -0.0005489355       -0.0005284199       -0.0005087549       -0.0004998907       -0.0004476356       -0.0004299344       -0.0003879893       -0.0003605835
      180.0000000000       -0.0005387819       -0.0005333540       -0.0005100076       -0.0004820767       -0.0004564520       -0.0004278627       -0.0003974025       -0.0003583421
      181.0000000000       -0.0005385213       -0.0005273927       -0.0005067349       -0.0004816736       -0.0004773249       -0.0004278138       -0.0003977024       -0.0003647277
      182.0000000000       -0.0005408950       -0.0005234539       -0.0005053867       -0.0005000162       -0.0004777915       -0.0004434762       -0.0003938736       -0.0003700488
      183.0000000000       -0.0005345697       -0.0005272262       -0.0005155535       -0.0005101174       -0.0004697414       -0.0004430856       -0.0004030313       -0.0003644561
      184.0000000000       -0.0005362448       -0.0005357608       -0.0005144733       -0.0004985564       -0.0004687968       -0.0004413984       -0.0004104660       -0.0003748968
      185.0000000000       -0.0005384748       -0.0005288344       -0.0005239842       -0.0004968501       -0.0004775797       -0.0004446872       -0.0004039622       -0.0003874992
      186.0000000000       -0.0005403458       -0.0005219872       -0.0005295553       -0.0005041837       -0.0004821400       -0.0004415310       -0.0004139687       -0.0003762191
      187.0000000000       -0.0005417898       -0.0005286074       -0.0005186617       -0.0004966841       -0.0004759600       -0.0004422293       -0.0004206658       -0.0003707367
      188.0000000000       -0.0005476605       -0.0005333263       -0.0005135685       -0.0004972168       -0.0004785993       -0.0004479783       -0.0004145221       -0.0003777871
      189.0000000000       -0.0005443183       -0.0005375135       -0.0005177414       -0.0004969018       -0.0004769859       -0.0004555708       -0.0004161132       -0.0003788439
      190.0000000000       -0.0005443127       -0.0005362127       -0.0005207351       -0.0005053503       -0.0004803450       -0.0004468717       -0.0004234019       -0.0003875978
      191.0000000000       -0.0005403854       -0.0005212302       -0.0005246693       -0.0005174211       -0.0004774198       -0.0004457043       -0.0004239634       -0.0003927340
      192.0000000000       -0.0005324571       -0.0005208605       -0.0005319165       -0.0005190116       -0.0004854586       -0.0004544001       -0.0004206588       -0.0003959577
      193.0000000000       -0.0005345535       -0.0005225741       -0.0005204682       -0.0005227840       -0.0004829835       -0.0004635567       -0.0004224755       -0.0004062044
      194.0000000000       -0.0005418725       -0.0005296542       -0.0005258995       -0.0005230415       -0.0004771790       -0.0004701974       -0.0004305896       -0.0004009696
      195.0000000000       -0.0005290587       -0.0005360932       -0.0005232156       -0.0005192898       -0.0004895400       -0.0004697052       -0.0004326501       -0.0003980900
      196.0000000000       -0.0005235926       -0.0005359731       -0.0005166040       -0.0005127715       -0.0004786762       -0.0004619388       -0.0004390598       -0.0003947279
      197.0000000000       -0.0005357140       -0.0005317283       -0.0005207102       -0.0005143235       -0.0004749404       -0.0004590965       -0.0004340479       -0.0003889518
      198.0000000000       -0.0005331917       -0.0005302405       -0.0005294669       -0.0005192792       -0.0004844194       -0.0004576787       -0.0004306898       -0.0004023083
      199.0000000000       -0.0005351722       -0.0005285818       -0.0005254061       -0.0005067326       -0.0004878002       -0.0004522984       -0.0004281361       -0.0004049675
      200.0000000000       -0.0005387119       -0.0005216797       -0.0005215076       -0.0005008382       -0.0004899985       -0.0004543750       -0.0004252570       -0.0004087043
      201.0000000000       -0.0005325751       -0.0005254288       -0.0005223157       -0.0005125796       -0.0004958019       -0.0004599557       -0.0004366380       -0.0004108940
      202.0000000000       -0.0005342879       -0.0005221027       -0.0005329207       -0.0005156748       -0.0004926604       -0.0004609773       -0.0004431492       -0.0004260705
      203.0000000000       -0.0005376782       -0.0005355020       -0.0005260518       -0.0004928830       -0.0004833932       -0.0004715400       -0.0004414933       -0.0004192626
      204.0000000000       -0.0005346519       -0.0005425420       -0.0005239106       -0.0004914029       -0.0004826574       -0.0004687100       -0.0004390444       -0.0004122656
      205.0000000000       -0.0005420400       -0.0005417594       -0.0005300098       -0.0005027383       -0.0004869023       -0.0004620380       -0.0004409811       -0.0004152880
      206.0000000000       -0.0005460121       -0.0005320824       -0.0005342319       -0.0005053380       -0.0004884756       -0.0004596687       -0.0004437992       -0.0004073744
      207.0000000000       -0.0005370427       -0.0005300643       -0.0005424616       -0.0005024678       -0.0004895351       -0.0004591228       -0.0004428893       -0.0004094583
      208.0000000000       -0.0005344662       -0.0005246075       -0.0005355174       -0.0004985950       -0.0004817573       -0.0004606919       -0.0004463447       -0.0004072434
      209.0000000000       -0.0005403523       -0.0005329530       -0.0005287254       -0.0005071450       -0.0004770869       -0.0004650806       -0.0004448901       -0.0004146489
      210.0000000000       -0.0005364581       -0.0005342880       -0.0005228987       -0.0005080472       -0.0004857713       -0.0004662890       -0.0004418946       -0.0004212127
      211.0000000000       -0.0005321782       -0.0005358831       -0.0005208220       -0.0005078118       -0.0004907983       -0.0004659341       -0.0004397676       -0.0004198689
      212.0000000000       -0.0005293262       -0.0005307506       -0.0005315044       -0.0005056110       -0.0004956527       -0.0004741217       -0.0004437290       -0.0004220965
      213.0000000000       -0.0005382433       -0.0005309696       -0.0005296252       -0.0004979682       -0.0004986671       -0.0004782487       -0.0004490844       -0.0004335403
      214.0000000000       -0.0005387497       -0.0005371823       -0.0005254551       -0.0005060496       -0.0005004156       -0.0004796220       -0.0004516056       -0.0004386853
      215.0000000000       -0.0005426708       -0.0005352244       -0.0005174293       -0.0005087160       -0.0005040702       -0.0004723018       -0.0004606344       -0.0004289059
      216.0000000000       -0.0005389601       -0.0005352192       -0.0005227565       -0.0005163044       -0.0004962153       -0.0004690782       -0.0004698209       -0.0004243746
      217.0000000000       -0.0005363621       -0.0005357786       -0.0005140317       -0.0005178071       -0.0004921773       -0.0004714968       -0.0004704400       -0.0004272026
      218.0000000000       -0.0005445645       -0.0005389493       -0.0005116635       -0.0005200754       -0.0004956362       -0.0004756527       -0.0004661617       -0.0004358539
      219.0000000000       -0.0005427105       -0.0005361445       -0.0005123730       -0.0005251663       -0.0004955990       -0.0004734017       -0.0004673339       -0.0004310195
      220.0000000000       -0.0005375815       -0.0005299718       -0.0005143759       -0.0005287910       -0.0004995349       -0.0004748699       -0.0004713595       -0.0004238957
      221.0000000000       -0.0005405040       -0.0005301615       -0.0005182614       -0.0005226374       -0.0005012734       -0.0004800392       -0.0004691177       -0.0004330510
      222.0000000000       -0.0005459422       -0.0005449674       -0.0005185350       -0.0005212046       -0.0004948474       -0.0004899695       -0.0004643424       -0.0004310634
      223.0000000000       -0.0005424164       -0.0005451011       -0.0005093991       -0.0005132646       -0.0004880911       -0.0004876908       -0.0004574849       -0.0004269534
      224.0000000000       -0.0005384722       -0.0005451144       -0.0005092900       -0.0005043518       -0.0004988946       -0.0004909136       -0.0004555682       -0.0004431764
      225.0000000000       -0.0005282563       -0.0005414318       -0.0005251094       -0.0005076994       -0.0004951648       -0.0004935652       -0.0004593334       -0.0004424890
      226.0000000000       -0.0005437772       -0.0005421329       -0.0005336952       -0.0005104262       -0.0004923065       -0.0004950331       -0.0004573640       -0.0004533993
      227.0000000000       -0.0005425204       -0.0005435822       -0.0005441181       -0.0005163161       -0.0004989611       -0.0004922403       -0.0004563776       -0.0004544981
      228.0000000000       -0.0005422102       -0.0005441561       -0.0005378116       -0.0005209893       -0.0005017498       -0.0004848384       -0.0004705696       -0.0004549896
      229.0000000000       -0.0005473179       -0.0005457096       -0.0005267910       -0.0005132631       -0.0005037711       -0.0004839067       -0.0004800760       -0.0004545244
      230.0000000000       -0.0005496600       -0.0005405869       -0.0005338872       -0.0005076951       -0.0005103067       -0.0004958561       -0.0004702675       -0.0004459778
      231.0000000000       -0.0005461456       -0.0005297889       -0.0005255392       -0.0005108271       -0.0005152028       -0.0004923682       -0.0004602824       -0.0004484560
      232.0000000000       -0.0005329826       -0.0005213127       -0.0005253652       -0.0005046951       -0.0005148024       -0.0004862258       -0.0004592858       -0.0004367882
      233.0000000000       -0.0005360462       -0.0005300420       -0.0005309326       -0.0005109485       -0.0005093709       -0.0004922044       -0.0004647314       -0.0004362197
      234.0000000000       -0.0005359914       -0.0005365185       -0.0005335592       -0.0005154083       -0.0004997789       -0.0005064443       -0.0004639420       -0.0004360093
      235.0000000000       -0.0005378269       -0.0005348956       -0.0005238600       -0.0005143447       -0.0005001049       -0.0005041505       -0.0004617704       -0.0004378615
      236.0000000000       -0.0005419779       -0.0005239912       -0.0005256115       -0.0005196284       -0.0004967233       -0.0004954809       -0.0004621248       -0.0004407245
      237.0000000000       -0.0005415374       -0.0005238353       -0.0005330270       -0.0005188958       -0.0004948931       -0.0004943279       -0.0004672657       -0.0004415775
      238.0000000000       -0.0005391672       -0.0005121460       -0.0005307972       -0.0005085747       -0.0004947070       -0.0004885075       -0.0004757088       -0.0004403759
      239.0000000000       -0.0005388159       -0.0005107606       -0.0005233861       -0.0005042847       -0.0005028445       -0.0004715777       -0.0004724896       -0.0004392905
      240.0000000000       -0.0005374078       -0.0005218575       -0.0005157590       -0.0005044427       -0.0004976696       -0.0004804114       -0.0004625053       -0.0004391655
      241.0000000000       -0.0005433660       -0.0005319213       -0.0005206031       -0.0005157597       -0.0005005760       -0.0004909794       -0.0004609389       -0.0004462233
      242.0000000000       -0.0005464259       -0.0005332837       -0.0005196035       -0.0005186529       -0.0005028134       -0.0004883020       -0.0004685155       -0.0004469962
      243.0000000000       -0.0005459456       -0.0005367726       -0.0005222042       -0.0005101459       -0.0004921752       -0.0004870337       -0.0004683616       -0.0004520114
      244.0000000000       -0.0005375799       -0.0005381277       -0.0005326659       -0.0005111786       -0.0004966321       -0.0004879589       -0.0004632923       -0.0004547306
      245.0000000000       -0.0005345891       -0.0005316232       -0.0005393896       -0.0005175229       -0.0004987690       -0.0004833423       -0.0004668193       -0.0004638873
      246.0000000000       -0.0005383645       -0.0005252853       -0.0005319899       -0.0005173822       -0.0005023016       -0.0004830181       -0.0004691541       -0.0004652089
      247.0000000000       -0.0005410102       -0.0005255058       -0.0005311069       -0.0005227521       -0.0005095455       -0.0004700688       -0.0004635250       -0.0004647266
      248.0000000000       -0.0005400293       -0.0005320204       -0.0005188975       -0.0005137857       -0.0005089639       -0.0004869245       -0.0004686742       -0.0004520465
      249.0000000000       -0.0005394237       -0.0005353920       -0.0005177418       -0.0005134663       -0.0005098866       -0.0004930470       -0.0004695874       -0.0004384544
      250.0000000000       -0.0005312146       -0.0005336460       -0.0005225587       -0.0005257945       -0.0005180485       -0.0004853424       -0.0004749108       -0.0004358530
      251.0000000000       -0.0005369740       -0.0005241827       -0.0005306544       -0.0005271899       -0.0005156622       -0.0004894839       -0.0004761306       -0.0004411454
      252.0000000000       -0.0005370871       -0.0005218617       -0.0005263466       -0.0005129086       -0.0005088248       -0.0004815420       -0.0004747302       -0.0004527120
      253.0000000000       -0.0005370213       -0.0005259520       -0.0005159830       -0.0005089237       -0.0005053155       -0.0004799737       -0.0004700107       -0.0004569603
      254.0000000000       -0.0005358096       -0.0005244986       -0.0005186233       -0.0005042319       -0.0005117780       -0.0004907627       -0.0004770778       -0.0004540901
      255.0000000000       -0.0005271986       -0.0005305061       -0.0005208706       -0.0005062592       -0.0005221884       -0.0004900768       -0.0004773371       -0.0004476580
