        0.0000000000        0.1247431189
        1.0000000000        0.0519045170
        2.0000000000        0.0348422013
        3.0000000000        0.0269648437
        4.0000000000        0.0222980874
        5.0000000000        0.0191621270
        6.0000000000        0.0168368081
        7.0000000000        0.0150755218
        8.0000000000        0.0137032777
        9.0000000000        0.0125516221
       10.0000000000        0.0116059951
       11.0000000000        0.0107783005
       12.0000000000        0.0100668440
       13.0000000000        0.0094306959
       14.0000000000        0.0088712238
       15.0000000000        0.0083634484
       16.0000000000        0.0079123343
       17.0000000000        0.0075077650
       18.0000000000        0.0071823188
       19.0000000000        0.0068801941
       20.0000000000        0.0065633990
       21.0000000000        0.0062663029
       22.0000000000        0.0060053239
       23.0000000000        0.0057623567
       24.0000000000        0.0055488944
       25.0000000000        0.0053414777
       26.0000000000        0.0050908920
       27.0000000000        0.0049370971
       28.0000000000        0.0047702084
       29.0000000000        0.0045557313
       30.0000000000        0.0044103690
       31.0000000000        0.0042636169
       32.0000000000        0.0041460973
       33.0000000000        0.0040456638
       34.0000000000        0.0039179159
       35.0000000000        0.0038598191
       36.0000000000        0.0037516818
       37.0000000000        0.0036222924
       38.0000000000        0.0035254651
       39.0000000000        0.0034333210
       40.0000000000        0.0033463062
       41.0000000000        0.0032672321
       42.0000000000        0.0031653965
       43.0000000000        0.0030434595
       44.0000000000        0.0029709066
       45.0000000000        0.0029016030
       46.0000000000        0.0028366719
       47.0000000000        0.0027472691
       48.0000000000        0.0026983475
       49.0000000000        0.0026477640
       50.0000000000        0.0026020298
       51.0000000000        0.0025606029
       52.0000000000        0.0024827431
       53.0000000000        0.0024189933
       54.0000000000        0.0023490453
       55.0000000000        0.0022831027
       56.0000000000        0.0022086858
       57.0000000000        0.0021692658
       58.0000000000        0.0021407534
       59.0000000000        0.0020905479
       60.0000000000        0.0020369638
       61.0000000000        0.0019848185
       62.0000000000        0.0019202309
       63.0000000000        0.0018584181
       64.0000000000        0.0018398602
       65.0000000000        0.0018057906
       66.0000000000        0.0017788223
       67.0000000000        0.0017456599
       68.0000000000        0.0016878289
       69.0000000000        0.0016704163
       70.0000000000        0.0016191021
       71.0000000000        0.0015777181
       72.0000000000        0.0015579590
       73.0000000000        0.0015077986
       74.0000000000        0.0014737703
       75.0000000000        0.0014379701
       76.0000000000        0.0013832614
       77.0000000000        0.0013446341
       78.0000000000        0.0013344736
       79.0000000000        0.0012933009
       80.0000000000        0.0012929327
       81.0000000000        0.0012916944
       82.0000000000        0.0012408833
       83.0000000000        0.0012243201
       84.0000000000        0.0012343724
       85.0000000000        0.0012183967
       86.0000000000        0.0011744425
       87.0000000000        0.0011396616
       88.0000000000        0.0010946000
       89.0000000000        0.0011009794
       90.0000000000        0.0010815628
       91.0000000000        0.0010285543
       92.0000000000        0.0010516735
       93.0000000000        0.0010328788
       94.0000000000        0.0010179835
       95.0000000000        0.0009594999
       96.0000000000        0.0009429926
       97.0000000000        0.0009018821
       98.0000000000        0.0008909527
       99.0000000000        0.0008851042
      100.0000000000        0.0008629829
      101.0000000000        0.0008176800
      102.0000000000        0.0008185385
      103.0000000000        0.0007993503
      104.0000000000        0.0007564240
      105.0000000000        0.0007118777
      106.0000000000        0.0007283331
      107.0000000000        0.0007172081
      108.0000000000        0.0006649501
      109.0000000000        0.0006623563
      110.0000000000        0.0006479069
      111.0000000000        0.0006504196
      112.0000000000        0.0006281241
      113.0000000000        0.0006297063
      114.0000000000        0.0006164363
      115.0000000000        0.0005920833
      116.0000000000        0.0005843374
      117.0000000000        0.0005329607
      118.0000000000        0.0005264184
      119.0000000000        0.0005091570
      120.0000000000        0.0005054413
      121.0000000000        0.0005081918
      122.0000000000        0.0005305199
      123.0000000000        0.0005115622
      124.0000000000        0.0005040523
      125.0000000000        0.0005252236
      126.0000000000        0.0004943820
      127.0000000000        0.0004569383
      128.0000000000        0.0004253323
      129.0000000000        0.0004354374
      130.0000000000        0.0004378580
      131.0000000000        0.0004105322
      132.0000000000        0.0004211617
      133.0000000000        0.0003829382
      134.0000000000        0.0004007051
      135.0000000000        0.0004200823
      136.0000000000        0.0003803686
      137.0000000000        0.0003780906
      138.0000000000        0.0003673645
      139.0000000000        0.0003803864
      140.0000000000        0.0003550849
      141.0000000000        0.0003912587
      142.0000000000        0.0003167426
      143.0000000000        0.0003029845
      144.0000000000        0.0002934128
      145.0000000000        0.0003019705
      146.0000000000        0.0002828190
      147.0000000000        0.0002581502
      148.0000000000        0.0002301314
      149.0000000000        0.0002703284
      150.0000000000        0.0002281240
      151.0000000000        0.0002135779
      152.0000000000        0.0002547944
      153.0000000000        0.0002304760
      154.0000000000        0.0002405131
      155.0000000000        0.0002390275
      156.0000000000        0.0002427537
      157.0000000000        0.0002573958
      158.0000000000        0.0002382292
      159.0000000000        0.0002207986
      160.0000000000        0.0002027727
      161.0000000000        0.0002066489
      162.0000000000        0.0002187913
      163.0000000000        0.0001886985
      164.0000000000        0.0001911529
      165.0000000000        0.0001953940
      166.0000000000        0.0001775085
      167.0000000000        0.0001762239
      168.0000000000        0.0001453522
      169.0000000000        0.0001561880
      170.0000000000        0.0001672820
      171.0000000000        0.0001702095
      172.0000000000        0.0001422728
      173.0000000000        0.0001408522
      174.0000000000        0.0001259606
      175.0000000000        0.0001186485
      176.0000000000        0.0000718761
      177.0000000000        0.0001235718
      178.0000000000        0.0001249853
      179.0000000000        0.0000922160
      180.0000000000        0.0001102388
      181.0000000000        0.0001097210
      182.0000000000        0.0000814413
      183.0000000000        0.0000863563
      184.0000000000        0.0000581327
      185.0000000000        0.0000609001
      186.0000000000        0.0000586411
      187.0000000000        0.0000399652
      188.0000000000        0.0000260012
      189.0000000000        0.0000236103
      190.0000000000        0.0000397553
      191.0000000000        0.0000376698
      192.0000000000        0.0000110508
      193.0000000000        0.0000205683
      194.0000000000        0.0000247051
      195.0000000000        0.0000377717
      196.0000000000        0.0000223613
      197.0000000000        0.0000091375
      198.0000000000        0.0000289613
      199.0000000000        0.0000257909
      200.0000000000       -0.0000048713
      201.0000000000        0.0000005601
      202.0000000000        0.0000178102
      203.0000000000        0.0000041500
      204.0000000000        0.0000001235
      205.0000000000        0.0000133665
      206.0000000000        0.0000352178
      207.0000000000        0.0000516396
      208.0000000000        0.0000230071
      209.0000000000        0.0000082466
      210.0000000000        0.0000440308
      211.0000000000        0.0000251636
      212.0000000000        0.0000209306
      213.0000000000        0.0000280248
      214.0000000000        0.0000353358
      215.0000000000        0.0000408232
      216.0000000000        0.0000120713
      217.0000000000       -0.0000072882
      218.0000000000       -0.0000020166
      219.0000000000        0.0000362434
      220.0000000000        0.0000313134
      221.0000000000       -0.0000108572
      222.0000000000       -0.0000007193
      223.0000000000        0.0000103999
      224.0000000000        0.0000079334
      225.0000000000        0.0000242977
      226.0000000000        0.0000221574
      227.0000000000        0.0000383787
      228.0000000000       -0.0000156615
      229.0000000000       -0.0000116413
      230.0000000000        0.0000095371
      231.0000000000        0.0000102718
      232.0000000000       -0.0000040366
      233.0000000000       -0.0000212891
      234.0000000000       -0.0000195036
      235.0000000000       -0.0000227218
      236.0000000000       -0.0000125471
      237.0000000000       -0.0000124983
      238.0000000000       -0.0000253010
      239.0000000000       -0.0000276396
      240.0000000000       -0.0000119498
      241.0000000000       -0.0000289739
      242.0000000000       -0.0000062104
      243.0000000000       -0.0000089210
      244.0000000000       -0.0000359506
      245.0000000000       -0.0000101163
      246.0000000000       -0.0000213337
      247.0000000000       -0.0000431144
      248.0000000000       -0.0000261113
      249.0000000000       -0.0000127816
      250.0000000000        0.0000100372
      251.0000000000        0.0000033508
      252.0000000000        0.0000325542
      253.0000000000        0.0000381393
      254.0000000000        0.0000282352
      255.0000000000        0.0000291381
      256.0000000000        0.0000399810
