        0.0000000000        0.2216216206
        1.0000000000        0.1989059665
        2.0000000000        0.1878927091
        3.0000000000        0.1800699076
        4.0000000000        0.1736670430
        5.0000000000        0.1681769697
        6.0000000000        0.1632767193
        7.0000000000        0.1588366771
        8.0000000000        0.1548037373
        9.0000000000        0.1510344964
       10.0000000000        0.1475486868
       11.0000000000        0.1442770719
       12.0000000000        0.1411942657
       13.0000000000        0.1383051515
       14.0000000000        0.1355663013
       15.0000000000        0.1329557626
       16.0000000000        0.1305217044
       17.0000000000        0.1282256023
       18.0000000000        0.1259691322
       19.0000000000        0.1238371307
       20.0000000000        0.1218102508
       21.0000000000        0.1198889518
       22.0000000000        0.1180683870
       23.0000000000        0.1163361772
       24.0000000000        0.1146465098
       25.0000000000        0.1130328166
       26.0000000000        0.1114602367
       27.0000000000        0.1100000517
       28.0000000000        0.1085573548
       29.0000000000        0.1071614061
       30.0000000000        0.1058137962
       31.0000000000        0.1045122503
       32.0000000000        0.1032991238
       33.0000000000        0.1020537633
       34.0000000000        0.1009107201
       35.0000000000        0.0997786581
       36.0000000000        0.0986511775
       37.0000000000        0.0975476943
       38.0000000000        0.0965097735
       39.0000000000        0.0954731637
       40.0000000000        0.0944335704
       41.0000000000        0.0934676547
       42.0000000000        0.0924982098
       43.0000000000        0.0916183712
       44.0000000000        0.0907378133
       45.0000000000        0.0898618460
       46.0000000000        0.0889857001
       47.0000000000        0.0881181980
       48.0000000000        0.0873212847
       49.0000000000        0.0864938438
       50.0000000000        0.0857150005
       51.0000000000        0.0849549256
       52.0000000000        0.0841979911
       53.0000000000        0.0834399594
       54.0000000000        0.0827169846
       55.0000000000        0.0820509896
       56.0000000000        0.0813781968
       57.0000000000        0.0807432199
       58.0000000000        0.0801206880
       59.0000000000        0.0795260856
       60.0000000000        0.0789293422
       61.0000000000        0.0783213758
       62.0000000000        0.0777276051
       63.0000000000        0.0771808698
       64.0000000000        0.0766182260
       65.0000000000        0.0760587340
       66.0000000000        0.0755326316
       67.0000000000        0.0749968926
       68.0000000000        0.0744642050
       69.0000000000        0.0738995167
       70.0000000000        0.0733683241
       71.0000000000        0.0728904706
       72.0000000000        0.0723929457
       73.0000000000        0.0718795713
       74.0000000000        0.0713796251
       75.0000000000        0.0708802913
       76.0000000000        0.0704337207
       77.0000000000        0.0699699343
       78.0000000000        0.0695327638
       79.0000000000        0.0691028961
       80.0000000000        0.0686462585
       81.0000000000        0.0682450862
       82.0000000000        0.0678065459
       83.0000000000        0.0674321285
       84.0000000000        0.0670182227
       85.0000000000        0.0666320676
       86.0000000000        0.0662349168
       87.0000000000        0.0658655654
       88.0000000000        0.0654810703
       89.0000000000        0.0650677112
       90.0000000000        0.0646740693
       91.0000000000        0.0642700569
       92.0000000000        0.0638966284
       93.0000000000        0.0635473845
       94.0000000000        0.0631816126
       95.0000000000        0.0628052538
       96.0000000000        0.0624663316
       97.0000000000        0.0620877661
       98.0000000000        0.0617642772
       99.0000000000        0.0614462501
      100.0000000000        0.0611275787
      101.0000000000        0.0607837978
      102.0000000000        0.0604452973
      103.0000000000        0.0601030053
      104.0000000000        0.0597669154
      105.0000000000        0.0594108352
      106.0000000000        0.0591017586
      107.0000000000        0.0588253147
      108.0000000000        0.0585046011
      109.0000000000        0.0582191655
      110.0000000000        0.0579532673
      111.0000000000        0.0576864313
      112.0000000000        0.0573843908
      113.0000000000        0.0571183289
      114.0000000000        0.0568339178
      115.0000000000        0.0565680999
      116.0000000000        0.0562580483
      117.0000000000        0.0559377577
      118.0000000000        0.0556560141
      119.0000000000        0.0554252242
      120.0000000000        0.0551286505
      121.0000000000        0.0548271258
      122.0000000000        0.0545446426
      123.0000000000        0.0542520493
      124.0000000000        0.0539789915
      125.0000000000        0.0537485748
      126.0000000000        0.0535141584
      127.0000000000        0.0532448371
      128.0000000000        0.0529737593
      129.0000000000        0.0527400444
      130.0000000000        0.0525113582
      131.0000000000        0.0522640543
      132.0000000000        0.0520268114
      133.0000000000        0.0518023902
      134.0000000000        0.0515886972
      135.0000000000        0.0513341035
      136.0000000000        0.0511045367
      137.0000000000        0.0508991808
      138.0000000000        0.0506484539
      139.0000000000        0.0504227926
      140.0000000000        0.0501932143
      141.0000000000        0.0499646746
      142.0000000000        0.0497546243
      143.0000000000        0.0495459027
      144.0000000000        0.0493381923
      145.0000000000        0.0491639980
      146.0000000000        0.0489373772
      147.0000000000        0.0487358548
      148.0000000000        0.0485508733
      149.0000000000        0.0483492794
      150.0000000000        0.0481512310
      151.0000000000        0.0479964159
      152.0000000000        0.0477886259
      153.0000000000        0.0476175333
      154.0000000000        0.0473852702
      155.0000000000        0.0471675225
      156.0000000000        0.0469722229
      157.0000000000        0.0467666759
      158.0000000000        0.0465623814
      159.0000000000        0.0463609723
      160.0000000000        0.0461600485
      161.0000000000        0.0459534154
      162.0000000000        0.0457281627
      163.0000000000        0.0455185364
      164.0000000000        0.0453097648
      165.0000000000        0.0451252715
      166.0000000000        0.0449311514
      167.0000000000        0.0447380585
      168.0000000000        0.0445556830
      169.0000000000        0.0443991909
      170.0000000000        0.0442608497
      171.0000000000        0.0441078096
      172.0000000000        0.0439054083
      173.0000000000        0.0437949373
      174.0000000000        0.0436549040
      175.0000000000        0.0435286096
      176.0000000000        0.0434127342
      177.0000000000        0.0432540976
      178.0000000000        0.0430504332
      179.0000000000        0.0429159898
      180.0000000000        0.0427346438
      181.0000000000        0.0426057581
      182.0000000000        0.0424631917
      183.0000000000        0.0422681000
      184.0000000000        0.0421238231
      185.0000000000        0.0419692854
      186.0000000000        0.0417782708
      187.0000000000        0.0416627637
      188.0000000000        0.0415101288
      189.0000000000        0.0413775185
      190.0000000000        0.0412456643
      191.0000000000        0.0410951482
      192.0000000000        0.0409568054
      193.0000000000        0.0407975519
      194.0000000000        0.0407200008
      195.0000000000        0.0405980457
      196.0000000000        0.0404974044
      197.0000000000        0.0403542074
      198.0000000000        0.0402284631
      199.0000000000        0.0400893728
      200.0000000000        0.0399533491
      201.0000000000        0.0398069385
      202.0000000000        0.0396616574
      203.0000000000        0.0395421615
      204.0000000000        0.0394420103
      205.0000000000        0.0393076268
      206.0000000000        0.0391695917
      207.0000000000        0.0390465136
      208.0000000000        0.0389711327
      209.0000000000        0.0388541505
      210.0000000000        0.0387461963
      211.0000000000        0.0385762024
      212.0000000000        0.0384429791
      213.0000000000        0.0383105423
      214.0000000000        0.0381606219
      215.0000000000        0.0380331200
      216.0000000000        0.0378809794
      217.0000000000        0.0377909121
      218.0000000000        0.0376746169
      219.0000000000        0.0375556262
      220.0000000000        0.0374406255
      221.0000000000        0.0373322209
      222.0000000000        0.0372420294
      223.0000000000        0.0371570222
      224.0000000000        0.0369957764
      225.0000000000        0.0368444315
      226.0000000000        0.0367088032
      227.0000000000        0.0365815947
      228.0000000000        0.0364516675
      229.0000000000        0.0363172849
      230.0000000000        0.0361883664
      231.0000000000        0.0360533498
      232.0000000000        0.0359328518
      233.0000000000        0.0358437867
      234.0000000000        0.0357350509
      235.0000000000        0.0356477880
      236.0000000000        0.0354948247
      237.0000000000        0.0353187094
      238.0000000000        0.0351500791
      239.0000000000        0.0349896341
      240.0000000000        0.0348593165
      241.0000000000        0.0347022440
      242.0000000000        0.0345789104
      243.0000000000        0.0344516600
      244.0000000000        0.0342942842
      245.0000000000        0.0341373449
      246.0000000000        0.0340275156
      247.0000000000        0.0339012676
      248.0000000000        0.0338037812
      249.0000000000        0.0336412423
      250.0000000000        0.0334736680
      251.0000000000        0.0333586244
      252.0000000000        0.0332255543
      253.0000000000        0.0331029441
      254.0000000000        0.0329771219
      255.0000000000        0.0328372223
      256.0000000000        0.0327376408
      257.0000000000        0.0326005888
      258.0000000000        0.0324747893
      259.0000000000        0.0323753952
      260.0000000000        0.0322519482
      261.0000000000        0.0321375778
      262.0000000000        0.0320398027
      263.0000000000        0.0319385653
      264.0000000000        0.0318175952
      265.0000000000        0.0317231536
      266.0000000000        0.0316372902
      267.0000000000        0.0315430792
      268.0000000000        0.0315075724
      269.0000000000        0.0314282473
      270.0000000000        0.0313440210
      271.0000000000        0.0312708755
      272.0000000000        0.0311628432
      273.0000000000        0.0310454229
      274.0000000000        0.0309272361
      275.0000000000        0.0308113960
      276.0000000000        0.0307027304
      277.0000000000        0.0306244137
      278.0000000000        0.0305375159
      279.0000000000        0.0304257103
      280.0000000000        0.0303114021
      281.0000000000        0.0301384792
      282.0000000000        0.0300810908
      283.0000000000        0.0299535352
      284.0000000000        0.0298344122
      285.0000000000        0.0297104711
      286.0000000000        0.0296167350
      287.0000000000        0.0295304805
      288.0000000000        0.0294741125
      289.0000000000        0.0294277868
      290.0000000000        0.0293456232
      291.0000000000        0.0293105068
      292.0000000000        0.0292423235
      293.0000000000        0.0291237708
      294.0000000000        0.0290745364
      295.0000000000        0.0289758110
      296.0000000000        0.0288951827
      297.0000000000        0.0287913127
      298.0000000000        0.0286934928
      299.0000000000        0.0285889120
      300.0000000000        0.0285110328
      301.0000000000        0.0284007008
      302.0000000000        0.0283257151
      303.0000000000        0.0282546791
      304.0000000000        0.0281539412
      305.0000000000        0.0280569040
      306.0000000000        0.0279472007
      307.0000000000        0.0279017252
      308.0000000000        0.0278088201
      309.0000000000        0.0277457096
      310.0000000000        0.0276925218
      311.0000000000        0.0275694295
      312.0000000000        0.0274171940
      313.0000000000        0.0272836372
      314.0000000000        0.0272525750
      315.0000000000        0.0271626800
      316.0000000000        0.0270475686
      317.0000000000        0.0269787119
      318.0000000000        0.0268748208
      319.0000000000        0.0267961369
      320.0000000000        0.0267111433
      321.0000000000        0.0266474029
      322.0000000000        0.0265674282
      323.0000000000        0.0264569774
      324.0000000000        0.0263944721
      325.0000000000        0.0263311395
      326.0000000000        0.0262652581
      327.0000000000        0.0262027120
      328.0000000000        0.0261240378
      329.0000000000        0.0260378204
      330.0000000000        0.0259525888
      331.0000000000        0.0258708109
      332.0000000000        0.0257865845
      333.0000000000        0.0256806612
      334.0000000000        0.0255992004
      335.0000000000        0.0255233256
      336.0000000000        0.0254467451
      337.0000000000        0.0253915809
      338.0000000000        0.0253648152
      339.0000000000        0.0252881053
      340.0000000000        0.0252026789
      341.0000000000        0.0251185944
      342.0000000000        0.0250597658
      343.0000000000        0.0250107761
      344.0000000000        0.0249460040
      345.0000000000        0.0248927349
      346.0000000000        0.0248612935
      347.0000000000        0.0247779994
      348.0000000000        0.0246670579
      349.0000000000        0.0245862716
      350.0000000000        0.0244872223
      351.0000000000        0.0243761130
      352.0000000000        0.0242905628
      353.0000000000        0.0242072096
      354.0000000000        0.0241457103
      355.0000000000        0.0240728990
      356.0000000000        0.0240420359
      357.0000000000        0.0239412821
      358.0000000000        0.0238589131
      359.0000000000        0.0238006968
      360.0000000000        0.0237693433
      361.0000000000        0.0236981467
      362.0000000000        0.0236105024
      363.0000000000        0.0235203577
      364.0000000000        0.0234409941
      365.0000000000        0.0233785353
      366.0000000000        0.0233308111
      367.0000000000        0.0232176536
      368.0000000000        0.0230924234
      369.0000000000        0.0230113159
      370.0000000000        0.0229600659
      371.0000000000        0.0229289268
      372.0000000000        0.0228724138
      373.0000000000        0.0227895458
      374.0000000000        0.0227317327
      375.0000000000        0.0227000107
      376.0000000000        0.0226178476
      377.0000000000        0.0225711384
      378.0000000000        0.0224956922
      379.0000000000        0.0224344766
      380.0000000000        0.0223998426
      381.0000000000        0.0223447673
      382.0000000000        0.0222730034
      383.0000000000        0.0221908050
      384.0000000000        0.0221774991
      385.0000000000        0.0221459864
      386.0000000000        0.0220941295
      387.0000000000        0.0220578766
      388.0000000000        0.0219846321
      389.0000000000        0.0219430711
      390.0000000000        0.0218625428
      391.0000000000        0.0218214454
      392.0000000000        0.0217505065
      393.0000000000        0.0217283790
      394.0000000000        0.0217045993
      395.0000000000        0.0216511702
      396.0000000000        0.0215995385
      397.0000000000        0.0215515030
      398.0000000000        0.0214637476
      399.0000000000        0.0214124727
      400.0000000000        0.0213432092
      401.0000000000        0.0212820126
      402.0000000000        0.0212944682
      403.0000000000        0.0212848981
      404.0000000000        0.0212400437
      405.0000000000        0.0211712719
      406.0000000000        0.0211047790
      407.0000000000        0.0210534551
      408.0000000000        0.0210087508
      409.0000000000        0.0210014968
      410.0000000000        0.0209357342
      411.0000000000        0.0208522596
      412.0000000000        0.0208042829
      413.0000000000        0.0207643995
      414.0000000000        0.0207278419
      415.0000000000        0.0206420362
      416.0000000000        0.0205840694
      417.0000000000        0.0205315453
      418.0000000000        0.0204857730
      419.0000000000        0.0204378924
      420.0000000000        0.0203394491
      421.0000000000        0.0203257135
      422.0000000000        0.0202751065
      423.0000000000        0.0202475897
      424.0000000000        0.0201877678
      425.0000000000        0.0201568077
      426.0000000000        0.0201504939
      427.0000000000        0.0201322222
      428.0000000000        0.0201109435
      429.0000000000        0.0200340488
      430.0000000000        0.0199533282
      431.0000000000        0.0198596772
      432.0000000000        0.0197996546
      433.0000000000        0.0197406583
      434.0000000000        0.0196892222
      435.0000000000        0.0196259934
      436.0000000000        0.0195596467
      437.0000000000        0.0195191628
      438.0000000000        0.0195063904
      439.0000000000        0.0194868993
      440.0000000000        0.0194776672
      441.0000000000        0.0194359814
      442.0000000000        0.0193595271
      443.0000000000        0.0192834604
      444.0000000000        0.0192643159
      445.0000000000        0.0192258020
      446.0000000000        0.0191242892
      447.0000000000        0.0190442411
      448.0000000000        0.0189907494
      449.0000000000        0.0189257870
      450.0000000000        0.0189067607
      451.0000000000        0.0188661507
      452.0000000000        0.0187974631
      453.0000000000        0.0187306198
      454.0000000000        0.0187119770
      455.0000000000        0.0187087471
      456.0000000000        0.0186320998
      457.0000000000        0.0185814943
      458.0000000000        0.0185177595
      459.0000000000        0.0184751042
      460.0000000000        0.0184365254
      461.0000000000        0.0183717777
      462.0000000000        0.0183145936
      463.0000000000        0.0182548584
      464.0000000000        0.0181587567
      465.0000000000        0.0180794322
      466.0000000000        0.0180626586
      467.0000000000        0.0179821708
      468.0000000000        0.0179024217
      469.0000000000        0.0178526823
      470.0000000000        0.0178221214
      471.0000000000        0.0177877709
      472.0000000000        0.0177422836
      473.0000000000        0.0176811520
      474.0000000000        0.0176375285
      475.0000000000        0.0176083126
      476.0000000000        0.0175630335
      477.0000000000        0.0175296644
      478.0000000000        0.0174866805
      479.0000000000        0.0174597277
      480.0000000000        0.0174541332
      481.0000000000        0.0174594945
      482.0000000000        0.0174813857
      483.0000000000        0.0174803706
      484.0000000000        0.0174537997
      485.0000000000        0.0174301373
      486.0000000000        0.0173749242
      487.0000000000        0.0173068388
      488.0000000000        0.0172784050
      489.0000000000        0.0172501003
      490.0000000000        0.0171904350
      491.0000000000        0.0171173977
      492.0000000000        0.0170630496
      493.0000000000        0.0170284133
      494.0000000000        0.0169745778
      495.0000000000        0.0169128080
      496.0000000000        0.0168707716
      497.0000000000        0.0167950848
      498.0000000000        0.0167276245
      499.0000000000        0.0166780344
      500.0000000000        0.0166467542
      501.0000000000        0.0166154492
      502.0000000000        0.0165693873
      503.0000000000        0.0165150748
      504.0000000000        0.0164420441
      505.0000000000        0.0164072323
      506.0000000000        0.0164042840
      507.0000000000        0.0163553489
      508.0000000000        0.0163137415
      509.0000000000        0.0162592021
      510.0000000000        0.0162122935
      511.0000000000        0.0161604100
      512.0000000000        0.0161303762
      513.0000000000        0.0160735008
      514.0000000000        0.0160300092
      515.0000000000        0.0159314204
      516.0000000000        0.0158630596
      517.0000000000        0.0157614490
      518.0000000000        0.0157407818
      519.0000000000        0.0157048089
      520.0000000000        0.0156281973
      521.0000000000        0.0155712799
      522.0000000000        0.0154812446
      523.0000000000        0.0154345277
      524.0000000000        0.0153990563
      525.0000000000        0.0154124305
      526.0000000000        0.0153830881
      527.0000000000        0.0153378862
      528.0000000000        0.0152972632
      529.0000000000        0.0153107790
      530.0000000000        0.0152726762
      531.0000000000        0.0152357935
      532.0000000000        0.0152068386
      533.0000000000        0.0151490795
      534.0000000000        0.0151100798
      535.0000000000        0.0150364995
      536.0000000000        0.0150016002
      537.0000000000        0.0149778716
      538.0000000000        0.0149267829
      539.0000000000        0.0148785329
      540.0000000000        0.0148460341
      541.0000000000        0.0147636802
      542.0000000000        0.0147322041
      543.0000000000        0.0147218783
      544.0000000000        0.0146671874
      545.0000000000        0.0146512291
      546.0000000000        0.0146398804
      547.0000000000        0.0146346604
      548.0000000000        0.0146282265
      549.0000000000        0.0145783122
      550.0000000000        0.0145484711
      551.0000000000        0.0144968848
      552.0000000000        0.0144635704
      553.0000000000        0.0144326532
      554.0000000000        0.0144121751
      555.0000000000        0.0143641395
      556.0000000000        0.0143412723
      557.0000000000        0.0143183211
      558.0000000000        0.0143176768
      559.0000000000        0.0142915877
      560.0000000000        0.0142197499
      561.0000000000        0.0141873183
      562.0000000000        0.0141090142
      563.0000000000        0.0140703614
      564.0000000000        0.0140706558
      565.0000000000        0.0140542655
      566.0000000000        0.0140287517
      567.0000000000        0.0140057420
      568.0000000000        0.0140008197
      569.0000000000        0.0139607995
      570.0000000000        0.0138995507
      571.0000000000        0.0138262875
      572.0000000000        0.0138372083
      573.0000000000        0.0137700713
      574.0000000000        0.0137093143
      575.0000000000        0.0136785141
      576.0000000000        0.0136421336
      577.0000000000        0.0135834542
      578.0000000000        0.0135786613
      579.0000000000        0.0135972282
      580.0000000000        0.0135766357
      581.0000000000        0.0135526829
      582.0000000000        0.0135032374
      583.0000000000        0.0134825567
      584.0000000000        0.0134082713
      585.0000000000        0.0133691128
      586.0000000000        0.0133231365
      587.0000000000        0.0132586225
      588.0000000000        0.0132074051
      589.0000000000        0.0131540559
      590.0000000000        0.0130975174
      591.0000000000        0.0130687751
      592.0000000000        0.0130073204
      593.0000000000        0.0129502456
      594.0000000000        0.0128873818
      595.0000000000        0.0128997628
      596.0000000000        0.0128762487
      597.0000000000        0.0128522939
      598.0000000000        0.0128226234
      599.0000000000        0.0127420266
      600.0000000000        0.0127133691
      601.0000000000        0.0126592508
      602.0000000000        0.0125914255
      603.0000000000        0.0125429616
      604.0000000000        0.0125246710
      605.0000000000        0.0124875966
      606.0000000000        0.0124408741
      607.0000000000        0.0124077446
      608.0000000000        0.0123847365
      609.0000000000        0.0123633354
      610.0000000000        0.0123440888
      611.0000000000        0.0123267256
      612.0000000000        0.0122739985
      613.0000000000        0.0122451191
      614.0000000000        0.0122058237
      615.0000000000        0.0121381640
      616.0000000000        0.0121419346
      617.0000000000        0.0120769184
      618.0000000000        0.0120592196
      619.0000000000        0.0120406514
      620.0000000000        0.0120268191
      621.0000000000        0.0120357161
      622.0000000000        0.0120532049
      623.0000000000        0.0120581486
      624.0000000000        0.0120512692
      625.0000000000        0.0120349865
      626.0000000000        0.0120121171
      627.0000000000        0.0120169949
      628.0000000000        0.0120268911
      629.0000000000        0.0120075697
      630.0000000000        0.0119781952
      631.0000000000        0.0119468738
      632.0000000000        0.0118987438
      633.0000000000        0.0118823988
      634.0000000000        0.0118581421
      635.0000000000        0.0118093785
      636.0000000000        0.0117654146
      637.0000000000        0.0117543455
      638.0000000000        0.0117024507
      639.0000000000        0.0116802756
      640.0000000000        0.0116658196
      641.0000000000        0.0116345584
      642.0000000000        0.0116499010
      643.0000000000        0.0116771286
      644.0000000000        0.0117105128
      645.0000000000        0.0116967459
      646.0000000000        0.0116431064
      647.0000000000        0.0116225550
      648.0000000000        0.0115700303
      649.0000000000        0.0115568569
      650.0000000000        0.0115294569
      651.0000000000        0.0114947773
      652.0000000000        0.0114561206
      653.0000000000        0.0114531892
      654.0000000000        0.0114629451
      655.0000000000        0.0114344640
      656.0000000000        0.0114473301
      657.0000000000        0.0114151444
      658.0000000000        0.0113645643
      659.0000000000        0.0113303222
      660.0000000000        0.0112971611
      661.0000000000        0.0112233921
      662.0000000000        0.0112186984
      663.0000000000        0.0111953460
      664.0000000000        0.0111782230
      665.0000000000        0.0111440385
      666.0000000000        0.0111356131
      667.0000000000        0.0111081062
      668.0000000000        0.0110589072
      669.0000000000        0.0110433027
      670.0000000000        0.0110030794
      671.0000000000        0.0110069027
      672.0000000000        0.0109813765
      673.0000000000        0.0109679351
      674.0000000000        0.0109839607
      675.0000000000        0.0109968811
      676.0000000000        0.0110016985
      677.0000000000        0.0109709917
      678.0000000000        0.0109583120
      679.0000000000        0.0109176116
      680.0000000000        0.0109213646
      681.0000000000        0.0108897724
      682.0000000000        0.0109014653
      683.0000000000        0.0108616969
      684.0000000000        0.0108175192
      685.0000000000        0.0107840056
      686.0000000000        0.0107563711
      687.0000000000        0.0107132446
      688.0000000000        0.0107038415
      689.0000000000        0.0106899308
      690.0000000000        0.0107105413
      691.0000000000        0.0107122560
      692.0000000000        0.0106561548
      693.0000000000        0.0106131624
      694.0000000000        0.0105465850
      695.0000000000        0.0104969675
      696.0000000000        0.0104433805
      697.0000000000        0.0104524885
      698.0000000000        0.0104296241
      699.0000000000        0.0104158633
      700.0000000000        0.0104517634
      701.0000000000        0.0104291502
      702.0000000000        0.0104136887
      703.0000000000        0.0103973347
      704.0000000000        0.0103789952
      705.0000000000        0.0103587089
      706.0000000000        0.0103147728
      707.0000000000        0.0102989592
      708.0000000000        0.0102729134
      709.0000000000        0.0102333062
      710.0000000000        0.0101917733
      711.0000000000        0.0101482183
      712.0000000000        0.0101596962
      713.0000000000        0.0101271542
      714.0000000000        0.0101024396
      715.0000000000        0.0100772373
      716.0000000000        0.0100313171
      717.0000000000        0.0099745502
      718.0000000000        0.0098971606
      719.0000000000        0.0098650158
      720.0000000000        0.0098270831
      721.0000000000        0.0097948542
      722.0000000000        0.0098043120
      723.0000000000        0.0098169922
      724.0000000000        0.0097912152
      725.0000000000        0.0097649640
      726.0000000000        0.0097885867
      727.0000000000        0.0098193097
      728.0000000000        0.0097956515
      729.0000000000        0.0097816350
      730.0000000000        0.0097928444
      731.0000000000        0.0097846282
      732.0000000000        0.0097895198
      733.0000000000        0.0098211228
      734.0000000000        0.0098025855
      735.0000000000        0.0097773743
      736.0000000000        0.0097230920
      737.0000000000        0.0096653057
      738.0000000000        0.0096378120
      739.0000000000        0.0096379539
      740.0000000000        0.0096616644
      741.0000000000        0.0096520116
      742.0000000000        0.0095539686
      743.0000000000        0.0095067558
      744.0000000000        0.0094938069
      745.0000000000        0.0095138528
      746.0000000000        0.0095027704
      747.0000000000        0.0094926691
      748.0000000000        0.0094783658
      749.0000000000        0.0094878207
      750.0000000000        0.0094884761
      751.0000000000        0.0094392104
      752.0000000000        0.0093938732
      753.0000000000        0.0093774545
      754.0000000000        0.0093832821
      755.0000000000        0.0093760207
      756.0000000000        0.0093400365
      757.0000000000        0.0093135664
      758.0000000000        0.0092878485
      759.0000000000        0.0092436187
      760.0000000000        0.0092545862
      761.0000000000        0.0092321193
      762.0000000000        0.0091789994
      763.0000000000        0.0091310162
      764.0000000000        0.0090881701
      765.0000000000        0.0090800223
      766.0000000000        0.0090840199
      767.0000000000        0.0090748728
      768.0000000000        0.0090886767
      769.0000000000        0.0090783954
      770.0000000000        0.0091115167
      771.0000000000        0.0090733501
      772.0000000000        0.0090663241
      773.0000000000        0.0090740907
      774.0000000000        0.0090589338
      775.0000000000        0.0090307413
      776.0000000000        0.0090335115
      777.0000000000        0.0090267570
      778.0000000000        0.0090058982
      779.0000000000        0.0090024292
      780.0000000000        0.0089590728
      781.0000000000        0.0089683665
      782.0000000000        0.0089454704
      783.0000000000        0.0089023460
      784.0000000000        0.0088696286
      785.0000000000        0.0088396015
      786.0000000000        0.0088267853
      787.0000000000        0.0088109155
      788.0000000000        0.0087515624
      789.0000000000        0.0087280398
      790.0000000000        0.0087041332
      791.0000000000        0.0086703066
      792.0000000000        0.0086436397
      793.0000000000        0.0085425098
      794.0000000000        0.0084926187
      795.0000000000        0.0084806977
      796.0000000000        0.0084444179
      797.0000000000        0.0083979508
      798.0000000000        0.0083689446
      799.0000000000        0.0083652892
      800.0000000000        0.0082971907
      801.0000000000        0.0082360872
      802.0000000000        0.0082358560
      803.0000000000        0.0082176075
      804.0000000000        0.0081947595
      805.0000000000        0.0081309615
      806.0000000000        0.0081289697
      807.0000000000        0.0081339056
      808.0000000000        0.0080643371
      809.0000000000        0.0080647583
      810.0000000000        0.0080170225
      811.0000000000        0.0079475930
      812.0000000000        0.0079187055
      813.0000000000        0.0078769792
      814.0000000000        0.0077981729
      815.0000000000        0.0077845172
      816.0000000000        0.0077756180
      817.0000000000        0.0077478970
      818.0000000000        0.0077355691
      819.0000000000        0.0077250886
      820.0000000000        0.0076776468
      821.0000000000        0.0076629148
      822.0000000000        0.0076048295
      823.0000000000        0.0075968829
      824.0000000000        0.0076031345
      825.0000000000        0.0075839866
      826.0000000000        0.0075686350
      827.0000000000        0.0075739771
      828.0000000000        0.0074839965
      829.0000000000        0.0074694575
      830.0000000000        0.0074088941
      831.0000000000        0.0073622482
      832.0000000000        0.0073589291
      833.0000000000        0.0072900531
      834.0000000000        0.0072555456
      835.0000000000        0.0072070296
      836.0000000000        0.0072109326
      837.0000000000        0.0072095433
      838.0000000000        0.0071630171
      839.0000000000        0.0071313718
      840.0000000000        0.0071082348
      841.0000000000        0.0071233668
      842.0000000000        0.0071326501
      843.0000000000        0.0071284770
      844.0000000000        0.0071300120
      845.0000000000        0.0071014809
      846.0000000000        0.0071263989
      847.0000000000        0.0071404475
      848.0000000000        0.0071334205
      849.0000000000        0.0070963697
      850.0000000000        0.0070893247
      851.0000000000        0.0070386971
      852.0000000000        0.0069870136
      853.0000000000        0.0069893438
      854.0000000000        0.0069678542
      855.0000000000        0.0069722723
      856.0000000000        0.0069242995
      857.0000000000        0.0069635916
      858.0000000000        0.0069776282
      859.0000000000        0.0069710576
      860.0000000000        0.0069501432
      861.0000000000        0.0069194409
      862.0000000000        0.0069029663
      863.0000000000        0.0069152788
      864.0000000000        0.0068883807
      865.0000000000        0.0068759546
      866.0000000000        0.0068655239
      867.0000000000        0.0068475544
      868.0000000000        0.0068348582
      869.0000000000        0.0067889445
      870.0000000000        0.0067743680
      871.0000000000        0.0067743533
      872.0000000000        0.0067475993
      873.0000000000        0.0067580332
      874.0000000000        0.0067028796
      875.0000000000        0.0066475060
      876.0000000000        0.0066073570
      877.0000000000        0.0065830935
      878.0000000000        0.0065595666
      879.0000000000        0.0065218504
      880.0000000000        0.0064613548
      881.0000000000        0.0064483879
      882.0000000000        0.0064566315
      883.0000000000        0.0064423858
      884.0000000000        0.0064281150
      885.0000000000        0.0063851886
      886.0000000000        0.0063981912
      887.0000000000        0.0063651000
      888.0000000000        0.0063561265
      889.0000000000        0.0063590626
      890.0000000000        0.0063805006
      891.0000000000        0.0063425931
      892.0000000000        0.0062827436
      893.0000000000        0.0062588301
      894.0000000000        0.0062230368
      895.0000000000        0.0061583068
      896.0000000000        0.0061393105
      897.0000000000        0.0061187505
      898.0000000000        0.0060676777
      899.0000000000        0.0060488824
      900.0000000000        0.0059790140
      901.0000000000        0.0059584557
      902.0000000000        0.0059642781
      903.0000000000        0.0059286881
      904.0000000000        0.0059093113
      905.0000000000        0.0058558606
      906.0000000000        0.0058639570
      907.0000000000        0.0058441840
      908.0000000000        0.0058098006
      909.0000000000        0.0058025248
      910.0000000000        0.0057860852
      911.0000000000        0.0057687666
      912.0000000000        0.0057381586
      913.0000000000        0.0057370959
      914.0000000000        0.0057232700
      915.0000000000        0.0057026934
      916.0000000000        0.0056806121
      917.0000000000        0.0056903187
      918.0000000000        0.0056596266
      919.0000000000        0.0056601296
      920.0000000000        0.0056506474
      921.0000000000        0.0056287806
      922.0000000000        0.0056156178
      923.0000000000        0.0056426247
      924.0000000000        0.0056396435
      925.0000000000        0.0056130496
      926.0000000000        0.0056106098
      927.0000000000        0.0056167050
      928.0000000000        0.0056167794
      929.0000000000        0.0056081485
      930.0000000000        0.0055579836
      931.0000000000        0.0055293196
      932.0000000000        0.0055291261
      933.0000000000        0.0055325857
      934.0000000000        0.0055151730
      935.0000000000        0.0055259459
      936.0000000000        0.0055311420
      937.0000000000        0.0055049672
      938.0000000000        0.0054830104
      939.0000000000        0.0054634782
      940.0000000000        0.0054622173
      941.0000000000        0.0054429350
      942.0000000000        0.0054435573
      943.0000000000        0.0054565230
      944.0000000000        0.0054400098
      945.0000000000        0.0054431288
      946.0000000000        0.0054456536
      947.0000000000        0.0054653862
      948.0000000000        0.0054965623
      949.0000000000        0.0055134691
      950.0000000000        0.0054665842
      951.0000000000        0.0054449909
      952.0000000000        0.0053693062
      953.0000000000        0.0053746434
      954.0000000000        0.0053954871
      955.0000000000        0.0053917132
      956.0000000000        0.0053812747
      957.0000000000        0.0053434992
      958.0000000000        0.0053443986
      959.0000000000        0.0053394372
      960.0000000000        0.0053438258
      961.0000000000        0.0053738842
      962.0000000000        0.0053580970
      963.0000000000        0.0053208626
      964.0000000000        0.0052627355
      965.0000000000        0.0052527828
      966.0000000000        0.0052787624
      967.0000000000        0.0052757291
      968.0000000000        0.0053091785
      969.0000000000        0.0053085925
      970.0000000000        0.0053289054
      971.0000000000        0.0053530623
      972.0000000000        0.0053115067
      973.0000000000        0.0053158334
      974.0000000000        0.0052990343
      975.0000000000        0.0053133183
      976.0000000000        0.0053070991
      977.0000000000        0.0052926819
      978.0000000000        0.0052710997
      979.0000000000        0.0052638655
      980.0000000000        0.0052818273
      981.0000000000        0.0052424430
      982.0000000000        0.0052375019
      983.0000000000        0.0052345630
      984.0000000000        0.0052113706
      985.0000000000        0.0052111404
      986.0000000000        0.0051911081
      987.0000000000        0.0051555213
      988.0000000000        0.0051262210
      989.0000000000        0.0051286642
      990.0000000000        0.0050860103
      991.0000000000        0.0050714814
      992.0000000000        0.0050770893
      993.0000000000        0.0050415003
      994.0000000000        0.0050097693
      995.0000000000        0.0050037178
      996.0000000000        0.0050038240
      997.0000000000        0.0049597028
      998.0000000000        0.0049210038
      999.0000000000        0.0048887426
     1000.0000000000        0.0048329385
     1001.0000000000        0.0048446361
     1002.0000000000        0.0048152065
     1003.0000000000        0.0048623368
     1004.0000000000        0.0048403014
     1005.0000000000        0.0048234999
     1006.0000000000        0.0047937335
     1007.0000000000        0.0047423409
     1008.0000000000        0.0046964771
     1009.0000000000        0.0046836369
     1010.0000000000        0.0047028798
     1011.0000000000        0.0046954354
     1012.0000000000        0.0046956675
     1013.0000000000        0.0046829523
     1014.0000000000        0.0046743573
     1015.0000000000        0.0046678543
     1016.0000000000        0.0046369517
     1017.0000000000        0.0046549510
     1018.0000000000        0.0046630145
     1019.0000000000        0.0046425191
     1020.0000000000        0.0046372416
     1021.0000000000        0.0046182095
     1022.0000000000        0.0046217182
     1023.0000000000        0.0046046120
     1024.0000000000        0.0045867143
     1025.0000000000        0.0046229868
     1026.0000000000        0.0045787175
     1027.0000000000        0.0045502890
     1028.0000000000        0.0045215169
     1029.0000000000        0.0044876894
     1030.0000000000        0.0044911444
     1031.0000000000        0.0044906784
     1032.0000000000        0.0045064196
     1033.0000000000        0.0045161083
     1034.0000000000        0.0044879201
     1035.0000000000        0.0044897582
     1036.0000000000        0.0044617574
     1037.0000000000        0.0044506271
     1038.0000000000        0.0044708664
     1039.0000000000        0.0044899875
     1040.0000000000        0.0044684139
     1041.0000000000        0.0044655900
     1042.0000000000        0.0044418413
     1043.0000000000        0.0043970228
     1044.0000000000        0.0043336103
     1045.0000000000        0.0042779523
     1046.0000000000        0.0042521180
     1047.0000000000        0.0042562319
     1048.0000000000        0.0042522808
     1049.0000000000        0.0043005684
     1050.0000000000        0.0042695758
     1051.0000000000        0.0042641672
     1052.0000000000        0.0042433076
     1053.0000000000        0.0042846798
     1054.0000000000        0.0043126435
     1055.0000000000        0.0043124752
     1056.0000000000        0.0043011053
     1057.0000000000        0.0043109778
     1058.0000000000        0.0043071196
     1059.0000000000        0.0043280062
     1060.0000000000        0.0043240852
     1061.0000000000        0.0043383276
     1062.0000000000        0.0043385349
     1063.0000000000        0.0043139449
     1064.0000000000        0.0043310860
     1065.0000000000        0.0043620879
     1066.0000000000        0.0043920313
     1067.0000000000        0.0043813838
     1068.0000000000        0.0043749256
     1069.0000000000        0.0043913490
     1070.0000000000        0.0043840521
     1071.0000000000        0.0043972881
     1072.0000000000        0.0043920311
     1073.0000000000        0.0044073654
     1074.0000000000        0.0044209237
     1075.0000000000        0.0044148565
     1076.0000000000        0.0044085115
     1077.0000000000        0.0044242168
     1078.0000000000        0.0044260761
     1079.0000000000        0.0043956073
     1080.0000000000        0.0043748959
     1081.0000000000        0.0043365399
     1082.0000000000        0.0043063823
     1083.0000000000        0.0043008367
     1084.0000000000        0.0042964617
     1085.0000000000        0.0042567611
     1086.0000000000        0.0042468173
     1087.0000000000        0.0042817907
     1088.0000000000        0.0042985446
     1089.0000000000        0.0043018824
     1090.0000000000        0.0043119448
     1091.0000000000        0.0043130522
     1092.0000000000        0.0043324212
     1093.0000000000        0.0043378924
     1094.0000000000        0.0042951987
     1095.0000000000        0.0042541068
     1096.0000000000        0.0042100205
     1097.0000000000        0.0041903554
     1098.0000000000        0.0041251464
     1099.0000000000        0.0040763709
     1100.0000000000        0.0041096916
     1101.0000000000        0.0040635014
     1102.0000000000        0.0040643292
     1103.0000000000        0.0040327960
     1104.0000000000        0.0039984366
     1105.0000000000        0.0040150504
     1106.0000000000        0.0040498853
     1107.0000000000        0.0040489826
     1108.0000000000        0.0040506666
     1109.0000000000        0.0040565872
     1110.0000000000        0.0040310226
     1111.0000000000        0.0040339993
     1112.0000000000        0.0040114847
     1113.0000000000        0.0039760962
     1114.0000000000        0.0039206138
     1115.0000000000        0.0038420481
     1116.0000000000        0.0038121952
     1117.0000000000        0.0037820037
     1118.0000000000        0.0038136086
     1119.0000000000        0.0037755818
     1120.0000000000        0.0037902333
     1121.0000000000        0.0037739866
     1122.0000000000        0.0037531339
     1123.0000000000        0.0036977055
     1124.0000000000        0.0036762623
     1125.0000000000        0.0036858833
     1126.0000000000        0.0036926434
     1127.0000000000        0.0036672318
     1128.0000000000        0.0036205164
     1129.0000000000        0.0035803867
     1130.0000000000        0.0035256750
     1131.0000000000        0.0035564068
     1132.0000000000        0.0035057625
     1133.0000000000        0.0035097322
     1134.0000000000        0.0034763388
     1135.0000000000        0.0034489624
     1136.0000000000        0.0034145581
     1137.0000000000        0.0033743506
     1138.0000000000        0.0034060321
     1139.0000000000        0.0033922361
     1140.0000000000        0.0033679273
     1141.0000000000        0.0033763123
     1142.0000000000        0.0033497898
     1143.0000000000        0.0033203510
     1144.0000000000        0.0033228785
     1145.0000000000        0.0032969231
     1146.0000000000        0.0032738643
     1147.0000000000        0.0032545548
     1148.0000000000        0.0033166118
     1149.0000000000        0.0033489490
     1150.0000000000        0.0033146709
     1151.0000000000        0.0033367776
     1152.0000000000        0.0033551167
     1153.0000000000        0.0033133058
     1154.0000000000        0.0033025274
     1155.0000000000        0.0033042755
     1156.0000000000        0.0033127470
     1157.0000000000        0.0033397085
     1158.0000000000        0.0033548520
     1159.0000000000        0.0033627733
     1160.0000000000        0.0033623118
     1161.0000000000        0.0033690682
     1162.0000000000        0.0034143942
     1163.0000000000        0.0034297970
     1164.0000000000        0.0034605318
     1165.0000000000        0.0034812312
     1166.0000000000        0.0035094469
     1167.0000000000        0.0034970392
     1168.0000000000        0.0034773367
     1169.0000000000        0.0034817894
     1170.0000000000        0.0034648715
     1171.0000000000        0.0034545917
     1172.0000000000        0.0034286582
     1173.0000000000        0.0033973542
     1174.0000000000        0.0033779968
     1175.0000000000        0.0033310906
     1176.0000000000        0.0032895065
     1177.0000000000        0.0032660501
     1178.0000000000        0.0032477037
     1179.0000000000        0.0032170398
     1180.0000000000        0.0032091572
     1181.0000000000        0.0032215673
     1182.0000000000        0.0031982184
     1183.0000000000        0.0031742951
     1184.0000000000        0.0031157390
     1185.0000000000        0.0030700074
     1186.0000000000        0.0030309686
     1187.0000000000        0.0030289212
     1188.0000000000        0.0030174293
     1189.0000000000        0.0030232499
     1190.0000000000        0.0030683800
     1191.0000000000        0.0030982353
     1192.0000000000        0.0030650262
     1193.0000000000        0.0030343772
     1194.0000000000        0.0029804978
     1195.0000000000        0.0029539150
     1196.0000000000        0.0029431581
     1197.0000000000        0.0029132137
     1198.0000000000        0.0029117390
     1199.0000000000        0.0028978253
     1200.0000000000        0.0029009924
     1201.0000000000        0.0029118305
     1202.0000000000        0.0029102714
     1203.0000000000        0.0029198769
     1204.0000000000        0.0029221179
     1205.0000000000        0.0029142363
     1206.0000000000        0.0029521090
     1207.0000000000        0.0029208907
     1208.0000000000        0.0029177965
     1209.0000000000        0.0029331140
     1210.0000000000        0.0029366684
     1211.0000000000        0.0029251194
     1212.0000000000        0.0029417267
     1213.0000000000        0.0029685831
     1214.0000000000        0.0029637793
     1215.0000000000        0.0029585899
     1216.0000000000        0.0029658686
     1217.0000000000        0.0029865569
     1218.0000000000        0.0029905527
     1219.0000000000        0.0030142979
     1220.0000000000        0.0029989194
     1221.0000000000        0.0029912326
     1222.0000000000        0.0029809671
     1223.0000000000        0.0029981458
     1224.0000000000        0.0029570589
     1225.0000000000        0.0029380550
     1226.0000000000        0.0029342886
     1227.0000000000        0.0029092471
     1228.0000000000        0.0028891078
     1229.0000000000        0.0028790112
     1230.0000000000        0.0028699134
     1231.0000000000        0.0028742241
     1232.0000000000        0.0028739823
     1233.0000000000        0.0028730015
     1234.0000000000        0.0028852362
     1235.0000000000        0.0028684182
     1236.0000000000        0.0028925184
     1237.0000000000        0.0028706356
     1238.0000000000        0.0028555254
     1239.0000000000        0.0028267748
     1240.0000000000        0.0028208493
     1241.0000000000        0.0028343911
     1242.0000000000        0.0028259468
     1243.0000000000        0.0028202751
     1244.0000000000        0.0028433441
     1245.0000000000        0.0028388087
     1246.0000000000        0.0028529245
     1247.0000000000        0.0028835127
     1248.0000000000        0.0028662053
     1249.0000000000        0.0028972713
     1250.0000000000        0.0028872270
     1251.0000000000        0.0029110544
     1252.0000000000        0.0029145219
     1253.0000000000        0.0029074846
     1254.0000000000        0.0028860843
     1255.0000000000        0.0029025365
     1256.0000000000        0.0028887560
     1257.0000000000        0.0028874961
     1258.0000000000        0.0028996017
     1259.0000000000        0.0028809684
     1260.0000000000        0.0028859243
     1261.0000000000        0.0028633057
     1262.0000000000        0.0028308172
     1263.0000000000        0.0028368066
     1264.0000000000        0.0028339083
     1265.0000000000        0.0027681885
     1266.0000000000        0.0027297338
     1267.0000000000        0.0027306859
     1268.0000000000        0.0027321698
     1269.0000000000        0.0027286856
     1270.0000000000        0.0026842642
     1271.0000000000        0.0026950477
     1272.0000000000        0.0026951501
     1273.0000000000        0.0026713165
     1274.0000000000        0.0026866307
     1275.0000000000        0.0026493858
     1276.0000000000        0.0026254828
     1277.0000000000        0.0026228620
     1278.0000000000        0.0026054725
     1279.0000000000        0.0026038370
     1280.0000000000        0.0026169751
     1281.0000000000        0.0026208923
     1282.0000000000        0.0025845902
     1283.0000000000        0.0025637108
     1284.0000000000        0.0025220814
     1285.0000000000        0.0025137275
     1286.0000000000        0.0024982486
     1287.0000000000        0.0024813476
     1288.0000000000        0.0024891135
     1289.0000000000        0.0024696311
     1290.0000000000        0.0024442808
     1291.0000000000        0.0024606177
     1292.0000000000        0.0024208430
     1293.0000000000        0.0024094248
     1294.0000000000        0.0023795490
     1295.0000000000        0.0023872167
     1296.0000000000        0.0023408346
     1297.0000000000        0.0023259896
     1298.0000000000        0.0022927635
     1299.0000000000        0.0022896776
     1300.0000000000        0.0022924674
     1301.0000000000        0.0023045936
     1302.0000000000        0.0023113843
     1303.0000000000        0.0022924939
     1304.0000000000        0.0022676877
     1305.0000000000        0.0022424635
     1306.0000000000        0.0022121282
     1307.0000000000        0.0021900989
     1308.0000000000        0.0021850470
     1309.0000000000        0.0021816554
     1310.0000000000        0.0021785403
     1311.0000000000        0.0021721299
     1312.0000000000        0.0022068043
     1313.0000000000        0.0022403060
     1314.0000000000        0.0022330814
     1315.0000000000        0.0022356756
     1316.0000000000        0.0022437579
     1317.0000000000        0.0022097436
     1318.0000000000        0.0021392390
     1319.0000000000        0.0021233681
     1320.0000000000        0.0020805041
     1321.0000000000        0.0020841696
     1322.0000000000        0.0020620823
     1323.0000000000        0.0020638104
     1324.0000000000        0.0020748522
     1325.0000000000        0.0021001637
     1326.0000000000        0.0020930207
     1327.0000000000        0.0020858481
     1328.0000000000        0.0020750340
     1329.0000000000        0.0020767533
     1330.0000000000        0.0020775849
     1331.0000000000        0.0021003960
     1332.0000000000        0.0020824524
     1333.0000000000        0.0020630486
     1334.0000000000        0.0020676612
     1335.0000000000        0.0020651410
     1336.0000000000        0.0020772583
     1337.0000000000        0.0020656919
     1338.0000000000        0.0020135650
     1339.0000000000        0.0019774773
     1340.0000000000        0.0019466992
     1341.0000000000        0.0019514746
     1342.0000000000        0.0019127565
     1343.0000000000        0.0018364464
     1344.0000000000        0.0018040801
     1345.0000000000        0.0018209489
     1346.0000000000        0.0017863155
     1347.0000000000        0.0017500236
     1348.0000000000        0.0017431642
     1349.0000000000        0.0017812309
     1350.0000000000        0.0018059447
     1351.0000000000        0.0018467327
     1352.0000000000        0.0018705544
     1353.0000000000        0.0018275757
     1354.0000000000        0.0018313616
     1355.0000000000        0.0017897044
     1356.0000000000        0.0017720497
     1357.0000000000        0.0017793332
     1358.0000000000        0.0018157512
     1359.0000000000        0.0018029613
     1360.0000000000        0.0018184599
     1361.0000000000        0.0018412344
     1362.0000000000        0.0018613308
     1363.0000000000        0.0018791120
     1364.0000000000        0.0018778294
     1365.0000000000        0.0018596097
     1366.0000000000        0.0018351029
     1367.0000000000        0.0018481786
     1368.0000000000        0.0018613631
     1369.0000000000        0.0018182176
     1370.0000000000        0.0017994852
     1371.0000000000        0.0018016112
     1372.0000000000        0.0018118770
     1373.0000000000        0.0018205403
     1374.0000000000        0.0018228583
     1375.0000000000        0.0017899769
     1376.0000000000        0.0018115234
     1377.0000000000        0.0017865696
     1378.0000000000        0.0018435726
     1379.0000000000        0.0018423862
     1380.0000000000        0.0018674508
     1381.0000000000        0.0018880205
     1382.0000000000        0.0018554069
     1383.0000000000        0.0018383179
     1384.0000000000        0.0018062220
     1385.0000000000        0.0018159697
     1386.0000000000        0.0017801111
     1387.0000000000        0.0017785931
     1388.0000000000        0.0017478371
     1389.0000000000        0.0017328707
     1390.0000000000        0.0017218997
     1391.0000000000        0.0016901089
     1392.0000000000        0.0016614411
     1393.0000000000        0.0016361674
     1394.0000000000        0.0016623542
     1395.0000000000        0.0016635087
     1396.0000000000        0.0016712448
     1397.0000000000        0.0016595466
     1398.0000000000        0.0016730659
     1399.0000000000        0.0016268560
     1400.0000000000        0.0015859821
     1401.0000000000        0.0016033077
     1402.0000000000        0.0016193840
     1403.0000000000        0.0016069886
     1404.0000000000        0.0016179581
     1405.0000000000        0.0016139038
     1406.0000000000        0.0016110703
     1407.0000000000        0.0016081417
     1408.0000000000        0.0016171213
     1409.0000000000        0.0016340452
     1410.0000000000        0.0015991517
     1411.0000000000        0.0015932011
     1412.0000000000        0.0016533034
     1413.0000000000        0.0016782297
     1414.0000000000        0.0016710463
     1415.0000000000        0.0016739424
     1416.0000000000        0.0017110089
     1417.0000000000        0.0017105106
     1418.0000000000        0.0017115098
     1419.0000000000        0.0017085125
     1420.0000000000        0.0017310988
     1421.0000000000        0.0017446885
     1422.0000000000        0.0017674832
     1423.0000000000        0.0017819770
     1424.0000000000        0.0017578339
     1425.0000000000        0.0017180324
     1426.0000000000        0.0017101582
     1427.0000000000        0.0017559900
     1428.0000000000        0.0017645031
     1429.0000000000        0.0017552357
     1430.0000000000        0.0017867491
     1431.0000000000        0.0017923154
     1432.0000000000        0.0018141305
     1433.0000000000        0.0018292993
     1434.0000000000        0.0018013795
     1435.0000000000        0.0018391750
     1436.0000000000        0.0018572854
     1437.0000000000        0.0018636159
     1438.0000000000        0.0018776922
     1439.0000000000        0.0018967260
     1440.0000000000        0.0018804618
     1441.0000000000        0.0018961142
     1442.0000000000        0.0018645715
     1443.0000000000        0.0018662243
     1444.0000000000        0.0017847852
     1445.0000000000        0.0017185036
     1446.0000000000        0.0016976387
     1447.0000000000        0.0016433240
     1448.0000000000        0.0015996301
     1449.0000000000        0.0015562608
     1450.0000000000        0.0014967219
     1451.0000000000        0.0014483893
     1452.0000000000        0.0014150178
     1453.0000000000        0.0014120904
     1454.0000000000        0.0014382191
     1455.0000000000        0.0014743776
     1456.0000000000        0.0014620718
     1457.0000000000        0.0014520289
     1458.0000000000        0.0014523869
     1459.0000000000        0.0014718056
     1460.0000000000        0.0014773392
     1461.0000000000        0.0014318670
     1462.0000000000        0.0014332455
     1463.0000000000        0.0014352601
     1464.0000000000        0.0014208622
     1465.0000000000        0.0014177321
     1466.0000000000        0.0014036594
     1467.0000000000        0.0013597698
     1468.0000000000        0.0013459146
     1469.0000000000        0.0013399017
     1470.0000000000        0.0013543313
     1471.0000000000        0.0013703721
     1472.0000000000        0.0013831953
     1473.0000000000        0.0014065970
     1474.0000000000        0.0014279724
     1475.0000000000        0.0014273665
     1476.0000000000        0.0013952409
     1477.0000000000        0.0013969676
     1478.0000000000        0.0013844622
     1479.0000000000        0.0013707813
     1480.0000000000        0.0013737830
     1481.0000000000        0.0013604434
     1482.0000000000        0.0013523053
     1483.0000000000        0.0013430900
     1484.0000000000        0.0013561365
     1485.0000000000        0.0013467182
     1486.0000000000        0.0013515694
     1487.0000000000        0.0013480711
     1488.0000000000        0.0013579571
     1489.0000000000        0.0013475018
     1490.0000000000        0.0013396451
     1491.0000000000        0.0013619085
     1492.0000000000        0.0013793035
     1493.0000000000        0.0014054317
     1494.0000000000        0.0014012911
     1495.0000000000        0.0013683465
     1496.0000000000        0.0013416685
     1497.0000000000        0.0013072304
     1498.0000000000        0.0013048396
     1499.0000000000        0.0012666208
     1500.0000000000        0.0012922610
     1501.0000000000        0.0013230743
     1502.0000000000        0.0013464984
     1503.0000000000        0.0013326476
     1504.0000000000        0.0012772723
     1505.0000000000        0.0012940123
     1506.0000000000        0.0013005249
     1507.0000000000        0.0013142054
     1508.0000000000        0.0013269941
     1509.0000000000        0.0013770027
     1510.0000000000        0.0013837704
     1511.0000000000        0.0013652908
     1512.0000000000        0.0013542587
     1513.0000000000        0.0013546397
     1514.0000000000        0.0013868379
     1515.0000000000        0.0013494018
     1516.0000000000        0.0013096938
     1517.0000000000        0.0013078765
     1518.0000000000        0.0013234566
     1519.0000000000        0.0013349766
     1520.0000000000        0.0013597053
     1521.0000000000        0.0013954365
     1522.0000000000        0.0013663858
     1523.0000000000        0.0013884030
     1524.0000000000        0.0013793979
     1525.0000000000        0.0013358893
     1526.0000000000        0.0013060906
     1527.0000000000        0.0013359066
     1528.0000000000        0.0013365626
     1529.0000000000        0.0013123173
     1530.0000000000        0.0012843929
     1531.0000000000        0.0012862057
     1532.0000000000        0.0013228857
     1533.0000000000        0.0013370127
     1534.0000000000        0.0013328692
     1535.0000000000        0.0013284875
     1536.0000000000        0.0013679229
     1537.0000000000        0.0013854703
     1538.0000000000        0.0013763934
     1539.0000000000        0.0014028660
     1540.0000000000        0.0013938717
     1541.0000000000        0.0014019853
     1542.0000000000        0.0013899315
     1543.0000000000        0.0014126180
     1544.0000000000        0.0013847104
     1545.0000000000        0.0013512577
     1546.0000000000        0.0013355326
     1547.0000000000        0.0013130468
     1548.0000000000        0.0012486569
     1549.0000000000        0.0012553923
     1550.0000000000        0.0012241337
     1551.0000000000        0.0012707757
     1552.0000000000        0.0012488199
     1553.0000000000        0.0012352737
     1554.0000000000        0.0012394387
     1555.0000000000        0.0012490327
     1556.0000000000        0.0012912770
     1557.0000000000        0.0012915881
     1558.0000000000        0.0012774706
     1559.0000000000        0.0012864963
     1560.0000000000        0.0013296662
     1561.0000000000        0.0013730199
     1562.0000000000        0.0013822281
     1563.0000000000        0.0013720761
     1564.0000000000        0.0013379776
     1565.0000000000        0.0013226678
     1566.0000000000        0.0013089973
     1567.0000000000        0.0013023155
     1568.0000000000        0.0013378806
     1569.0000000000        0.0013495724
     1570.0000000000        0.0013587663
     1571.0000000000        0.0013791802
     1572.0000000000        0.0013426647
     1573.0000000000        0.0012926627
     1574.0000000000        0.0013026230
     1575.0000000000        0.0013064167
     1576.0000000000        0.0013207242
     1577.0000000000        0.0013207944
     1578.0000000000        0.0013208316
     1579.0000000000        0.0013086421
     1580.0000000000        0.0013227210
     1581.0000000000        0.0013330198
     1582.0000000000        0.0013333050
     1583.0000000000        0.0013149946
     1584.0000000000        0.0013072165
     1585.0000000000        0.0013037235
     1586.0000000000        0.0013221333
     1587.0000000000        0.0013181778
     1588.0000000000        0.0013509510
     1589.0000000000        0.0013473443
     1590.0000000000        0.0013677173
     1591.0000000000        0.0013764440
     1592.0000000000        0.0013782336
     1593.0000000000        0.0013485809
     1594.0000000000        0.0013290330
     1595.0000000000        0.0013345500
     1596.0000000000        0.0013386265
     1597.0000000000        0.0013624083
     1598.0000000000        0.0013567802
     1599.0000000000        0.0013353802
     1600.0000000000        0.0013262196
     1601.0000000000        0.0013074194
     1602.0000000000        0.0012903908
     1603.0000000000        0.0012726109
     1604.0000000000        0.0012269025
     1605.0000000000        0.0011924012
     1606.0000000000        0.0011617064
     1607.0000000000        0.0011497502
     1608.0000000000        0.0011598433
     1609.0000000000        0.0011510196
     1610.0000000000        0.0011643980
     1611.0000000000        0.0011479860
     1612.0000000000        0.0011386811
     1613.0000000000        0.0011333968
     1614.0000000000        0.0011483931
     1615.0000000000        0.0011465635
     1616.0000000000        0.0011488129
     1617.0000000000        0.0011642772
     1618.0000000000        0.0011782772
     1619.0000000000        0.0011907409
     1620.0000000000        0.0011606760
     1621.0000000000        0.0011315869
     1622.0000000000        0.0011642577
     1623.0000000000        0.0011496462
     1624.0000000000        0.0011681982
     1625.0000000000        0.0011835094
     1626.0000000000        0.0012115941
     1627.0000000000        0.0012249683
     1628.0000000000        0.0012200406
     1629.0000000000        0.0012466939
     1630.0000000000        0.0012552238
     1631.0000000000        0.0012651217
     1632.0000000000        0.0012664423
     1633.0000000000        0.0012463073
     1634.0000000000        0.0012632951
     1635.0000000000        0.0012505829
     1636.0000000000        0.0012048897
     1637.0000000000        0.0012245155
     1638.0000000000        0.0012149393
     1639.0000000000        0.0011976438
     1640.0000000000        0.0011755654
     1641.0000000000        0.0011625381
     1642.0000000000        0.0011909018
     1643.0000000000        0.0011977185
     1644.0000000000        0.0011863443
     1645.0000000000        0.0011790436
     1646.0000000000        0.0011653757
     1647.0000000000        0.0011772806
     1648.0000000000        0.0011823412
     1649.0000000000        0.0011565927
     1650.0000000000        0.0011678796
     1651.0000000000        0.0011384470
     1652.0000000000        0.0011312576
     1653.0000000000        0.0011411425
     1654.0000000000        0.0011417630
     1655.0000000000        0.0011258859
     1656.0000000000        0.0011332546
     1657.0000000000        0.0011251052
     1658.0000000000        0.0011000368
     1659.0000000000        0.0010951684
     1660.0000000000        0.0010982522
     1661.0000000000        0.0010905807
     1662.0000000000        0.0010990904
     1663.0000000000        0.0011114470
     1664.0000000000        0.0011078660
     1665.0000000000        0.0011038244
     1666.0000000000        0.0010962396
     1667.0000000000        0.0010443169
     1668.0000000000        0.0010231521
     1669.0000000000        0.0010218466
     1670.0000000000        0.0010182953
     1671.0000000000        0.0010223703
     1672.0000000000        0.0010480878
     1673.0000000000        0.0010389054
     1674.0000000000        0.0010684677
     1675.0000000000        0.0010611501
     1676.0000000000        0.0010736391
     1677.0000000000        0.0010670345
     1678.0000000000        0.0010759483
     1679.0000000000        0.0010801881
     1680.0000000000        0.0010979678
     1681.0000000000        0.0010871104
     1682.0000000000        0.0010487327
     1683.0000000000        0.0010112906
     1684.0000000000        0.0009619767
     1685.0000000000        0.0009439897
     1686.0000000000        0.0009060167
     1687.0000000000        0.0008714777
     1688.0000000000        0.0008658892
     1689.0000000000        0.0008598628
     1690.0000000000        0.0008367713
     1691.0000000000        0.0008378682
     1692.0000000000        0.0008150126
     1693.0000000000        0.0008163841
     1694.0000000000        0.0008067488
     1695.0000000000        0.0008083812
     1696.0000000000        0.0008291867
     1697.0000000000        0.0007996160
     1698.0000000000        0.0007721772
     1699.0000000000        0.0007806342
     1700.0000000000        0.0008104113
     1701.0000000000        0.0008554197
     1702.0000000000        0.0008459505
     1703.0000000000        0.0008218328
     1704.0000000000        0.0008365231
     1705.0000000000        0.0008704415
     1706.0000000000        0.0009006413
     1707.0000000000        0.0009317807
     1708.0000000000        0.0009191548
     1709.0000000000        0.0008821604
     1710.0000000000        0.0008528049
     1711.0000000000        0.0008480658
     1712.0000000000        0.0008572485
     1713.0000000000        0.0008516971
     1714.0000000000        0.0008118242
     1715.0000000000        0.0008013761
     1716.0000000000        0.0008225943
     1717.0000000000        0.0008302648
     1718.0000000000        0.0008077882
     1719.0000000000        0.0007970413
     1720.0000000000        0.0008351753
     1721.0000000000        0.0008562647
     1722.0000000000        0.0008365650
     1723.0000000000        0.0008051636
     1724.0000000000        0.0007519128
     1725.0000000000        0.0007485971
     1726.0000000000        0.0007409311
     1727.0000000000        0.0007530265
     1728.0000000000        0.0007571769
     1729.0000000000        0.0007633261
     1730.0000000000        0.0007537074
     1731.0000000000        0.0007565904
     1732.0000000000        0.0007174267
     1733.0000000000        0.0007075419
     1734.0000000000        0.0007192698
     1735.0000000000        0.0007225226
     1736.0000000000        0.0007143706
     1737.0000000000        0.0007078675
     1738.0000000000        0.0007112214
     1739.0000000000        0.0007006588
     1740.0000000000        0.0006928192
     1741.0000000000        0.0007123838
     1742.0000000000        0.0007179193
     1743.0000000000        0.0007273550
     1744.0000000000        0.0007293367
     1745.0000000000        0.0007607793
     1746.0000000000        0.0007877805
     1747.0000000000        0.0007750531
     1748.0000000000        0.0007857312
     1749.0000000000        0.0008109978
     1750.0000000000        0.0007903466
     1751.0000000000        0.0008092579
     1752.0000000000        0.0008318328
     1753.0000000000        0.0008087123
     1754.0000000000        0.0008035474
     1755.0000000000        0.0007972862
     1756.0000000000        0.0008126363
     1757.0000000000        0.0007984003
     1758.0000000000        0.0007914963
     1759.0000000000        0.0007951501
     1760.0000000000        0.0007928043
     1761.0000000000        0.0008454729
     1762.0000000000        0.0008748100
     1763.0000000000        0.0008099550
     1764.0000000000        0.0008088212
     1765.0000000000        0.0008386271
     1766.0000000000        0.0008446571
     1767.0000000000        0.0008500348
     1768.0000000000        0.0008318649
     1769.0000000000        0.0008160776
     1770.0000000000        0.0008369296
     1771.0000000000        0.0008528722
     1772.0000000000        0.0008464728
     1773.0000000000        0.0008585146
     1774.0000000000        0.0008502400
     1775.0000000000        0.0008332738
     1776.0000000000        0.0007803795
     1777.0000000000        0.0007632577
     1778.0000000000        0.0007521411
     1779.0000000000        0.0007714240
     1780.0000000000        0.0007944838
     1781.0000000000        0.0008221769
     1782.0000000000        0.0008774608
     1783.0000000000        0.0008943236
     1784.0000000000        0.0008628914
     1785.0000000000        0.0008905218
     1786.0000000000        0.0008683786
     1787.0000000000        0.0008654914
     1788.0000000000        0.0008642902
     1789.0000000000        0.0009139241
     1790.0000000000        0.0009465779
     1791.0000000000        0.0009480416
     1792.0000000000        0.0009006098
     1793.0000000000        0.0008915760
     1794.0000000000        0.0008676367
     1795.0000000000        0.0008484949
     1796.0000000000        0.0008840101
     1797.0000000000        0.0008885044
     1798.0000000000        0.0009004756
     1799.0000000000        0.0008774567
     1800.0000000000        0.0009348020
     1801.0000000000        0.0009606593
     1802.0000000000        0.0009759002
     1803.0000000000        0.0009901171
     1804.0000000000        0.0009665325
     1805.0000000000        0.0010051902
     1806.0000000000        0.0010417030
     1807.0000000000        0.0010716417
     1808.0000000000        0.0010316869
     1809.0000000000        0.0009536619
     1810.0000000000        0.0009453452
     1811.0000000000        0.0009145529
     1812.0000000000        0.0008575756
     1813.0000000000        0.0008190049
     1814.0000000000        0.0008377725
     1815.0000000000        0.0008473944
     1816.0000000000        0.0008754376
     1817.0000000000        0.0008986709
     1818.0000000000        0.0009394616
     1819.0000000000        0.0009221279
     1820.0000000000        0.0009181573
     1821.0000000000        0.0009492327
     1822.0000000000        0.0009708274
     1823.0000000000        0.0009786582
     1824.0000000000        0.0009627374
     1825.0000000000        0.0009609382
     1826.0000000000        0.0009229531
     1827.0000000000        0.0008975296
     1828.0000000000        0.0009370262
     1829.0000000000        0.0009936856
     1830.0000000000        0.0010537213
     1831.0000000000        0.0010554345
     1832.0000000000        0.0010634967
     1833.0000000000        0.0011011331
     1834.0000000000        0.0011074713
     1835.0000000000        0.0011307040
     1836.0000000000        0.0011348218
     1837.0000000000        0.0011478046
     1838.0000000000        0.0011536013
     1839.0000000000        0.0011136513
     1840.0000000000        0.0010906485
     1841.0000000000        0.0010957670
     1842.0000000000        0.0010356942
     1843.0000000000        0.0010663187
     1844.0000000000        0.0010126883
     1845.0000000000        0.0009844896
     1846.0000000000        0.0009500128
     1847.0000000000        0.0009525726
     1848.0000000000        0.0009874509
     1849.0000000000        0.0010026570
     1850.0000000000        0.0009990530
     1851.0000000000        0.0009801606
     1852.0000000000        0.0009705123
     1853.0000000000        0.0009552673
     1854.0000000000        0.0009752374
     1855.0000000000        0.0009776667
     1856.0000000000        0.0009911904
     1857.0000000000        0.0009933425
     1858.0000000000        0.0009876776
     1859.0000000000        0.0010007256
     1860.0000000000        0.0009728783
     1861.0000000000        0.0009316934
     1862.0000000000        0.0009002076
     1863.0000000000        0.0008921366
     1864.0000000000        0.0008911072
     1865.0000000000        0.0008969889
     1866.0000000000        0.0009211115
     1867.0000000000        0.0008894393
     1868.0000000000        0.0009025006
     1869.0000000000        0.0009345786
     1870.0000000000        0.0009502979
     1871.0000000000        0.0009758904
     1872.0000000000        0.0009707744
     1873.0000000000        0.0009464700
     1874.0000000000        0.0009347789
     1875.0000000000        0.0009791344
     1876.0000000000        0.0009592037
     1877.0000000000        0.0009034393
     1878.0000000000        0.0009049514
     1879.0000000000        0.0009017667
     1880.0000000000        0.0008902293
     1881.0000000000        0.0008662628
     1882.0000000000        0.0008464792
     1883.0000000000        0.0007937009
     1884.0000000000        0.0007916974
     1885.0000000000        0.0008092936
     1886.0000000000        0.0007867869
     1887.0000000000        0.0008231713
     1888.0000000000        0.0008239371
     1889.0000000000        0.0008236053
     1890.0000000000        0.0008059609
     1891.0000000000        0.0008130971
     1892.0000000000        0.0008271071
     1893.0000000000        0.0008357010
     1894.0000000000        0.0008388008
     1895.0000000000        0.0008401203
     1896.0000000000        0.0008930672
     1897.0000000000        0.0008857292
     1898.0000000000        0.0008856695
     1899.0000000000        0.0009179735
     1900.0000000000        0.0009249570
     1901.0000000000        0.0009744655
     1902.0000000000        0.0010106635
     1903.0000000000        0.0010433068
     1904.0000000000        0.0010351910
     1905.0000000000        0.0010457518
     1906.0000000000        0.0010684253
     1907.0000000000        0.0010946067
     1908.0000000000        0.0011182920
     1909.0000000000        0.0011203198
     1910.0000000000        0.0011112981
     1911.0000000000        0.0011323985
     1912.0000000000        0.0011694863
     1913.0000000000        0.0011253268
     1914.0000000000        0.0011719761
     1915.0000000000        0.0011205586
     1916.0000000000        0.0011440762
     1917.0000000000        0.0011148723
     1918.0000000000        0.0011152769
     1919.0000000000        0.0010945333
     1920.0000000000        0.0011022724
     1921.0000000000        0.0011253791
     1922.0000000000        0.0011643249
     1923.0000000000        0.0011639024
     1924.0000000000        0.0011553325
     1925.0000000000        0.0011135041
     1926.0000000000        0.0010395847
     1927.0000000000        0.0010331494
     1928.0000000000        0.0010037961
     1929.0000000000        0.0009855938
     1930.0000000000        0.0009916755
     1931.0000000000        0.0009763843
     1932.0000000000        0.0009710877
     1933.0000000000        0.0009941598
     1934.0000000000        0.0009971696
     1935.0000000000        0.0010230666
     1936.0000000000        0.0010398670
     1937.0000000000        0.0010149975
     1938.0000000000        0.0010348287
     1939.0000000000        0.0010144589
     1940.0000000000        0.0010350901
     1941.0000000000        0.0009923148
     1942.0000000000        0.0009840880
     1943.0000000000        0.0009516413
     1944.0000000000        0.0009473871
     1945.0000000000        0.0009482970
     1946.0000000000        0.0009585620
     1947.0000000000        0.0009610544
     1948.0000000000        0.0009374945
     1949.0000000000        0.0009163934
     1950.0000000000        0.0008990790
     1951.0000000000        0.0008989930
     1952.0000000000        0.0008616107
     1953.0000000000        0.0008847046
     1954.0000000000        0.0009047350
     1955.0000000000        0.0009200383
     1956.0000000000        0.0009149805
     1957.0000000000        0.0009220694
     1958.0000000000        0.0009345312
     1959.0000000000        0.0009441973
     1960.0000000000        0.0009601430
     1961.0000000000        0.0009501329
     1962.0000000000        0.0009423737
     1963.0000000000        0.0009295701
     1964.0000000000        0.0009444774
     1965.0000000000        0.0009472629
     1966.0000000000        0.0009668532
     1967.0000000000        0.0009481996
     1968.0000000000        0.0009595599
     1969.0000000000        0.0009813905
     1970.0000000000        0.0009678168
     1971.0000000000        0.0009990529
     1972.0000000000        0.0010326991
     1973.0000000000        0.0009993325
     1974.0000000000        0.0009983235
     1975.0000000000        0.0010052332
     1976.0000000000        0.0010171979
     1977.0000000000        0.0010154525
     1978.0000000000        0.0010025976
     1979.0000000000        0.0009903184
     1980.0000000000        0.0009940239
     1981.0000000000        0.0010113014
     1982.0000000000        0.0009794218
     1983.0000000000        0.0009959846
     1984.0000000000        0.0010118929
     1985.0000000000        0.0010236749
     1986.0000000000        0.0010238893
     1987.0000000000        0.0010230613
     1988.0000000000        0.0010287965
     1989.0000000000        0.0010482309
     1990.0000000000        0.0010621574
     1991.0000000000        0.0010454922
     1992.0000000000        0.0010310296
     1993.0000000000        0.0010162751
     1994.0000000000        0.0010400820
     1995.0000000000        0.0010291384
     1996.0000000000        0.0010491906
     1997.0000000000        0.0010203159
     1998.0000000000        0.0010140420
     1999.0000000000        0.0009766364
     2000.0000000000        0.0009211463
     2001.0000000000        0.0009274773
     2002.0000000000        0.0009306574
     2003.0000000000        0.0009154067
     2004.0000000000        0.0008877783
     2005.0000000000        0.0008619695
     2006.0000000000        0.0008833250
     2007.0000000000        0.0008432536
     2008.0000000000        0.0008064189
     2009.0000000000        0.0007901713
     2010.0000000000        0.0008002670
     2011.0000000000        0.0008521686
     2012.0000000000        0.0008353378
     2013.0000000000        0.0008635083
     2014.0000000000        0.0008405145
     2015.0000000000        0.0008420332
     2016.0000000000        0.0008480683
     2017.0000000000        0.0008306370
     2018.0000000000        0.0008242301
     2019.0000000000        0.0008418364
     2020.0000000000        0.0008677189
     2021.0000000000        0.0008413164
     2022.0000000000        0.0008142092
     2023.0000000000        0.0007234173
     2024.0000000000        0.0007378421
     2025.0000000000        0.0006960319
     2026.0000000000        0.0006837136
     2027.0000000000        0.0006444626
     2028.0000000000        0.0006365343
     2029.0000000000        0.0006627074
     2030.0000000000        0.0006342274
     2031.0000000000        0.0006406643
     2032.0000000000        0.0006177357
     2033.0000000000        0.0006436622
     2034.0000000000        0.0006626781
     2035.0000000000        0.0006671201
     2036.0000000000        0.0006725591
     2037.0000000000        0.0006559963
     2038.0000000000        0.0006635418
     2039.0000000000        0.0006155608
     2040.0000000000        0.0005933941
     2041.0000000000        0.0006138580
     2042.0000000000        0.0005961362
     2043.0000000000        0.0006073046
     2044.0000000000        0.0006124067
     2045.0000000000        0.0005695134
     2046.0000000000        0.0005515241
     2047.0000000000        0.0005976135
     2048.0000000000        0.0005931676
