        0.0000000000        0.2769460616
        1.0000000000        0.1909621649
        2.0000000000        0.1620901973
        3.0000000000        0.1457980499
        4.0000000000        0.1347078824
        5.0000000000        0.1264225033
        6.0000000000        0.1198445160
        7.0000000000        0.1144291864
        8.0000000000        0.1098368921
        9.0000000000        0.1058721156
       10.0000000000        0.1023886974
       11.0000000000        0.0992912153
       12.0000000000        0.0965056644
       13.0000000000        0.0939732649
       14.0000000000        0.0916642294
       15.0000000000        0.0895432871
       16.0000000000        0.0875849325
       17.0000000000        0.0857523864
       18.0000000000        0.0840429086
       19.0000000000        0.0824553325
       20.0000000000        0.0809530902
       21.0000000000        0.0795375027
       22.0000000000        0.0781918518
       23.0000000000        0.0769163004
       24.0000000000        0.0757088849
       25.0000000000        0.0745576791
       26.0000000000        0.0734659083
       27.0000000000        0.0724071598
       28.0000000000        0.0713997437
       29.0000000000        0.0704306489
       30.0000000000        0.0695061994
       31.0000000000        0.0686165178
       32.0000000000        0.0677575395
       33.0000000000        0.0669316268
       34.0000000000        0.0661263521
       35.0000000000        0.0653470952
       36.0000000000        0.0646097843
       37.0000000000        0.0638817232
       38.0000000000        0.0631749729
       39.0000000000        0.0625002141
       40.0000000000        0.0618356620
       41.0000000000        0.0611996463
       42.0000000000        0.0605718069
       43.0000000000        0.0599686341
       44.0000000000        0.0593798768
       45.0000000000        0.0588060139
       46.0000000000        0.0582560462
       47.0000000000        0.0577208060
       48.0000000000        0.0572021427
       49.0000000000        0.0566863577
       50.0000000000        0.0561829798
       51.0000000000        0.0556824444
       52.0000000000        0.0552091121
       53.0000000000        0.0547462003
       54.0000000000        0.0542911534
       55.0000000000        0.0538399431
       56.0000000000        0.0534064566
       57.0000000000        0.0529702972
       58.0000000000        0.0525519881
       59.0000000000        0.0521450073
       60.0000000000        0.0517305299
       61.0000000000        0.0513446364
       62.0000000000        0.0509660339
       63.0000000000        0.0505803690
       64.0000000000        0.0502121409
       65.0000000000        0.0498469428
       66.0000000000        0.0494821100
       67.0000000000        0.0491290347
       68.0000000000        0.0487820330
       69.0000000000        0.0484479566
       70.0000000000        0.0481084926
       71.0000000000        0.0477697304
       72.0000000000        0.0474490411
       73.0000000000        0.0471305588
       74.0000000000        0.0468212659
       75.0000000000        0.0465031485
       76.0000000000        0.0461921801
       77.0000000000        0.0458978260
       78.0000000000        0.0455994990
       79.0000000000        0.0453033144
       80.0000000000        0.0450271189
       81.0000000000        0.0447512404
       82.0000000000        0.0444668670
       83.0000000000        0.0442139162
       84.0000000000        0.0439319453
       85.0000000000        0.0436547181
       86.0000000000        0.0433944396
       87.0000000000        0.0431334963
       88.0000000000        0.0428758419
       89.0000000000        0.0426303763
       90.0000000000        0.0423759309
       91.0000000000        0.0421313693
       92.0000000000        0.0418941818
       93.0000000000        0.0416609204
       94.0000000000        0.0414296777
       95.0000000000        0.0411874170
       96.0000000000        0.0409568540
       97.0000000000        0.0407287985
       98.0000000000        0.0405096437
       99.0000000000        0.0402772129
      100.0000000000        0.0400679046
      101.0000000000        0.0398520526
      102.0000000000        0.0396296284
      103.0000000000        0.0394206649
      104.0000000000        0.0392096580
      105.0000000000        0.0390071328
      106.0000000000        0.0388054330
      107.0000000000        0.0386051571
      108.0000000000        0.0384049900
      109.0000000000        0.0382013513
      110.0000000000        0.0380103253
      111.0000000000        0.0378174286
      112.0000000000        0.0376206515
      113.0000000000        0.0374328633
      114.0000000000        0.0372411238
      115.0000000000        0.0370583680
      116.0000000000        0.0368692328
      117.0000000000        0.0366864848
      118.0000000000        0.0365063161
      119.0000000000        0.0363309865
      120.0000000000        0.0361540464
      121.0000000000        0.0359776184
      122.0000000000        0.0358083791
      123.0000000000        0.0356414301
      124.0000000000        0.0354790382
      125.0000000000        0.0353056307
      126.0000000000        0.0351471868
      127.0000000000        0.0349839581
      128.0000000000        0.0348195573
      129.0000000000        0.0346641080
      130.0000000000        0.0345029464
      131.0000000000        0.0343389099
      132.0000000000        0.0341855383
      133.0000000000        0.0340332093
      134.0000000000        0.0338791956
      135.0000000000        0.0337284747
      136.0000000000        0.0335681718
      137.0000000000        0.0334164006
      138.0000000000        0.0332702068
      139.0000000000        0.0331342442
      140.0000000000        0.0329957908
      141.0000000000        0.0328569119
      142.0000000000        0.0327097792
      143.0000000000        0.0325686529
      144.0000000000        0.0324278667
      145.0000000000        0.0322860703
      146.0000000000        0.0321535941
      147.0000000000        0.0320130638
      148.0000000000        0.0318797375
      149.0000000000        0.0317458995
      150.0000000000        0.0316173578
      151.0000000000        0.0314806143
      152.0000000000        0.0313430135
      153.0000000000        0.0312076505
      154.0000000000        0.0310835977
      155.0000000000        0.0309576780
      156.0000000000        0.0308311481
      157.0000000000        0.0307047190
      158.0000000000        0.0305763544
      159.0000000000        0.0304519162
      160.0000000000        0.0303334142
      161.0000000000        0.0302139330
      162.0000000000        0.0300824021
      163.0000000000        0.0299594974
      164.0000000000        0.0298368483
      165.0000000000        0.0297264724
      166.0000000000        0.0296133891
      167.0000000000        0.0294911074
      168.0000000000        0.0293783502
      169.0000000000        0.0292629707
      170.0000000000        0.0291447263
      171.0000000000        0.0290240947
      172.0000000000        0.0289126800
      173.0000000000        0.0287983709
      174.0000000000        0.0286804449
      175.0000000000        0.0285738446
      176.0000000000        0.0284576536
      177.0000000000        0.0283572963
      178.0000000000        0.0282490719
      179.0000000000        0.0281381717
      180.0000000000        0.0280358858
      181.0000000000        0.0279292918
      182.0000000000        0.0278216605
      183.0000000000        0.0277150410
      184.0000000000        0.0276248073
      185.0000000000        0.0275300409
      186.0000000000        0.0274275974
      187.0000000000        0.0273205759
      188.0000000000        0.0272206273
      189.0000000000        0.0271158529
      190.0000000000        0.0270244705
      191.0000000000        0.0269195958
      192.0000000000        0.0268257580
      193.0000000000        0.0267183706
      194.0000000000        0.0266288487
      195.0000000000        0.0265251981
      196.0000000000        0.0264294810
      197.0000000000        0.0263208956
      198.0000000000        0.0262323545
      199.0000000000        0.0261432771
      200.0000000000        0.0260521209
      201.0000000000        0.0259488020
      202.0000000000        0.0258447829
      203.0000000000        0.0257621860
      204.0000000000        0.0256687246
      205.0000000000        0.0255857866
      206.0000000000        0.0254926544
      207.0000000000        0.0253940142
      208.0000000000        0.0253025381
      209.0000000000        0.0252101628
      210.0000000000        0.0251210515
      211.0000000000        0.0250360985
      212.0000000000        0.0249514223
      213.0000000000        0.0248648274
      214.0000000000        0.0247777955
      215.0000000000        0.0246940896
      216.0000000000        0.0246090111
      217.0000000000        0.0245186484
      218.0000000000        0.0244376062
      219.0000000000        0.0243504988
      220.0000000000        0.0242654833
      221.0000000000        0.0241802039
      222.0000000000        0.0240849494
      223.0000000000        0.0240076958
      224.0000000000        0.0239180668
      225.0000000000        0.0238293067
      226.0000000000        0.0237468824
      227.0000000000        0.0236616343
      228.0000000000        0.0235824227
      229.0000000000        0.0234909444
      230.0000000000        0.0234158807
      231.0000000000        0.0233385343
      232.0000000000        0.0232616121
      233.0000000000        0.0231859503
      234.0000000000        0.0231166113
      235.0000000000        0.0230412033
      236.0000000000        0.0229681182
      237.0000000000        0.0228875504
      238.0000000000        0.0228120753
      239.0000000000        0.0227395248
      240.0000000000        0.0226655765
      241.0000000000        0.0225891616
      242.0000000000        0.0225291492
      243.0000000000        0.0224396913
      244.0000000000        0.0223751223
      245.0000000000        0.0223074569
      246.0000000000        0.0222377047
      247.0000000000        0.0221601164
      248.0000000000        0.0220941260
      249.0000000000        0.0220208581
      250.0000000000        0.0219501407
      251.0000000000        0.0218881932
      252.0000000000        0.0218205902
      253.0000000000        0.0217487952
      254.0000000000        0.0216721091
      255.0000000000        0.0215993958
      256.0000000000        0.0215288480
      257.0000000000        0.0214663494
      258.0000000000        0.0213968624
      259.0000000000        0.0213333498
      260.0000000000        0.0212627833
      261.0000000000        0.0211948326
      262.0000000000        0.0211218855
      263.0000000000        0.0210504686
      264.0000000000        0.0209901184
      265.0000000000        0.0209267896
      266.0000000000        0.0208705147
      267.0000000000        0.0208070781
      268.0000000000        0.0207376457
      269.0000000000        0.0206717058
      270.0000000000        0.0206119545
      271.0000000000        0.0205413346
      272.0000000000        0.0204728077
      273.0000000000        0.0204042837
      274.0000000000        0.0203462663
      275.0000000000        0.0202864890
      276.0000000000        0.0202286386
      277.0000000000        0.0201643062
      278.0000000000        0.0200987700
      279.0000000000        0.0200384740
      280.0000000000        0.0199651672
      281.0000000000        0.0198945921
      282.0000000000        0.0198256642
      283.0000000000        0.0197705344
      284.0000000000        0.0197072889
      285.0000000000        0.0196506913
      286.0000000000        0.0195897320
      287.0000000000        0.0195295715
      288.0000000000        0.0194749104
      289.0000000000        0.0194134107
      290.0000000000        0.0193502066
      291.0000000000        0.0192913274
      292.0000000000        0.0192371936
      293.0000000000        0.0191785513
      294.0000000000        0.0191208251
      295.0000000000        0.0190610226
      296.0000000000        0.0189952842
      297.0000000000        0.0189411878
      298.0000000000        0.0188860249
      299.0000000000        0.0188350442
      300.0000000000        0.0187750998
      301.0000000000        0.0187266487
      302.0000000000        0.0186674738
      303.0000000000        0.0186050730
      304.0000000000        0.0185472421
      305.0000000000        0.0185049226
      306.0000000000        0.0184409575
      307.0000000000        0.0183824396
      308.0000000000        0.0183222813
      309.0000000000        0.0182651320
      310.0000000000        0.0182175060
      311.0000000000        0.0181576086
      312.0000000000        0.0181121055
      313.0000000000        0.0180559212
      314.0000000000        0.0180047034
      315.0000000000        0.0179530819
      316.0000000000        0.0178940796
      317.0000000000        0.0178351903
      318.0000000000        0.0177860908
      319.0000000000        0.0177378780
      320.0000000000        0.0176906206
      321.0000000000        0.0176345939
      322.0000000000        0.0175873195
      323.0000000000        0.0175351284
      324.0000000000        0.0174927777
      325.0000000000        0.0174450392
      326.0000000000        0.0174001800
      327.0000000000        0.0173577177
      328.0000000000        0.0173098107
      329.0000000000        0.0172602284
      330.0000000000        0.0172164100
      331.0000000000        0.0171640604
      332.0000000000        0.0170998476
      333.0000000000        0.0170510588
      334.0000000000        0.0170076441
      335.0000000000        0.0169516661
      336.0000000000        0.0169044417
      337.0000000000        0.0168552937
      338.0000000000        0.0167977358
      339.0000000000        0.0167520445
      340.0000000000        0.0167025507
      341.0000000000        0.0166549569
      342.0000000000        0.0165946502
      343.0000000000        0.0165476581
      344.0000000000        0.0165035079
      345.0000000000        0.0164618963
      346.0000000000        0.0164257773
      347.0000000000        0.0163784036
      348.0000000000        0.0163401841
      349.0000000000        0.0162803607
      350.0000000000        0.0162395481
      351.0000000000        0.0161933585
      352.0000000000        0.0161423520
      353.0000000000        0.0160945588
      354.0000000000        0.0160500927
      355.0000000000        0.0160054309
      356.0000000000        0.0159633744
      357.0000000000        0.0159199391
      358.0000000000        0.0158775005
      359.0000000000        0.0158299176
      360.0000000000        0.0157811716
      361.0000000000        0.0157463130
      362.0000000000        0.0156977632
      363.0000000000        0.0156580146
      364.0000000000        0.0156181627
      365.0000000000        0.0155730765
      366.0000000000        0.0155350003
      367.0000000000        0.0154816624
      368.0000000000        0.0154308782
      369.0000000000        0.0153930690
      370.0000000000        0.0153552088
      371.0000000000        0.0153176877
      372.0000000000        0.0152755637
      373.0000000000        0.0152366287
      374.0000000000        0.0151875840
      375.0000000000        0.0151457866
      376.0000000000        0.0151154023
      377.0000000000        0.0150745266
      378.0000000000        0.0150299449
      379.0000000000        0.0149878689
      380.0000000000        0.0149457089
      381.0000000000        0.0149091991
      382.0000000000        0.0148692902
      383.0000000000        0.0148268309
      384.0000000000        0.0147922484
      385.0000000000        0.0147470712
      386.0000000000        0.0147070373
      387.0000000000        0.0146683268
      388.0000000000        0.0146348914
      389.0000000000        0.0145912970
      390.0000000000        0.0145573776
      391.0000000000        0.0145120952
      392.0000000000        0.0144654845
      393.0000000000        0.0144320010
      394.0000000000        0.0143905281
      395.0000000000        0.0143565893
      396.0000000000        0.0143147624
      397.0000000000        0.0142736688
      398.0000000000        0.0142348844
      399.0000000000        0.0141905261
      400.0000000000        0.0141552373
      401.0000000000        0.0141267904
      402.0000000000        0.0140924088
      403.0000000000        0.0140498979
      404.0000000000        0.0140169782
      405.0000000000        0.0139748011
      406.0000000000        0.0139280166
      407.0000000000        0.0138923074
      408.0000000000        0.0138442874
      409.0000000000        0.0138108718
      410.0000000000        0.0137790592
      411.0000000000        0.0137536928
      412.0000000000        0.0137215603
      413.0000000000        0.0136751953
      414.0000000000        0.0136424170
      415.0000000000        0.0136097641
      416.0000000000        0.0135713867
      417.0000000000        0.0135436771
      418.0000000000        0.0135110532
      419.0000000000        0.0134881284
      420.0000000000        0.0134598424
      421.0000000000        0.0134269343
      422.0000000000        0.0133919497
      423.0000000000        0.0133495703
      424.0000000000        0.0133070737
      425.0000000000        0.0132620754
      426.0000000000        0.0132342995
      427.0000000000        0.0131972675
      428.0000000000        0.0131676221
      429.0000000000        0.0131306272
      430.0000000000        0.0130987705
      431.0000000000        0.0130554947
      432.0000000000        0.0130204723
      433.0000000000        0.0129954161
      434.0000000000        0.0129654156
      435.0000000000        0.0129185378
      436.0000000000        0.0128851569
      437.0000000000        0.0128543293
      438.0000000000        0.0128168057
      439.0000000000        0.0127855505
      440.0000000000        0.0127538422
      441.0000000000        0.0127223052
      442.0000000000        0.0126886188
      443.0000000000        0.0126612626
      444.0000000000        0.0126235605
      445.0000000000        0.0125918570
      446.0000000000        0.0125668979
      447.0000000000        0.0125315256
      448.0000000000        0.0124934415
      449.0000000000        0.0124585208
      450.0000000000        0.0124286416
      451.0000000000        0.0123918839
      452.0000000000        0.0123678606
      453.0000000000        0.0123240116
      454.0000000000        0.0122915321
      455.0000000000        0.0122620700
      456.0000000000        0.0122353619
      457.0000000000        0.0122027188
      458.0000000000        0.0121754021
      459.0000000000        0.0121407089
      460.0000000000        0.0121137865
      461.0000000000        0.0120832046
      462.0000000000        0.0120496353
      463.0000000000        0.0120185701
      464.0000000000        0.0119823111
      465.0000000000        0.0119576075
      466.0000000000        0.0119317990
      467.0000000000        0.0119037694
      468.0000000000        0.0118745053
      469.0000000000        0.0118480810
      470.0000000000        0.0118200923
      471.0000000000        0.0117944421
      472.0000000000        0.0117635522
      473.0000000000        0.0117336315
      474.0000000000        0.0117085388
      475.0000000000        0.0116790854
      476.0000000000        0.0116473312
      477.0000000000        0.0116173594
      478.0000000000        0.0115962211
      479.0000000000        0.0115695786
      480.0000000000        0.0115417288
      481.0000000000        0.0115021577
      482.0000000000        0.0114726671
      483.0000000000        0.0114450169
      484.0000000000        0.0114171820
      485.0000000000        0.0113889712
      486.0000000000        0.0113565527
      487.0000000000        0.0113261667
      488.0000000000        0.0113026571
      489.0000000000        0.0112719423
      490.0000000000        0.0112453044
      491.0000000000        0.0112173969
      492.0000000000        0.0111914333
      493.0000000000        0.0111552648
      494.0000000000        0.0111275646
      495.0000000000        0.0111054357
      496.0000000000        0.0110757617
      497.0000000000        0.0110357841
      498.0000000000        0.0110125180
      499.0000000000        0.0109797064
      500.0000000000        0.0109532382
      501.0000000000        0.0109239817
      502.0000000000        0.0108940877
      503.0000000000        0.0108661871
      504.0000000000        0.0108489510
      505.0000000000        0.0108326368
      506.0000000000        0.0108118504
      507.0000000000        0.0107839696
      508.0000000000        0.0107594037
      509.0000000000        0.0107342130
      510.0000000000        0.0107058405
      511.0000000000        0.0106774635
      512.0000000000        0.0106538505
      513.0000000000        0.0106231375
      514.0000000000        0.0106073123
      515.0000000000        0.0105875788
      516.0000000000        0.0105583540
      517.0000000000        0.0105324087
      518.0000000000        0.0105079878
      519.0000000000        0.0104765908
      520.0000000000        0.0104392308
      521.0000000000        0.0104113826
      522.0000000000        0.0103893484
      523.0000000000        0.0103649225
      524.0000000000        0.0103341132
      525.0000000000        0.0103159122
      526.0000000000        0.0102951902
      527.0000000000        0.0102618020
      528.0000000000        0.0102346636
      529.0000000000        0.0102055733
      530.0000000000        0.0101781892
      531.0000000000        0.0101443527
      532.0000000000        0.0101279834
      533.0000000000        0.0100945533
      534.0000000000        0.0100755417
      535.0000000000        0.0100555558
      536.0000000000        0.0100267755
      537.0000000000        0.0100015650
      538.0000000000        0.0099879057
      539.0000000000        0.0099560560
      540.0000000000        0.0099315155
      541.0000000000        0.0099080163
      542.0000000000        0.0098810570
      543.0000000000        0.0098515317
      544.0000000000        0.0098268739
      545.0000000000        0.0098105926
      546.0000000000        0.0097758900
      547.0000000000        0.0097500973
      548.0000000000        0.0097317516
      549.0000000000        0.0097062775
      550.0000000000        0.0096873781
      551.0000000000        0.0096719905
      552.0000000000        0.0096481389
      553.0000000000        0.0096300798
      554.0000000000        0.0096007381
      555.0000000000        0.0095702519
      556.0000000000        0.0095516684
      557.0000000000        0.0095371060
      558.0000000000        0.0095052813
      559.0000000000        0.0094853127
      560.0000000000        0.0094716176
      561.0000000000        0.0094466687
      562.0000000000        0.0094296218
      563.0000000000        0.0093988028
      564.0000000000        0.0093733347
      565.0000000000        0.0093432591
      566.0000000000        0.0093273716
      567.0000000000        0.0093028906
      568.0000000000        0.0092813390
      569.0000000000        0.0092616585
      570.0000000000        0.0092297201
      571.0000000000        0.0092111788
      572.0000000000        0.0091886936
      573.0000000000        0.0091672495
      574.0000000000        0.0091437345
      575.0000000000        0.0091212692
      576.0000000000        0.0090977977
      577.0000000000        0.0090688749
      578.0000000000        0.0090420752
      579.0000000000        0.0090269512
      580.0000000000        0.0090120388
      581.0000000000        0.0089965469
      582.0000000000        0.0089677348
      583.0000000000        0.0089499534
      584.0000000000        0.0089197534
      585.0000000000        0.0089028655
      586.0000000000        0.0088798865
      587.0000000000        0.0088555622
      588.0000000000        0.0088292757
      589.0000000000        0.0088108718
      590.0000000000        0.0087898533
      591.0000000000        0.0087672533
      592.0000000000        0.0087534963
      593.0000000000        0.0087358682
      594.0000000000        0.0087286682
      595.0000000000        0.0087107702
      596.0000000000        0.0086913420
      597.0000000000        0.0086602147
      598.0000000000        0.0086410651
      599.0000000000        0.0086127624
      600.0000000000        0.0086008745
      601.0000000000        0.0085772524
      602.0000000000        0.0085582402
      603.0000000000        0.0085297561
      604.0000000000        0.0085101000
      605.0000000000        0.0084955378
      606.0000000000        0.0084778471
      607.0000000000        0.0084513578
      608.0000000000        0.0084341173
      609.0000000000        0.0084104087
      610.0000000000        0.0083924703
      611.0000000000        0.0083638138
      612.0000000000        0.0083356798
      613.0000000000        0.0083157542
      614.0000000000        0.0083085541
      615.0000000000        0.0082851152
      616.0000000000        0.0082601645
      617.0000000000        0.0082408388
      618.0000000000        0.0082138745
      619.0000000000        0.0081960628
      620.0000000000        0.0081773151
      621.0000000000        0.0081568301
      622.0000000000        0.0081406524
      623.0000000000        0.0081180811
      624.0000000000        0.0080897579
      625.0000000000        0.0080648939
      626.0000000000        0.0080439892
      627.0000000000        0.0080225945
      628.0000000000        0.0080037447
      629.0000000000        0.0079850451
      630.0000000000        0.0079567555
      631.0000000000        0.0079463883
      632.0000000000        0.0079254491
      633.0000000000        0.0079132841
      634.0000000000        0.0078958514
      635.0000000000        0.0078781766
      636.0000000000        0.0078570349
      637.0000000000        0.0078399981
      638.0000000000        0.0078259533
      639.0000000000        0.0078088271
      640.0000000000        0.0077939337
      641.0000000000        0.0077690399
      642.0000000000        0.0077498297
      643.0000000000        0.0077363392
      644.0000000000        0.0077235081
      645.0000000000        0.0076957082
      646.0000000000        0.0076743372
      647.0000000000        0.0076524951
      648.0000000000        0.0076297716
      649.0000000000        0.0076091500
      650.0000000000        0.0075868620
      651.0000000000        0.0075712524
      652.0000000000        0.0075572239
      653.0000000000        0.0075532665
      654.0000000000        0.0075357714
      655.0000000000        0.0075181273
      656.0000000000        0.0075009409
      657.0000000000        0.0074841264
      658.0000000000        0.0074584459
      659.0000000000        0.0074372999
      660.0000000000        0.0074216371
      661.0000000000        0.0074137221
      662.0000000000        0.0073933916
      663.0000000000        0.0073700556
      664.0000000000        0.0073575731
      665.0000000000        0.0073309320
      666.0000000000        0.0073142257
      667.0000000000        0.0072863187
      668.0000000000        0.0072770365
      669.0000000000        0.0072628025
      670.0000000000        0.0072456883
      671.0000000000        0.0072280271
      672.0000000000        0.0072182488
      673.0000000000        0.0071961813
      674.0000000000        0.0071763048
      675.0000000000        0.0071660294
      676.0000000000        0.0071423492
      677.0000000000        0.0071248105
      678.0000000000        0.0071093927
      679.0000000000        0.0070906927
      680.0000000000        0.0070721700
      681.0000000000        0.0070564232
      682.0000000000        0.0070369571
      683.0000000000        0.0070232791
      684.0000000000        0.0070122525
      685.0000000000        0.0069883204
      686.0000000000        0.0069641812
      687.0000000000        0.0069456030
      688.0000000000        0.0069352023
      689.0000000000        0.0069276281
      690.0000000000        0.0069159412
      691.0000000000        0.0069058904
      692.0000000000        0.0068825335
      693.0000000000        0.0068608751
      694.0000000000        0.0068384712
      695.0000000000        0.0068228057
      696.0000000000        0.0068015685
      697.0000000000        0.0067828926
      698.0000000000        0.0067668093
      699.0000000000        0.0067484119
      700.0000000000        0.0067299707
      701.0000000000        0.0067135508
      702.0000000000        0.0067006416
      703.0000000000        0.0066872866
      704.0000000000        0.0066818323
      705.0000000000        0.0066661444
      706.0000000000        0.0066437093
      707.0000000000        0.0066346310
      708.0000000000        0.0066205549
      709.0000000000        0.0065994213
      710.0000000000        0.0065813576
      711.0000000000        0.0065714491
      712.0000000000        0.0065671604
      713.0000000000        0.0065601625
      714.0000000000        0.0065349708
      715.0000000000        0.0065168226
      716.0000000000        0.0065012586
      717.0000000000        0.0064796526
      718.0000000000        0.0064723290
      719.0000000000        0.0064462304
      720.0000000000        0.0064324627
      721.0000000000        0.0064169681
      722.0000000000        0.0063942965
      723.0000000000        0.0063781797
      724.0000000000        0.0063671515
      725.0000000000        0.0063456115
      726.0000000000        0.0063316915
      727.0000000000        0.0063202612
      728.0000000000        0.0063048019
      729.0000000000        0.0062976472
      730.0000000000        0.0062805550
      731.0000000000        0.0062768434
      732.0000000000        0.0062592531
      733.0000000000        0.0062408368
      734.0000000000        0.0062379925
      735.0000000000        0.0062210266
      736.0000000000        0.0062024166
      737.0000000000        0.0061893520
      738.0000000000        0.0061784126
      739.0000000000        0.0061648545
      740.0000000000        0.0061555783
      741.0000000000        0.0061486653
      742.0000000000        0.0061312526
      743.0000000000        0.0061139810
      744.0000000000        0.0061086166
      745.0000000000        0.0060934320
      746.0000000000        0.0060782328
      747.0000000000        0.0060531869
      748.0000000000        0.0060337177
      749.0000000000        0.0060262372
      750.0000000000        0.0060000509
      751.0000000000        0.0059856905
      752.0000000000        0.0059741318
      753.0000000000        0.0059536573
      754.0000000000        0.0059496384
      755.0000000000        0.0059302009
      756.0000000000        0.0059176626
      757.0000000000        0.0059050664
      758.0000000000        0.0058886466
      759.0000000000        0.0058697980
      760.0000000000        0.0058560736
      761.0000000000        0.0058407573
      762.0000000000        0.0058288621
      763.0000000000        0.0058170580
      764.0000000000        0.0057961157
      765.0000000000        0.0057858839
      766.0000000000        0.0057715466
      767.0000000000        0.0057563756
      768.0000000000        0.0057502399
      769.0000000000        0.0057359018
      770.0000000000        0.0057184958
      771.0000000000        0.0057046786
      772.0000000000        0.0056883610
      773.0000000000        0.0056735743
      774.0000000000        0.0056533089
      775.0000000000        0.0056377321
      776.0000000000        0.0056252616
      777.0000000000        0.0056148547
      778.0000000000        0.0056011065
      779.0000000000        0.0055891833
      780.0000000000        0.0055653339
      781.0000000000        0.0055595219
      782.0000000000        0.0055452423
      783.0000000000        0.0055302461
      784.0000000000        0.0055161130
      785.0000000000        0.0055058629
      786.0000000000        0.0054943100
      787.0000000000        0.0054727901
      788.0000000000        0.0054657975
      789.0000000000        0.0054554503
      790.0000000000        0.0054351392
      791.0000000000        0.0054086805
      792.0000000000        0.0053916218
      793.0000000000        0.0053740081
      794.0000000000        0.0053556479
      795.0000000000        0.0053369109
      796.0000000000        0.0053181459
      797.0000000000        0.0053000415
      798.0000000000        0.0052903136
      799.0000000000        0.0052762110
      800.0000000000        0.0052684390
      801.0000000000        0.0052575746
      802.0000000000        0.0052487487
      803.0000000000        0.0052338286
      804.0000000000        0.0052152171
      805.0000000000        0.0052117307
      806.0000000000        0.0052023286
      807.0000000000        0.0051771081
      808.0000000000        0.0051718688
      809.0000000000        0.0051532009
      810.0000000000        0.0051460081
      811.0000000000        0.0051329164
      812.0000000000        0.0051140962
      813.0000000000        0.0051018864
      814.0000000000        0.0050936139
      815.0000000000        0.0050841944
      816.0000000000        0.0050686338
      817.0000000000        0.0050509582
      818.0000000000        0.0050364712
      819.0000000000        0.0050202666
      820.0000000000        0.0050032991
      821.0000000000        0.0049910615
      822.0000000000        0.0049874583
      823.0000000000        0.0049698570
      824.0000000000        0.0049495803
      825.0000000000        0.0049406712
      826.0000000000        0.0049225942
      827.0000000000        0.0049080116
      828.0000000000        0.0048936756
      829.0000000000        0.0048838278
      830.0000000000        0.0048628567
      831.0000000000        0.0048570309
      832.0000000000        0.0048392219
      833.0000000000        0.0048258783
      834.0000000000        0.0048141970
      835.0000000000        0.0048133596
      836.0000000000        0.0047932790
      837.0000000000        0.0047808060
      838.0000000000        0.0047671972
      839.0000000000        0.0047530778
      840.0000000000        0.0047467443
      841.0000000000        0.0047280303
      842.0000000000        0.0047016589
      843.0000000000        0.0046928738
      844.0000000000        0.0046873349
      845.0000000000        0.0046838796
      846.0000000000        0.0046695324
      847.0000000000        0.0046463957
      848.0000000000        0.0046367359
      849.0000000000        0.0046221506
      850.0000000000        0.0046068599
      851.0000000000        0.0045940905
      852.0000000000        0.0045879609
      853.0000000000        0.0045802059
      854.0000000000        0.0045638861
      855.0000000000        0.0045467896
      856.0000000000        0.0045424411
      857.0000000000        0.0045249055
      858.0000000000        0.0045126573
      859.0000000000        0.0045016400
      860.0000000000        0.0044810103
      861.0000000000        0.0044646201
      862.0000000000        0.0044432451
      863.0000000000        0.0044323006
      864.0000000000        0.0044223286
      865.0000000000        0.0044117000
      866.0000000000        0.0044000192
      867.0000000000        0.0043840217
      868.0000000000        0.0043735380
      869.0000000000        0.0043693409
      870.0000000000        0.0043632960
      871.0000000000        0.0043546591
      872.0000000000        0.0043555028
      873.0000000000        0.0043421219
      874.0000000000        0.0043376806
      875.0000000000        0.0043261391
      876.0000000000        0.0043200879
      877.0000000000        0.0043138976
      878.0000000000        0.0043066205
      879.0000000000        0.0042944603
      880.0000000000        0.0042847727
      881.0000000000        0.0042717987
      882.0000000000        0.0042586043
      883.0000000000        0.0042529004
      884.0000000000        0.0042327886
      885.0000000000        0.0042233225
      886.0000000000        0.0042080294
      887.0000000000        0.0041939908
      888.0000000000        0.0041879644
      889.0000000000        0.0041700714
      890.0000000000        0.0041599853
      891.0000000000        0.0041531140
      892.0000000000        0.0041373624
      893.0000000000        0.0041269030
      894.0000000000        0.0041039595
      895.0000000000        0.0040905766
      896.0000000000        0.0040851633
      897.0000000000        0.0040654229
      898.0000000000        0.0040530423
      899.0000000000        0.0040420686
      900.0000000000        0.0040341402
      901.0000000000        0.0040338077
      902.0000000000        0.0040189202
      903.0000000000        0.0040036730
      904.0000000000        0.0039972014
      905.0000000000        0.0039928182
      906.0000000000        0.0039772734
      907.0000000000        0.0039691164
      908.0000000000        0.0039713554
      909.0000000000        0.0039631353
      910.0000000000        0.0039444768
      911.0000000000        0.0039424111
      912.0000000000        0.0039230565
      913.0000000000        0.0039178294
      914.0000000000        0.0039129021
      915.0000000000        0.0039073527
      916.0000000000        0.0039027712
      917.0000000000        0.0038767334
      918.0000000000        0.0038557881
      919.0000000000        0.0038461728
      920.0000000000        0.0038276860
      921.0000000000        0.0038184058
      922.0000000000        0.0038142587
      923.0000000000        0.0038007375
      924.0000000000        0.0037938463
      925.0000000000        0.0037756475
      926.0000000000        0.0037658671
      927.0000000000        0.0037570058
      928.0000000000        0.0037476083
      929.0000000000        0.0037442033
      930.0000000000        0.0037327218
      931.0000000000        0.0037166474
      932.0000000000        0.0037000757
      933.0000000000        0.0036925502
      934.0000000000        0.0036781301
      935.0000000000        0.0036691762
      936.0000000000        0.0036605179
      937.0000000000        0.0036481780
      938.0000000000        0.0036481044
      939.0000000000        0.0036382078
      940.0000000000        0.0036362804
      941.0000000000        0.0036251855
      942.0000000000        0.0036092558
      943.0000000000        0.0035975034
      944.0000000000        0.0035769579
      945.0000000000        0.0035737994
      946.0000000000        0.0035639931
      947.0000000000        0.0035537608
      948.0000000000        0.0035442280
      949.0000000000        0.0035257606
      950.0000000000        0.0035103999
      951.0000000000        0.0035004682
      952.0000000000        0.0034917524
      953.0000000000        0.0034867960
      954.0000000000        0.0034790487
      955.0000000000        0.0034729367
      956.0000000000        0.0034704573
      957.0000000000        0.0034618172
      958.0000000000        0.0034508039
      959.0000000000        0.0034465757
      960.0000000000        0.0034246046
      961.0000000000        0.0034198735
      962.0000000000        0.0034101858
      963.0000000000        0.0034057403
      964.0000000000        0.0033928166
      965.0000000000        0.0033821456
      966.0000000000        0.0033679951
      967.0000000000        0.0033589212
      968.0000000000        0.0033529083
      969.0000000000        0.0033518410
      970.0000000000        0.0033502436
      971.0000000000        0.0033402602
      972.0000000000        0.0033386652
      973.0000000000        0.0033286284
      974.0000000000        0.0033178233
      975.0000000000        0.0033088951
      976.0000000000        0.0032890630
      977.0000000000        0.0032765463
      978.0000000000        0.0032574975
      979.0000000000        0.0032364181
      980.0000000000        0.0032285643
      981.0000000000        0.0032141546
      982.0000000000        0.0032095341
      983.0000000000        0.0032061942
      984.0000000000        0.0031947352
      985.0000000000        0.0031894569
      986.0000000000        0.0031741573
      987.0000000000        0.0031679472
      988.0000000000        0.0031528078
      989.0000000000        0.0031452499
      990.0000000000        0.0031355869
      991.0000000000        0.0031259531
      992.0000000000        0.0031156621
      993.0000000000        0.0031076371
      994.0000000000        0.0031009597
      995.0000000000        0.0030923621
      996.0000000000        0.0030809618
      997.0000000000        0.0030695772
      998.0000000000        0.0030519558
      999.0000000000        0.0030556132
     1000.0000000000        0.0030385343
     1001.0000000000        0.0030268753
     1002.0000000000        0.0030209338
     1003.0000000000        0.0030131533
     1004.0000000000        0.0029942569
     1005.0000000000        0.0029986820
     1006.0000000000        0.0029833206
     1007.0000000000        0.0029765974
     1008.0000000000        0.0029749522
     1009.0000000000        0.0029681171
     1010.0000000000        0.0029747969
     1011.0000000000        0.0029627246
     1012.0000000000        0.0029603671
     1013.0000000000        0.0029544069
     1014.0000000000        0.0029394521
     1015.0000000000        0.0029266918
     1016.0000000000        0.0029203204
     1017.0000000000        0.0029143444
     1018.0000000000        0.0029039408
     1019.0000000000        0.0029014100
     1020.0000000000        0.0028995285
     1021.0000000000        0.0028896788
     1022.0000000000        0.0028792348
     1023.0000000000        0.0028736016
     1024.0000000000        0.0028684380
     1025.0000000000        0.0028605414
     1026.0000000000        0.0028508763
     1027.0000000000        0.0028471097
     1028.0000000000        0.0028367451
     1029.0000000000        0.0028202715
     1030.0000000000        0.0028205687
     1031.0000000000        0.0028013384
     1032.0000000000        0.0028058422
     1033.0000000000        0.0027947497
     1034.0000000000        0.0027816805
     1035.0000000000        0.0027669266
     1036.0000000000        0.0027540411
     1037.0000000000        0.0027627088
     1038.0000000000        0.0027575194
     1039.0000000000        0.0027442473
     1040.0000000000        0.0027405223
     1041.0000000000        0.0027278654
     1042.0000000000        0.0027151285
     1043.0000000000        0.0027116743
     1044.0000000000        0.0027084152
     1045.0000000000        0.0026905840
     1046.0000000000        0.0026807581
     1047.0000000000        0.0026680352
     1048.0000000000        0.0026643506
     1049.0000000000        0.0026620965
     1050.0000000000        0.0026513723
     1051.0000000000        0.0026486573
     1052.0000000000        0.0026554811
     1053.0000000000        0.0026453011
     1054.0000000000        0.0026393278
     1055.0000000000        0.0026325669
     1056.0000000000        0.0026388239
     1057.0000000000        0.0026356295
     1058.0000000000        0.0026207275
     1059.0000000000        0.0026183905
     1060.0000000000        0.0025996683
     1061.0000000000        0.0026067421
     1062.0000000000        0.0026004684
     1063.0000000000        0.0025905544
     1064.0000000000        0.0025885271
     1065.0000000000        0.0025869817
     1066.0000000000        0.0025797388
     1067.0000000000        0.0025675237
     1068.0000000000        0.0025582851
     1069.0000000000        0.0025573383
     1070.0000000000        0.0025506141
     1071.0000000000        0.0025405351
     1072.0000000000        0.0025387851
     1073.0000000000        0.0025264922
     1074.0000000000        0.0025186104
     1075.0000000000        0.0025081281
     1076.0000000000        0.0025051211
     1077.0000000000        0.0025089674
     1078.0000000000        0.0024944293
     1079.0000000000        0.0024933762
     1080.0000000000        0.0024891418
     1081.0000000000        0.0024819596
     1082.0000000000        0.0024713378
     1083.0000000000        0.0024582650
     1084.0000000000        0.0024446651
     1085.0000000000        0.0024424864
     1086.0000000000        0.0024333776
     1087.0000000000        0.0024259177
     1088.0000000000        0.0024148463
     1089.0000000000        0.0024088129
     1090.0000000000        0.0024040631
     1091.0000000000        0.0023984673
     1092.0000000000        0.0023929988
     1093.0000000000        0.0023837038
     1094.0000000000        0.0023724434
     1095.0000000000        0.0023677666
     1096.0000000000        0.0023584947
     1097.0000000000        0.0023503004
     1098.0000000000        0.0023400150
     1099.0000000000        0.0023291970
     1100.0000000000        0.0023235441
     1101.0000000000        0.0023114239
     1102.0000000000        0.0023062976
     1103.0000000000        0.0023044196
     1104.0000000000        0.0022987049
     1105.0000000000        0.0022933822
     1106.0000000000        0.0022933644
     1107.0000000000        0.0022873609
     1108.0000000000        0.0022907532
     1109.0000000000        0.0022825193
     1110.0000000000        0.0022725985
     1111.0000000000        0.0022755524
     1112.0000000000        0.0022613516
     1113.0000000000        0.0022556123
     1114.0000000000        0.0022435520
     1115.0000000000        0.0022434232
     1116.0000000000        0.0022289700
     1117.0000000000        0.0022289064
     1118.0000000000        0.0022349515
     1119.0000000000        0.0022239718
     1120.0000000000        0.0022153292
     1121.0000000000        0.0022180789
     1122.0000000000        0.0022035247
     1123.0000000000        0.0021896194
     1124.0000000000        0.0021749928
     1125.0000000000        0.0021736453
     1126.0000000000        0.0021624824
     1127.0000000000        0.0021546327
     1128.0000000000        0.0021477117
     1129.0000000000        0.0021381910
     1130.0000000000        0.0021310792
     1131.0000000000        0.0021224580
     1132.0000000000        0.0021196900
     1133.0000000000        0.0021173771
     1134.0000000000        0.0021157719
     1135.0000000000        0.0021041462
     1136.0000000000        0.0021020954
     1137.0000000000        0.0020967961
     1138.0000000000        0.0020868467
     1139.0000000000        0.0020736908
     1140.0000000000        0.0020699848
     1141.0000000000        0.0020602425
     1142.0000000000        0.0020569596
     1143.0000000000        0.0020516670
     1144.0000000000        0.0020454106
     1145.0000000000        0.0020357595
     1146.0000000000        0.0020354816
     1147.0000000000        0.0020277597
     1148.0000000000        0.0020330756
     1149.0000000000        0.0020292795
     1150.0000000000        0.0020241425
     1151.0000000000        0.0020168525
     1152.0000000000        0.0020109713
     1153.0000000000        0.0020046595
     1154.0000000000        0.0019934194
     1155.0000000000        0.0019907139
     1156.0000000000        0.0019991382
     1157.0000000000        0.0019914218
     1158.0000000000        0.0019825504
     1159.0000000000        0.0019779671
     1160.0000000000        0.0019715301
     1161.0000000000        0.0019615127
     1162.0000000000        0.0019530558
     1163.0000000000        0.0019422477
     1164.0000000000        0.0019385533
     1165.0000000000        0.0019231214
     1166.0000000000        0.0019155189
     1167.0000000000        0.0019100593
     1168.0000000000        0.0018972971
     1169.0000000000        0.0018892653
     1170.0000000000        0.0018781671
     1171.0000000000        0.0018694245
     1172.0000000000        0.0018638994
     1173.0000000000        0.0018576874
     1174.0000000000        0.0018558403
     1175.0000000000        0.0018456627
     1176.0000000000        0.0018459759
     1177.0000000000        0.0018385583
     1178.0000000000        0.0018238035
     1179.0000000000        0.0018220577
     1180.0000000000        0.0018202203
     1181.0000000000        0.0018121056
     1182.0000000000        0.0018177902
     1183.0000000000        0.0018127053
     1184.0000000000        0.0018002358
     1185.0000000000        0.0017877228
     1186.0000000000        0.0017872416
     1187.0000000000        0.0017880639
     1188.0000000000        0.0017782526
     1189.0000000000        0.0017731804
     1190.0000000000        0.0017640552
     1191.0000000000        0.0017612794
     1192.0000000000        0.0017580372
     1193.0000000000        0.0017609136
     1194.0000000000        0.0017570266
     1195.0000000000        0.0017441166
     1196.0000000000        0.0017428387
     1197.0000000000        0.0017397171
     1198.0000000000        0.0017377995
     1199.0000000000        0.0017309092
     1200.0000000000        0.0017295160
     1201.0000000000        0.0017209677
     1202.0000000000        0.0017136046
     1203.0000000000        0.0017143434
     1204.0000000000        0.0017031171
     1205.0000000000        0.0016899840
     1206.0000000000        0.0016798836
     1207.0000000000        0.0016822665
     1208.0000000000        0.0016696001
     1209.0000000000        0.0016580245
     1210.0000000000        0.0016540674
     1211.0000000000        0.0016566772
     1212.0000000000        0.0016428340
     1213.0000000000        0.0016450363
     1214.0000000000        0.0016343009
     1215.0000000000        0.0016297705
     1216.0000000000        0.0016177720
     1217.0000000000        0.0016153223
     1218.0000000000        0.0016209147
     1219.0000000000        0.0016166707
     1220.0000000000        0.0016184627
     1221.0000000000        0.0016114539
     1222.0000000000        0.0016010545
     1223.0000000000        0.0016032778
     1224.0000000000        0.0016012710
     1225.0000000000        0.0016026621
     1226.0000000000        0.0016003954
     1227.0000000000        0.0015842494
     1228.0000000000        0.0015817880
     1229.0000000000        0.0015754217
     1230.0000000000        0.0015819920
     1231.0000000000        0.0015804021
     1232.0000000000        0.0015719295
     1233.0000000000        0.0015567097
     1234.0000000000        0.0015498977
     1235.0000000000        0.0015467866
     1236.0000000000        0.0015385595
     1237.0000000000        0.0015295026
     1238.0000000000        0.0015217511
     1239.0000000000        0.0015166929
     1240.0000000000        0.0015202968
     1241.0000000000        0.0015219395
     1242.0000000000        0.0015186615
     1243.0000000000        0.0015171047
     1244.0000000000        0.0015086428
     1245.0000000000        0.0014961989
     1246.0000000000        0.0014824541
     1247.0000000000        0.0014738449
     1248.0000000000        0.0014709220
     1249.0000000000        0.0014650667
     1250.0000000000        0.0014608040
     1251.0000000000        0.0014631626
     1252.0000000000        0.0014600332
     1253.0000000000        0.0014528732
     1254.0000000000        0.0014507086
     1255.0000000000        0.0014430280
     1256.0000000000        0.0014368142
     1257.0000000000        0.0014215425
     1258.0000000000        0.0014182534
     1259.0000000000        0.0014188465
     1260.0000000000        0.0014016319
     1261.0000000000        0.0013926617
     1262.0000000000        0.0013882309
     1263.0000000000        0.0013825752
     1264.0000000000        0.0013738990
     1265.0000000000        0.0013725155
     1266.0000000000        0.0013753080
     1267.0000000000        0.0013771064
     1268.0000000000        0.0013665026
     1269.0000000000        0.0013705206
     1270.0000000000        0.0013582314
     1271.0000000000        0.0013548687
     1272.0000000000        0.0013473832
     1273.0000000000        0.0013388764
     1274.0000000000        0.0013268907
     1275.0000000000        0.0013313352
     1276.0000000000        0.0013215505
     1277.0000000000        0.0013104382
     1278.0000000000        0.0013018077
     1279.0000000000        0.0012932848
     1280.0000000000        0.0012932359
     1281.0000000000        0.0012905134
     1282.0000000000        0.0012841406
     1283.0000000000        0.0012800710
     1284.0000000000        0.0012762783
     1285.0000000000        0.0012687049
     1286.0000000000        0.0012659570
     1287.0000000000        0.0012537278
     1288.0000000000        0.0012467844
     1289.0000000000        0.0012458786
     1290.0000000000        0.0012374735
     1291.0000000000        0.0012261095
     1292.0000000000        0.0012208563
     1293.0000000000        0.0012044822
     1294.0000000000        0.0012067243
     1295.0000000000        0.0012131944
     1296.0000000000        0.0012131000
     1297.0000000000        0.0012086942
     1298.0000000000        0.0012131759
     1299.0000000000        0.0012025633
     1300.0000000000        0.0012058417
     1301.0000000000        0.0011995569
     1302.0000000000        0.0011982006
     1303.0000000000        0.0012029849
     1304.0000000000        0.0011995545
     1305.0000000000        0.0011991486
     1306.0000000000        0.0011889007
     1307.0000000000        0.0011888860
     1308.0000000000        0.0011885721
     1309.0000000000        0.0011899773
     1310.0000000000        0.0011794524
     1311.0000000000        0.0011789214
     1312.0000000000        0.0011720746
     1313.0000000000        0.0011688988
     1314.0000000000        0.0011650541
     1315.0000000000        0.0011588467
     1316.0000000000        0.0011585880
     1317.0000000000        0.0011562325
     1318.0000000000        0.0011563481
     1319.0000000000        0.0011548523
     1320.0000000000        0.0011458831
     1321.0000000000        0.0011391825
     1322.0000000000        0.0011360043
     1323.0000000000        0.0011327399
     1324.0000000000        0.0011327586
     1325.0000000000        0.0011195643
     1326.0000000000        0.0011105583
     1327.0000000000        0.0010999219
     1328.0000000000        0.0010947081
     1329.0000000000        0.0010823386
     1330.0000000000        0.0010815211
     1331.0000000000        0.0010757037
     1332.0000000000        0.0010768177
     1333.0000000000        0.0010696625
     1334.0000000000        0.0010562384
     1335.0000000000        0.0010548083
     1336.0000000000        0.0010511921
     1337.0000000000        0.0010449252
     1338.0000000000        0.0010375535
     1339.0000000000        0.0010472362
     1340.0000000000        0.0010458574
     1341.0000000000        0.0010393443
     1342.0000000000        0.0010414534
     1343.0000000000        0.0010287514
     1344.0000000000        0.0010250728
     1345.0000000000        0.0010217142
     1346.0000000000        0.0010239383
     1347.0000000000        0.0010134281
     1348.0000000000        0.0010086489
     1349.0000000000        0.0010053604
     1350.0000000000        0.0010065155
     1351.0000000000        0.0010077060
     1352.0000000000        0.0010066175
     1353.0000000000        0.0010013900
     1354.0000000000        0.0010008403
     1355.0000000000        0.0009917634
     1356.0000000000        0.0009883278
     1357.0000000000        0.0009870321
     1358.0000000000        0.0009748265
     1359.0000000000        0.0009720329
     1360.0000000000        0.0009695615
     1361.0000000000        0.0009698113
     1362.0000000000        0.0009640205
     1363.0000000000        0.0009553830
     1364.0000000000        0.0009519866
     1365.0000000000        0.0009484711
     1366.0000000000        0.0009457126
     1367.0000000000        0.0009497229
     1368.0000000000        0.0009481351
     1369.0000000000        0.0009407708
     1370.0000000000        0.0009341442
     1371.0000000000        0.0009324495
     1372.0000000000        0.0009373509
     1373.0000000000        0.0009420038
     1374.0000000000        0.0009219201
     1375.0000000000        0.0009149353
     1376.0000000000        0.0009097219
     1377.0000000000        0.0009113925
     1378.0000000000        0.0009132584
     1379.0000000000        0.0008983597
     1380.0000000000        0.0009000544
     1381.0000000000        0.0008892210
     1382.0000000000        0.0008865690
     1383.0000000000        0.0008839138
     1384.0000000000        0.0008732562
     1385.0000000000        0.0008675744
     1386.0000000000        0.0008625275
     1387.0000000000        0.0008553737
     1388.0000000000        0.0008541285
     1389.0000000000        0.0008425629
     1390.0000000000        0.0008355977
     1391.0000000000        0.0008291656
     1392.0000000000        0.0008247409
     1393.0000000000        0.0008272853
     1394.0000000000        0.0008280142
     1395.0000000000        0.0008252312
     1396.0000000000        0.0008369702
     1397.0000000000        0.0008340015
     1398.0000000000        0.0008269789
     1399.0000000000        0.0008274932
     1400.0000000000        0.0008264082
     1401.0000000000        0.0008257821
     1402.0000000000        0.0008126914
     1403.0000000000        0.0008171733
     1404.0000000000        0.0008182094
     1405.0000000000        0.0008137719
     1406.0000000000        0.0008145768
     1407.0000000000        0.0008094129
     1408.0000000000        0.0008026780
     1409.0000000000        0.0007972538
     1410.0000000000        0.0008015884
     1411.0000000000        0.0007939036
     1412.0000000000        0.0007842034
     1413.0000000000        0.0007807369
     1414.0000000000        0.0007834085
     1415.0000000000        0.0007864383
     1416.0000000000        0.0007843528
     1417.0000000000        0.0007758653
     1418.0000000000        0.0007819845
     1419.0000000000        0.0007799091
     1420.0000000000        0.0007784242
     1421.0000000000        0.0007753975
     1422.0000000000        0.0007644704
     1423.0000000000        0.0007626837
     1424.0000000000        0.0007579081
     1425.0000000000        0.0007495826
     1426.0000000000        0.0007417546
     1427.0000000000        0.0007359692
     1428.0000000000        0.0007215830
     1429.0000000000        0.0007217100
     1430.0000000000        0.0007206916
     1431.0000000000        0.0007144332
     1432.0000000000        0.0007157602
     1433.0000000000        0.0007105557
     1434.0000000000        0.0007129723
     1435.0000000000        0.0007065672
     1436.0000000000        0.0006976306
     1437.0000000000        0.0006864653
     1438.0000000000        0.0006850486
     1439.0000000000        0.0006858071
     1440.0000000000        0.0006862070
     1441.0000000000        0.0006871953
     1442.0000000000        0.0006813497
     1443.0000000000        0.0006801648
     1444.0000000000        0.0006823043
     1445.0000000000        0.0006710909
     1446.0000000000        0.0006551164
     1447.0000000000        0.0006428836
     1448.0000000000        0.0006471187
     1449.0000000000        0.0006457269
     1450.0000000000        0.0006477242
     1451.0000000000        0.0006434560
     1452.0000000000        0.0006463894
     1453.0000000000        0.0006420007
     1454.0000000000        0.0006262378
     1455.0000000000        0.0006220895
     1456.0000000000        0.0006231906
     1457.0000000000        0.0006145151
     1458.0000000000        0.0006227345
     1459.0000000000        0.0006146483
     1460.0000000000        0.0006218760
     1461.0000000000        0.0006227961
     1462.0000000000        0.0006348312
     1463.0000000000        0.0006396822
     1464.0000000000        0.0006361294
     1465.0000000000        0.0006395310
     1466.0000000000        0.0006312785
     1467.0000000000        0.0006226751
     1468.0000000000        0.0006187529
     1469.0000000000        0.0006125676
     1470.0000000000        0.0006046425
     1471.0000000000        0.0006044380
     1472.0000000000        0.0006070923
     1473.0000000000        0.0005965769
     1474.0000000000        0.0005936586
     1475.0000000000        0.0005863126
     1476.0000000000        0.0005900785
     1477.0000000000        0.0005834438
     1478.0000000000        0.0005829910
     1479.0000000000        0.0005840283
     1480.0000000000        0.0005804991
     1481.0000000000        0.0005815149
     1482.0000000000        0.0005666926
     1483.0000000000        0.0005651976
     1484.0000000000        0.0005645418
     1485.0000000000        0.0005596843
     1486.0000000000        0.0005575842
     1487.0000000000        0.0005582028
     1488.0000000000        0.0005544642
     1489.0000000000        0.0005580482
     1490.0000000000        0.0005501459
     1491.0000000000        0.0005513853
     1492.0000000000        0.0005458946
     1493.0000000000        0.0005336926
     1494.0000000000        0.0005342372
     1495.0000000000        0.0005403242
     1496.0000000000        0.0005326448
     1497.0000000000        0.0005359312
     1498.0000000000        0.0005387251
     1499.0000000000        0.0005300763
     1500.0000000000        0.0005131540
     1501.0000000000        0.0005010892
     1502.0000000000        0.0005097247
     1503.0000000000        0.0005137352
     1504.0000000000        0.0005069210
     1505.0000000000        0.0004930276
     1506.0000000000        0.0004788102
     1507.0000000000        0.0004785321
     1508.0000000000        0.0004736933
     1509.0000000000        0.0004757140
     1510.0000000000        0.0004738109
     1511.0000000000        0.0004648507
     1512.0000000000        0.0004673189
     1513.0000000000        0.0004735751
     1514.0000000000        0.0004761571
     1515.0000000000        0.0004710012
     1516.0000000000        0.0004647526
     1517.0000000000        0.0004600790
     1518.0000000000        0.0004508920
     1519.0000000000        0.0004506045
     1520.0000000000        0.0004499086
     1521.0000000000        0.0004413308
     1522.0000000000        0.0004399998
     1523.0000000000        0.0004382688
     1524.0000000000        0.0004346745
     1525.0000000000        0.0004395593
     1526.0000000000        0.0004492654
     1527.0000000000        0.0004562019
     1528.0000000000        0.0004563871
     1529.0000000000        0.0004422947
     1530.0000000000        0.0004299446
     1531.0000000000        0.0004337352
     1532.0000000000        0.0004370518
     1533.0000000000        0.0004367175
     1534.0000000000        0.0004372804
     1535.0000000000        0.0004390440
     1536.0000000000        0.0004290245
     1537.0000000000        0.0004259373
     1538.0000000000        0.0004200325
     1539.0000000000        0.0004200466
     1540.0000000000        0.0004229812
     1541.0000000000        0.0004197874
     1542.0000000000        0.0004081122
     1543.0000000000        0.0004135118
     1544.0000000000        0.0004063584
     1545.0000000000        0.0003995759
     1546.0000000000        0.0003931948
     1547.0000000000        0.0003838457
     1548.0000000000        0.0003813754
     1549.0000000000        0.0003805050
     1550.0000000000        0.0003783660
     1551.0000000000        0.0003827451
     1552.0000000000        0.0003838358
     1553.0000000000        0.0003750842
     1554.0000000000        0.0003719221
     1555.0000000000        0.0003620088
     1556.0000000000        0.0003598445
     1557.0000000000        0.0003583820
     1558.0000000000        0.0003556710
     1559.0000000000        0.0003638223
     1560.0000000000        0.0003643519
     1561.0000000000        0.0003612946
     1562.0000000000        0.0003574171
     1563.0000000000        0.0003510880
     1564.0000000000        0.0003455813
     1565.0000000000        0.0003388108
     1566.0000000000        0.0003412806
     1567.0000000000        0.0003426597
     1568.0000000000        0.0003362784
     1569.0000000000        0.0003259826
     1570.0000000000        0.0003256209
     1571.0000000000        0.0003273036
     1572.0000000000        0.0003281266
     1573.0000000000        0.0003324039
     1574.0000000000        0.0003348695
     1575.0000000000        0.0003311796
     1576.0000000000        0.0003264437
     1577.0000000000        0.0003266732
     1578.0000000000        0.0003307646
     1579.0000000000        0.0003347907
     1580.0000000000        0.0003349573
     1581.0000000000        0.0003263129
     1582.0000000000        0.0003295712
     1583.0000000000        0.0003212755
     1584.0000000000        0.0003162626
     1585.0000000000        0.0003062347
     1586.0000000000        0.0003019869
     1587.0000000000        0.0002937824
     1588.0000000000        0.0002933138
     1589.0000000000        0.0002940301
     1590.0000000000        0.0002946210
     1591.0000000000        0.0002865644
     1592.0000000000        0.0002864823
     1593.0000000000        0.0002816330
     1594.0000000000        0.0002792969
     1595.0000000000        0.0002729480
     1596.0000000000        0.0002802950
     1597.0000000000        0.0002718202
     1598.0000000000        0.0002639072
     1599.0000000000        0.0002491143
     1600.0000000000        0.0002487765
     1601.0000000000        0.0002551739
     1602.0000000000        0.0002577112
     1603.0000000000        0.0002501139
     1604.0000000000        0.0002538297
     1605.0000000000        0.0002518445
     1606.0000000000        0.0002526654
     1607.0000000000        0.0002456848
     1608.0000000000        0.0002329263
     1609.0000000000        0.0002219428
     1610.0000000000        0.0002213956
     1611.0000000000        0.0002172939
     1612.0000000000        0.0002167963
     1613.0000000000        0.0002114899
     1614.0000000000        0.0002186542
     1615.0000000000        0.0002142014
     1616.0000000000        0.0002102897
     1617.0000000000        0.0002108180
     1618.0000000000        0.0002152116
     1619.0000000000        0.0002059861
     1620.0000000000        0.0001957742
     1621.0000000000        0.0001947003
     1622.0000000000        0.0001965750
     1623.0000000000        0.0001907206
     1624.0000000000        0.0001995197
     1625.0000000000        0.0001944194
     1626.0000000000        0.0001954693
     1627.0000000000        0.0001962236
     1628.0000000000        0.0001837362
     1629.0000000000        0.0001919545
     1630.0000000000        0.0001964871
     1631.0000000000        0.0001977518
     1632.0000000000        0.0002020849
     1633.0000000000        0.0002020472
     1634.0000000000        0.0001974252
     1635.0000000000        0.0001983423
     1636.0000000000        0.0002094313
     1637.0000000000        0.0002028103
     1638.0000000000        0.0002034564
     1639.0000000000        0.0002016674
     1640.0000000000        0.0002016195
     1641.0000000000        0.0002035250
     1642.0000000000        0.0001988940
     1643.0000000000        0.0001918670
     1644.0000000000        0.0001871801
     1645.0000000000        0.0001910540
     1646.0000000000        0.0001887481
     1647.0000000000        0.0001826224
     1648.0000000000        0.0001815295
     1649.0000000000        0.0001830111
     1650.0000000000        0.0001774490
     1651.0000000000        0.0001772135
     1652.0000000000        0.0001670800
     1653.0000000000        0.0001591308
     1654.0000000000        0.0001617303
     1655.0000000000        0.0001559538
     1656.0000000000        0.0001602656
     1657.0000000000        0.0001496125
     1658.0000000000        0.0001522222
     1659.0000000000        0.0001563569
     1660.0000000000        0.0001491166
     1661.0000000000        0.0001554252
     1662.0000000000        0.0001573893
     1663.0000000000        0.0001473317
     1664.0000000000        0.0001468829
     1665.0000000000        0.0001345057
     1666.0000000000        0.0001307841
     1667.0000000000        0.0001419606
     1668.0000000000        0.0001304897
     1669.0000000000        0.0001329024
     1670.0000000000        0.0001347645
     1671.0000000000        0.0001249131
     1672.0000000000        0.0001354577
     1673.0000000000        0.0001258301
     1674.0000000000        0.0001220605
     1675.0000000000        0.0001217535
     1676.0000000000        0.0001271257
     1677.0000000000        0.0001227628
     1678.0000000000        0.0001200317
     1679.0000000000        0.0001245570
     1680.0000000000        0.0001186913
     1681.0000000000        0.0001212238
     1682.0000000000        0.0001243214
     1683.0000000000        0.0001216693
     1684.0000000000        0.0001222102
     1685.0000000000        0.0001243981
     1686.0000000000        0.0001203588
     1687.0000000000        0.0001006897
     1688.0000000000        0.0000940397
     1689.0000000000        0.0000962320
     1690.0000000000        0.0000884300
     1691.0000000000        0.0000856030
     1692.0000000000        0.0000851479
     1693.0000000000        0.0000880468
     1694.0000000000        0.0000973478
     1695.0000000000        0.0000984864
     1696.0000000000        0.0000939096
     1697.0000000000        0.0000909136
     1698.0000000000        0.0000879195
     1699.0000000000        0.0000862964
     1700.0000000000        0.0000892059
     1701.0000000000        0.0000904102
     1702.0000000000        0.0000854896
     1703.0000000000        0.0000852330
     1704.0000000000        0.0000857305
     1705.0000000000        0.0001020916
     1706.0000000000        0.0000933412
     1707.0000000000        0.0000859514
     1708.0000000000        0.0000931336
     1709.0000000000        0.0000803557
     1710.0000000000        0.0000790424
     1711.0000000000        0.0000810219
     1712.0000000000        0.0000820040
     1713.0000000000        0.0000796514
     1714.0000000000        0.0000817437
     1715.0000000000        0.0000860308
     1716.0000000000        0.0000708995
     1717.0000000000        0.0000738560
     1718.0000000000        0.0000678541
     1719.0000000000        0.0000658340
     1720.0000000000        0.0000605275
     1721.0000000000        0.0000637326
     1722.0000000000        0.0000691439
     1723.0000000000        0.0000669809
     1724.0000000000        0.0000700216
     1725.0000000000        0.0000699367
     1726.0000000000        0.0000583763
     1727.0000000000        0.0000488605
     1728.0000000000        0.0000528725
     1729.0000000000        0.0000511366
     1730.0000000000        0.0000447990
     1731.0000000000        0.0000388361
     1732.0000000000        0.0000379008
     1733.0000000000        0.0000301522
     1734.0000000000        0.0000298379
     1735.0000000000        0.0000287013
     1736.0000000000        0.0000196000
     1737.0000000000        0.0000174729
     1738.0000000000        0.0000114175
     1739.0000000000        0.0000125082
     1740.0000000000        0.0000128529
     1741.0000000000        0.0000080518
     1742.0000000000        0.0000030587
     1743.0000000000        0.0000018602
     1744.0000000000       -0.0000042487
     1745.0000000000       -0.0000005057
     1746.0000000000        0.0000041407
     1747.0000000000       -0.0000021044
     1748.0000000000       -0.0000092580
     1749.0000000000       -0.0000061382
     1750.0000000000       -0.0000126030
     1751.0000000000       -0.0000184335
     1752.0000000000       -0.0000168584
     1753.0000000000       -0.0000231978
     1754.0000000000       -0.0000210047
     1755.0000000000       -0.0000191153
     1756.0000000000       -0.0000219263
     1757.0000000000       -0.0000201647
     1758.0000000000       -0.0000057084
     1759.0000000000       -0.0000019575
     1760.0000000000       -0.0000071988
     1761.0000000000       -0.0000028183
     1762.0000000000       -0.0000064545
     1763.0000000000       -0.0000102427
     1764.0000000000       -0.0000110985
     1765.0000000000       -0.0000071581
     1766.0000000000       -0.0000053720
     1767.0000000000       -0.0000082838
     1768.0000000000       -0.0000052925
     1769.0000000000        0.0000011973
     1770.0000000000        0.0000009742
     1771.0000000000       -0.0000043356
     1772.0000000000       -0.0000069852
     1773.0000000000       -0.0000166568
     1774.0000000000       -0.0000216752
     1775.0000000000       -0.0000133461
     1776.0000000000       -0.0000136911
     1777.0000000000       -0.0000131040
     1778.0000000000       -0.0000142151
     1779.0000000000       -0.0000113653
     1780.0000000000       -0.0000222510
     1781.0000000000       -0.0000239136
     1782.0000000000       -0.0000223861
     1783.0000000000       -0.0000200117
     1784.0000000000       -0.0000232958
     1785.0000000000       -0.0000264184
     1786.0000000000       -0.0000183275
     1787.0000000000       -0.0000212868
     1788.0000000000       -0.0000233711
     1789.0000000000       -0.0000231133
     1790.0000000000       -0.0000231239
     1791.0000000000       -0.0000253597
     1792.0000000000       -0.0000274820
     1793.0000000000       -0.0000298948
     1794.0000000000       -0.0000299219
     1795.0000000000       -0.0000266996
     1796.0000000000       -0.0000231017
     1797.0000000000       -0.0000234988
     1798.0000000000       -0.0000167439
     1799.0000000000       -0.0000201213
     1800.0000000000       -0.0000131503
     1801.0000000000       -0.0000147510
     1802.0000000000       -0.0000151430
     1803.0000000000       -0.0000253484
     1804.0000000000       -0.0000225675
     1805.0000000000       -0.0000261948
     1806.0000000000       -0.0000289030
     1807.0000000000       -0.0000280672
     1808.0000000000       -0.0000255496
     1809.0000000000       -0.0000295166
     1810.0000000000       -0.0000328677
     1811.0000000000       -0.0000332834
     1812.0000000000       -0.0000313866
     1813.0000000000       -0.0000353926
     1814.0000000000       -0.0000385430
     1815.0000000000       -0.0000396669
     1816.0000000000       -0.0000416419
     1817.0000000000       -0.0000384546
     1818.0000000000       -0.0000306253
     1819.0000000000       -0.0000409632
     1820.0000000000       -0.0000444803
     1821.0000000000       -0.0000369433
     1822.0000000000       -0.0000429761
     1823.0000000000       -0.0000432886
     1824.0000000000       -0.0000476634
     1825.0000000000       -0.0000498211
     1826.0000000000       -0.0000578410
     1827.0000000000       -0.0000554259
     1828.0000000000       -0.0000625059
     1829.0000000000       -0.0000537826
     1830.0000000000       -0.0000599476
     1831.0000000000       -0.0000549871
     1832.0000000000       -0.0000466198
     1833.0000000000       -0.0000417486
     1834.0000000000       -0.0000414157
     1835.0000000000       -0.0000449640
     1836.0000000000       -0.0000486564
     1837.0000000000       -0.0000434503
     1838.0000000000       -0.0000510595
     1839.0000000000       -0.0000519585
     1840.0000000000       -0.0000512759
     1841.0000000000       -0.0000457114
     1842.0000000000       -0.0000439362
     1843.0000000000       -0.0000475057
     1844.0000000000       -0.0000577780
     1845.0000000000       -0.0000626747
     1846.0000000000       -0.0000684328
     1847.0000000000       -0.0000697764
     1848.0000000000       -0.0000779960
     1849.0000000000       -0.0000814805
     1850.0000000000       -0.0000781629
     1851.0000000000       -0.0000869269
     1852.0000000000       -0.0000883392
     1853.0000000000       -0.0000898418
     1854.0000000000       -0.0000953952
     1855.0000000000       -0.0000993458
     1856.0000000000       -0.0000926803
     1857.0000000000       -0.0000891615
     1858.0000000000       -0.0000873621
     1859.0000000000       -0.0000810338
     1860.0000000000       -0.0000881161
     1861.0000000000       -0.0000973684
     1862.0000000000       -0.0000944155
     1863.0000000000       -0.0000910508
     1864.0000000000       -0.0000876924
     1865.0000000000       -0.0000889608
     1866.0000000000       -0.0000797060
     1867.0000000000       -0.0000835804
     1868.0000000000       -0.0000903720
     1869.0000000000       -0.0000965540
     1870.0000000000       -0.0001021193
     1871.0000000000       -0.0001119180
     1872.0000000000       -0.0001058495
     1873.0000000000       -0.0001028535
     1874.0000000000       -0.0001028819
     1875.0000000000       -0.0000959489
     1876.0000000000       -0.0001024458
     1877.0000000000       -0.0000955687
     1878.0000000000       -0.0000898089
     1879.0000000000       -0.0000881960
     1880.0000000000       -0.0000857608
     1881.0000000000       -0.0000838991
     1882.0000000000       -0.0000864937
     1883.0000000000       -0.0000931022
     1884.0000000000       -0.0001035817
     1885.0000000000       -0.0001009245
     1886.0000000000       -0.0000981915
     1887.0000000000       -0.0001055083
     1888.0000000000       -0.0001137662
     1889.0000000000       -0.0001177035
     1890.0000000000       -0.0001188343
     1891.0000000000       -0.0001152687
     1892.0000000000       -0.0001211550
     1893.0000000000       -0.0001248794
     1894.0000000000       -0.0001203566
     1895.0000000000       -0.0001148431
     1896.0000000000       -0.0001142792
     1897.0000000000       -0.0001290741
     1898.0000000000       -0.0001257376
     1899.0000000000       -0.0001298635
     1900.0000000000       -0.0001304058
     1901.0000000000       -0.0001345919
     1902.0000000000       -0.0001331375
     1903.0000000000       -0.0001315943
     1904.0000000000       -0.0001254407
     1905.0000000000       -0.0001339388
     1906.0000000000       -0.0001358274
     1907.0000000000       -0.0001289414
     1908.0000000000       -0.0001288785
     1909.0000000000       -0.0001421765
     1910.0000000000       -0.0001427193
     1911.0000000000       -0.0001376720
     1912.0000000000       -0.0001377442
     1913.0000000000       -0.0001434131
     1914.0000000000       -0.0001422494
     1915.0000000000       -0.0001420117
     1916.0000000000       -0.0001372157
     1917.0000000000       -0.0001379320
     1918.0000000000       -0.0001442750
     1919.0000000000       -0.0001549047
     1920.0000000000       -0.0001605051
     1921.0000000000       -0.0001538255
     1922.0000000000       -0.0001495593
     1923.0000000000       -0.0001561702
     1924.0000000000       -0.0001533709
     1925.0000000000       -0.0001546425
     1926.0000000000       -0.0001587391
     1927.0000000000       -0.0001560863
     1928.0000000000       -0.0001533653
     1929.0000000000       -0.0001434049
     1930.0000000000       -0.0001527306
     1931.0000000000       -0.0001515387
     1932.0000000000       -0.0001543950
     1933.0000000000       -0.0001492800
     1934.0000000000       -0.0001501795
     1935.0000000000       -0.0001478264
     1936.0000000000       -0.0001449836
     1937.0000000000       -0.0001510493
     1938.0000000000       -0.0001482128
     1939.0000000000       -0.0001474366
     1940.0000000000       -0.0001395327
     1941.0000000000       -0.0001406820
     1942.0000000000       -0.0001529267
     1943.0000000000       -0.0001562396
     1944.0000000000       -0.0001599936
     1945.0000000000       -0.0001620154
     1946.0000000000       -0.0001626259
     1947.0000000000       -0.0001499082
     1948.0000000000       -0.0001418718
     1949.0000000000       -0.0001420266
     1950.0000000000       -0.0001442959
     1951.0000000000       -0.0001474138
     1952.0000000000       -0.0001507120
     1953.0000000000       -0.0001432641
     1954.0000000000       -0.0001423877
     1955.0000000000       -0.0001479012
     1956.0000000000       -0.0001437062
     1957.0000000000       -0.0001403817
     1958.0000000000       -0.0001496003
     1959.0000000000       -0.0001609894
     1960.0000000000       -0.0001567006
     1961.0000000000       -0.0001558742
     1962.0000000000       -0.0001532040
     1963.0000000000       -0.0001408270
     1964.0000000000       -0.0001388640
     1965.0000000000       -0.0001375527
     1966.0000000000       -0.0001337894
     1967.0000000000       -0.0001337311
     1968.0000000000       -0.0001296853
     1969.0000000000       -0.0001232773
     1970.0000000000       -0.0001223105
     1971.0000000000       -0.0001174907
     1972.0000000000       -0.0001165622
     1973.0000000000       -0.0001183007
     1974.0000000000       -0.0001184921
     1975.0000000000       -0.0001182796
     1976.0000000000       -0.0001174456
     1977.0000000000       -0.0001217803
     1978.0000000000       -0.0001160039
     1979.0000000000       -0.0001203389
     1980.0000000000       -0.0001242759
     1981.0000000000       -0.0001295353
     1982.0000000000       -0.0001257155
     1983.0000000000       -0.0001185542
     1984.0000000000       -0.0001096943
     1985.0000000000       -0.0001117706
     1986.0000000000       -0.0001096931
     1987.0000000000       -0.0001079144
     1988.0000000000       -0.0001107741
     1989.0000000000       -0.0001171135
     1990.0000000000       -0.0001187425
     1991.0000000000       -0.0001191981
     1992.0000000000       -0.0001200464
     1993.0000000000       -0.0001234002
     1994.0000000000       -0.0001270180
     1995.0000000000       -0.0001259080
     1996.0000000000       -0.0001233102
     1997.0000000000       -0.0001161974
     1998.0000000000       -0.0001136179
     1999.0000000000       -0.0001171907
     2000.0000000000       -0.0001132994
     2001.0000000000       -0.0001112666
     2002.0000000000       -0.0001176478
     2003.0000000000       -0.0001078434
     2004.0000000000       -0.0001028004
     2005.0000000000       -0.0001001976
     2006.0000000000       -0.0001012212
     2007.0000000000       -0.0001044376
     2008.0000000000       -0.0001094731
     2009.0000000000       -0.0001093791
     2010.0000000000       -0.0001095004
     2011.0000000000       -0.0001189552
     2012.0000000000       -0.0001251854
     2013.0000000000       -0.0001252803
     2014.0000000000       -0.0001244119
     2015.0000000000       -0.0001159622
     2016.0000000000       -0.0001071730
     2017.0000000000       -0.0001121045
     2018.0000000000       -0.0001194579
     2019.0000000000       -0.0001180054
     2020.0000000000       -0.0001230400
     2021.0000000000       -0.0001193514
     2022.0000000000       -0.0001168219
     2023.0000000000       -0.0001289686
     2024.0000000000       -0.0001275209
     2025.0000000000       -0.0001194493
     2026.0000000000       -0.0001134021
     2027.0000000000       -0.0001100671
     2028.0000000000       -0.0001109542
     2029.0000000000       -0.0001121948
     2030.0000000000       -0.0001116253
     2031.0000000000       -0.0001127854
     2032.0000000000       -0.0001154251
     2033.0000000000       -0.0001090009
     2034.0000000000       -0.0001040469
     2035.0000000000       -0.0001112102
     2036.0000000000       -0.0001170753
     2037.0000000000       -0.0001229069
     2038.0000000000       -0.0001269084
     2039.0000000000       -0.0001269300
     2040.0000000000       -0.0001271560
     2041.0000000000       -0.0001189021
     2042.0000000000       -0.0001180231
     2043.0000000000       -0.0001271894
     2044.0000000000       -0.0001382171
     2045.0000000000       -0.0001343452
     2046.0000000000       -0.0001321994
     2047.0000000000       -0.0001272853
     2048.0000000000       -0.0001263349
