        0.0000000000        0.0485382911
        1.0000000000        0.0241586396
        2.0000000000        0.0174729572
        3.0000000000        0.0141050929
        4.0000000000        0.0119988100
        5.0000000000        0.0105305470
        6.0000000000        0.0094298927
        7.0000000000        0.0085746553
        8.0000000000        0.0078800442
        9.0000000000        0.0073028419
       10.0000000000        0.0068164927
       11.0000000000        0.0063955837
       12.0000000000        0.0060309154
       13.0000000000        0.0057094024
       14.0000000000        0.0054226775
       15.0000000000        0.0051677371
       16.0000000000        0.0049369701
       17.0000000000        0.0047270508
       18.0000000000        0.0045337975
       19.0000000000        0.0043579436
       20.0000000000        0.0041984630
       21.0000000000        0.0040442499
       22.0000000000        0.0039043839
       23.0000000000        0.0037727352
       24.0000000000        0.0036547968
       25.0000000000        0.0035403913
       26.0000000000        0.0034337324
       27.0000000000        0.0033322569
       28.0000000000        0.0032385286
       29.0000000000        0.0031483947
       30.0000000000        0.0030655681
       31.0000000000        0.0029871037
       32.0000000000        0.0029093446
       33.0000000000        0.0028319335
       34.0000000000        0.0027614846
       35.0000000000        0.0026918281
       36.0000000000        0.0026301842
       37.0000000000        0.0025689876
       38.0000000000        0.0025100155
       39.0000000000        0.0024529744
       40.0000000000        0.0023996241
       41.0000000000        0.0023477873
       42.0000000000        0.0022966727
       43.0000000000        0.0022481704
       44.0000000000        0.0022017788
       45.0000000000        0.0021581393
       46.0000000000        0.0021161157
       47.0000000000        0.0020756392
       48.0000000000        0.0020374720
       49.0000000000        0.0019998003
       50.0000000000        0.0019592861
       51.0000000000        0.0019219646
       52.0000000000        0.0018902028
       53.0000000000        0.0018577078
       54.0000000000        0.0018231791
       55.0000000000        0.0017907114
       56.0000000000        0.0017594971
       57.0000000000        0.0017314890
       58.0000000000        0.0017025477
       59.0000000000        0.0016741232
       60.0000000000        0.0016457766
       61.0000000000        0.0016192137
       62.0000000000        0.0015931436
       63.0000000000        0.0015663597
       64.0000000000        0.0015414662
       65.0000000000        0.0015168999
       66.0000000000        0.0014914112
       67.0000000000        0.0014661334
       68.0000000000        0.0014449505
       69.0000000000        0.0014258388
       70.0000000000        0.0014064004
       71.0000000000        0.0013854966
       72.0000000000        0.0013626525
       73.0000000000        0.0013424840
       74.0000000000        0.0013246456
       75.0000000000        0.0013069694
       76.0000000000        0.0012870235
       77.0000000000        0.0012675905
       78.0000000000        0.0012477692
       79.0000000000        0.0012311115
       80.0000000000        0.0012135949
       81.0000000000        0.0011971852
       82.0000000000        0.0011807906
       83.0000000000        0.0011655359
       84.0000000000        0.0011504234
       85.0000000000        0.0011353755
       86.0000000000        0.0011210357
       87.0000000000        0.0011015404
       88.0000000000        0.0010861470
       89.0000000000        0.0010728017
       90.0000000000        0.0010575347
       91.0000000000        0.0010457915
       92.0000000000        0.0010286655
       93.0000000000        0.0010147248
       94.0000000000        0.0010023238
       95.0000000000        0.0009881585
       96.0000000000        0.0009776818
       97.0000000000        0.0009640825
       98.0000000000        0.0009515789
       99.0000000000        0.0009386705
      100.0000000000        0.0009289634
      101.0000000000        0.0009199121
      102.0000000000        0.0009119174
      103.0000000000        0.0009011425
      104.0000000000        0.0008897267
      105.0000000000        0.0008794864
      106.0000000000        0.0008679023
      107.0000000000        0.0008575255
      108.0000000000        0.0008469620
      109.0000000000        0.0008373751
      110.0000000000        0.0008270795
      111.0000000000        0.0008181701
      112.0000000000        0.0008105498
      113.0000000000        0.0007998532
      114.0000000000        0.0007891285
      115.0000000000        0.0007800726
      116.0000000000        0.0007729709
      117.0000000000        0.0007673834
      118.0000000000        0.0007551193
      119.0000000000        0.0007481047
      120.0000000000        0.0007362663
      121.0000000000        0.0007291936
      122.0000000000        0.0007191553
      123.0000000000        0.0007079141
      124.0000000000        0.0007009298
      125.0000000000        0.0006921898
      126.0000000000        0.0006839674
      127.0000000000        0.0006747320
      128.0000000000        0.0006687783
      129.0000000000        0.0006615440
      130.0000000000        0.0006527299
      131.0000000000        0.0006434853
      132.0000000000        0.0006373008
      133.0000000000        0.0006324409
      134.0000000000        0.0006234363
      135.0000000000        0.0006177201
      136.0000000000        0.0006115618
      137.0000000000        0.0006032578
      138.0000000000        0.0005978319
      139.0000000000        0.0005912363
      140.0000000000        0.0005852272
      141.0000000000        0.0005772681
      142.0000000000        0.0005724025
      143.0000000000        0.0005666548
      144.0000000000        0.0005595677
      145.0000000000        0.0005553727
      146.0000000000        0.0005490328
      147.0000000000        0.0005439614
      148.0000000000        0.0005370902
      149.0000000000        0.0005292592
      150.0000000000        0.0005216778
      151.0000000000        0.0005160200
      152.0000000000        0.0005121548
      153.0000000000        0.0005105315
      154.0000000000        0.0005010849
      155.0000000000        0.0004979998
      156.0000000000        0.0004903039
      157.0000000000        0.0004872439
      158.0000000000        0.0004829963
      159.0000000000        0.0004819645
      160.0000000000        0.0004755894
      161.0000000000        0.0004693408
      162.0000000000        0.0004652755
      163.0000000000        0.0004608871
      164.0000000000        0.0004571980
      165.0000000000        0.0004534290
      166.0000000000        0.0004482812
      167.0000000000        0.0004407325
      168.0000000000        0.0004377277
      169.0000000000        0.0004314674
      170.0000000000        0.0004238131
      171.0000000000        0.0004213690
      172.0000000000        0.0004125877
      173.0000000000        0.0004105835
      174.0000000000        0.0004065587
      175.0000000000        0.0004024417
      176.0000000000        0.0003963931
      177.0000000000        0.0003932450
      178.0000000000        0.0003901863
      179.0000000000        0.0003864344
      180.0000000000        0.0003841714
      181.0000000000        0.0003804254
      182.0000000000        0.0003723272
      183.0000000000        0.0003717812
      184.0000000000        0.0003670907
      185.0000000000        0.0003639765
      186.0000000000        0.0003603979
      187.0000000000        0.0003563456
      188.0000000000        0.0003514273
      189.0000000000        0.0003470330
      190.0000000000        0.0003470450
      191.0000000000        0.0003404976
      192.0000000000        0.0003373776
      193.0000000000        0.0003351154
      194.0000000000        0.0003330993
      195.0000000000        0.0003313587
      196.0000000000        0.0003250838
      197.0000000000        0.0003217389
      198.0000000000        0.0003188345
      199.0000000000        0.0003160880
      200.0000000000        0.0003134214
      201.0000000000        0.0003087535
      202.0000000000        0.0003064652
      203.0000000000        0.0003059647
      204.0000000000        0.0003046784
      205.0000000000        0.0003004148
      206.0000000000        0.0002991645
      207.0000000000        0.0002942819
      208.0000000000        0.0002913047
      209.0000000000        0.0002869099
      210.0000000000        0.0002833182
      211.0000000000        0.0002798163
      212.0000000000        0.0002748854
      213.0000000000        0.0002725794
      214.0000000000        0.0002717326
      215.0000000000        0.0002687674
      216.0000000000        0.0002668832
      217.0000000000        0.0002604863
      218.0000000000        0.0002574467
      219.0000000000        0.0002570156
      220.0000000000        0.0002554631
      221.0000000000        0.0002523260
      222.0000000000        0.0002478736
      223.0000000000        0.0002460387
      224.0000000000        0.0002436358
      225.0000000000        0.0002404025
      226.0000000000        0.0002396085
      227.0000000000        0.0002356952
      228.0000000000        0.0002280030
      229.0000000000        0.0002257016
      230.0000000000        0.0002254504
      231.0000000000        0.0002233626
      232.0000000000        0.0002193529
      233.0000000000        0.0002174797
      234.0000000000        0.0002152783
      235.0000000000        0.0002130072
      236.0000000000        0.0002139641
      237.0000000000        0.0002095605
      238.0000000000        0.0002112790
      239.0000000000        0.0002094132
      240.0000000000        0.0002060987
      241.0000000000        0.0002031120
      242.0000000000        0.0002022509
      243.0000000000        0.0001996504
      244.0000000000        0.0001976219
      245.0000000000        0.0001955624
      246.0000000000        0.0001930040
      247.0000000000        0.0001929401
      248.0000000000        0.0001891243
      249.0000000000        0.0001887837
      250.0000000000        0.0001865990
      251.0000000000        0.0001778150
      252.0000000000        0.0001756788
      253.0000000000        0.0001756752
      254.0000000000        0.0001729344
      255.0000000000        0.0001733302
      256.0000000000        0.0001721885
      257.0000000000        0.0001690722
      258.0000000000        0.0001696124
      259.0000000000        0.0001684650
      260.0000000000        0.0001617989
      261.0000000000        0.0001611252
      262.0000000000        0.0001599360
      263.0000000000        0.0001576474
      264.0000000000        0.0001577208
      265.0000000000        0.0001557261
      266.0000000000        0.0001528633
      267.0000000000        0.0001507712
      268.0000000000        0.0001537969
      269.0000000000        0.0001523883
      270.0000000000        0.0001492471
      271.0000000000        0.0001481677
      272.0000000000        0.0001466748
      273.0000000000        0.0001477020
      274.0000000000        0.0001456260
      275.0000000000        0.0001429487
      276.0000000000        0.0001429686
      277.0000000000        0.0001396508
      278.0000000000        0.0001363197
      279.0000000000        0.0001357189
      280.0000000000        0.0001353067
      281.0000000000        0.0001336934
      282.0000000000        0.0001343964
      283.0000000000        0.0001321807
      284.0000000000        0.0001323156
      285.0000000000        0.0001294910
      286.0000000000        0.0001286301
      287.0000000000        0.0001285403
      288.0000000000        0.0001274724
      289.0000000000        0.0001248433
      290.0000000000        0.0001234494
      291.0000000000        0.0001217161
      292.0000000000        0.0001201498
      293.0000000000        0.0001217477
      294.0000000000        0.0001191218
      295.0000000000        0.0001167179
      296.0000000000        0.0001177605
      297.0000000000        0.0001133243
      298.0000000000        0.0001126308
      299.0000000000        0.0001109527
      300.0000000000        0.0001123721
      301.0000000000        0.0001098347
      302.0000000000        0.0001083422
      303.0000000000        0.0001056847
      304.0000000000        0.0001047032
      305.0000000000        0.0001040594
      306.0000000000        0.0001022043
      307.0000000000        0.0001000080
      308.0000000000        0.0000986928
      309.0000000000        0.0000975916
      310.0000000000        0.0000981537
      311.0000000000        0.0001014610
      312.0000000000        0.0000984770
      313.0000000000        0.0000996087
      314.0000000000        0.0000958292
      315.0000000000        0.0000912622
      316.0000000000        0.0000919057
      317.0000000000        0.0000900963
      318.0000000000        0.0000895173
      319.0000000000        0.0000908025
      320.0000000000        0.0000874855
      321.0000000000        0.0000844973
      322.0000000000        0.0000865242
      323.0000000000        0.0000861173
      324.0000000000        0.0000825341
      325.0000000000        0.0000828785
      326.0000000000        0.0000820904
      327.0000000000        0.0000823052
      328.0000000000        0.0000816294
      329.0000000000        0.0000802742
      330.0000000000        0.0000797702
      331.0000000000        0.0000790907
      332.0000000000        0.0000760406
      333.0000000000        0.0000766650
      334.0000000000        0.0000763649
      335.0000000000        0.0000732541
      336.0000000000        0.0000717162
      337.0000000000        0.0000690784
      338.0000000000        0.0000708086
      339.0000000000        0.0000703834
      340.0000000000        0.0000668119
      341.0000000000        0.0000668429
      342.0000000000        0.0000653499
      343.0000000000        0.0000645530
      344.0000000000        0.0000634025
      345.0000000000        0.0000630561
      346.0000000000        0.0000620087
      347.0000000000        0.0000627870
      348.0000000000        0.0000629254
      349.0000000000        0.0000577429
      350.0000000000        0.0000580010
      351.0000000000        0.0000586461
      352.0000000000        0.0000598650
      353.0000000000        0.0000570333
      354.0000000000        0.0000570577
      355.0000000000        0.0000552114
      356.0000000000        0.0000561439
      357.0000000000        0.0000543494
      358.0000000000        0.0000551834
      359.0000000000        0.0000511767
      360.0000000000        0.0000517663
      361.0000000000        0.0000511050
      362.0000000000        0.0000518706
      363.0000000000        0.0000535298
      364.0000000000        0.0000507088
      365.0000000000        0.0000504504
      366.0000000000        0.0000487561
      367.0000000000        0.0000471638
      368.0000000000        0.0000471141
      369.0000000000        0.0000456713
      370.0000000000        0.0000434273
      371.0000000000        0.0000406711
      372.0000000000        0.0000356304
      373.0000000000        0.0000358507
      374.0000000000        0.0000384643
      375.0000000000        0.0000380150
      376.0000000000        0.0000344570
      377.0000000000        0.0000345715
      378.0000000000        0.0000365558
      379.0000000000        0.0000392945
      380.0000000000        0.0000353789
      381.0000000000        0.0000350914
      382.0000000000        0.0000345155
      383.0000000000        0.0000348876
      384.0000000000        0.0000349709
      385.0000000000        0.0000329775
      386.0000000000        0.0000304190
      387.0000000000        0.0000289342
      388.0000000000        0.0000261806
      389.0000000000        0.0000281863
      390.0000000000        0.0000276273
      391.0000000000        0.0000254875
      392.0000000000        0.0000271750
      393.0000000000        0.0000264586
      394.0000000000        0.0000295724
      395.0000000000        0.0000285234
      396.0000000000        0.0000274593
      397.0000000000        0.0000270285
      398.0000000000        0.0000267744
      399.0000000000        0.0000277466
      400.0000000000        0.0000259537
      401.0000000000        0.0000259093
      402.0000000000        0.0000248161
      403.0000000000        0.0000237518
      404.0000000000        0.0000246015
      405.0000000000        0.0000253379
      406.0000000000        0.0000251273
      407.0000000000        0.0000229718
      408.0000000000        0.0000249476
      409.0000000000        0.0000226123
      410.0000000000        0.0000244209
      411.0000000000        0.0000214478
      412.0000000000        0.0000218503
      413.0000000000        0.0000217238
      414.0000000000        0.0000223173
      415.0000000000        0.0000225076
      416.0000000000        0.0000211275
      417.0000000000        0.0000218572
      418.0000000000        0.0000226020
      419.0000000000        0.0000220642
      420.0000000000        0.0000206442
      421.0000000000        0.0000179692
      422.0000000000        0.0000156843
      423.0000000000        0.0000146054
      424.0000000000        0.0000131727
      425.0000000000        0.0000129460
      426.0000000000        0.0000097420
      427.0000000000        0.0000112180
      428.0000000000        0.0000129105
      429.0000000000        0.0000104635
      430.0000000000        0.0000081457
      431.0000000000        0.0000055206
      432.0000000000        0.0000095287
      433.0000000000        0.0000082885
      434.0000000000        0.0000087749
      435.0000000000        0.0000087958
      436.0000000000        0.0000076261
      437.0000000000        0.0000089211
      438.0000000000        0.0000090378
      439.0000000000        0.0000081932
      440.0000000000        0.0000066065
      441.0000000000        0.0000048784
      442.0000000000        0.0000044785
      443.0000000000        0.0000046272
      444.0000000000        0.0000078939
      445.0000000000        0.0000097293
      446.0000000000        0.0000088729
      447.0000000000        0.0000091721
      448.0000000000        0.0000076484
      449.0000000000        0.0000063663
      450.0000000000        0.0000047635
      451.0000000000        0.0000040216
      452.0000000000        0.0000026623
      453.0000000000        0.0000028330
      454.0000000000        0.0000049125
      455.0000000000        0.0000044323
      456.0000000000        0.0000052816
      457.0000000000        0.0000071895
      458.0000000000        0.0000062725
      459.0000000000        0.0000055244
      460.0000000000        0.0000052148
      461.0000000000        0.0000080371
      462.0000000000        0.0000072340
      463.0000000000        0.0000055648
      464.0000000000        0.0000053901
      465.0000000000        0.0000063593
      466.0000000000        0.0000055902
      467.0000000000        0.0000066258
      468.0000000000        0.0000069167
      469.0000000000        0.0000048805
      470.0000000000        0.0000065437
      471.0000000000        0.0000085821
      472.0000000000        0.0000042900
      473.0000000000        0.0000009387
      474.0000000000        0.0000002226
      475.0000000000       -0.0000000351
      476.0000000000       -0.0000001506
      477.0000000000        0.0000006014
      478.0000000000        0.0000028000
      479.0000000000        0.0000019506
      480.0000000000        0.0000035044
      481.0000000000        0.0000032565
      482.0000000000        0.0000020036
      483.0000000000        0.0000020480
      484.0000000000        0.0000052758
      485.0000000000        0.0000053081
      486.0000000000        0.0000058869
      487.0000000000        0.0000071562
      488.0000000000        0.0000013212
      489.0000000000        0.0000043377
      490.0000000000        0.0000030182
      491.0000000000        0.0000024820
      492.0000000000        0.0000049165
      493.0000000000        0.0000032984
      494.0000000000        0.0000009286
      495.0000000000       -0.0000022413
      496.0000000000        0.0000001161
      497.0000000000       -0.0000001915
      498.0000000000       -0.0000014650
      499.0000000000       -0.0000044177
      500.0000000000       -0.0000038242
      501.0000000000       -0.0000035608
      502.0000000000       -0.0000012637
      503.0000000000       -0.0000000152
      504.0000000000        0.0000013964
      505.0000000000        0.0000018298
      506.0000000000       -0.0000003911
      507.0000000000       -0.0000028901
      508.0000000000        0.0000025011
      509.0000000000        0.0000019049
      510.0000000000        0.0000017867
      511.0000000000        0.0000032865
      512.0000000000        0.0000048549
