     -255.0000000000       -0.0006232606       -0.0006097573       -0.0005934781       -0.0005838666       -0.0005401574       -0.0005180704       -0.0005277877       -0.0004919669
     -254.0000000000       -0.0006331176       -0.0005953359       -0.0005936900       -0.0005833796       -0.0005487090       -0.0005272064       -0.0005148054       -0.0005004907
     -253.0000000000       -0.0006349023       -0.0006041816       -0.0005950265       -0.0005735049       -0.0005588129       -0.0005217457       -0.0005193367       -0.0005045375
     -252.0000000000       -0.0006159440       -0.0006094668       -0.0005904317       -0.0005722610       -0.0005501818       -0.0005310248       -0.0005270881       -0.0004926514
     -251.0000000000       -0.0006302285       -0.0006146444       -0.0005888064       -0.0005612097       -0.0005480475       -0.0005315723       -0.0005232234       -0.0004876585
     -250.0000000000       -0.0006296924       -0.0006075351       -0.0005798266       -0.0005577636       -0.0005517385       -0.0005307263       -0.0005273103       -0.0004842843
     -249.0000000000       -0.0006416780       -0.0006032661       -0.0005884061       -0.0005657436       -0.0005484970       -0.0005308278       -0.0005161818       -0.0004637981
     -248.0000000000       -0.0006483102       -0.0006068569       -0.0006042239       -0.0005731224       -0.0005441805       -0.0005265944       -0.0005013598       -0.0004661164
     -247.0000000000       -0.0006374481       -0.0006182817       -0.0006028268       -0.0005775631       -0.0005471731       -0.0005211048       -0.0004941940       -0.0004811227
     -246.0000000000       -0.0006340935       -0.0006106387       -0.0005939265       -0.0005769787       -0.0005328823       -0.0005379599       -0.0004892756       -0.0004934908
     -245.0000000000       -0.0006346967       -0.0006175528       -0.0005973265       -0.0005829375       -0.0005370892       -0.0005365737       -0.0004973250       -0.0004813314
     -244.0000000000       -0.0006382121       -0.0006267471       -0.0005936691       -0.0005677171       -0.0005540173       -0.0005287755       -0.0005003428       -0.0004835642
     -243.0000000000       -0.0006242149       -0.0006097240       -0.0005935543       -0.0005654899       -0.0005569433       -0.0005196174       -0.0005020596       -0.0004850464
     -242.0000000000       -0.0006113663       -0.0006216017       -0.0005879269       -0.0005646118       -0.0005491401       -0.0005156510       -0.0004939153       -0.0004784023
     -241.0000000000       -0.0006292810       -0.0006315661       -0.0005789061       -0.0005721437       -0.0005481362       -0.0005167903       -0.0004900176       -0.0004780126
     -240.0000000000       -0.0006326955       -0.0006168848       -0.0005906958       -0.0005664154       -0.0005446675       -0.0005165792       -0.0004990134       -0.0004849347
     -239.0000000000       -0.0006309427       -0.0006158993       -0.0005954932       -0.0005580921       -0.0005425917       -0.0005219197       -0.0005038805       -0.0004930443
     -238.0000000000       -0.0006312083       -0.0006142853       -0.0005846850       -0.0005655148       -0.0005353669       -0.0005212777       -0.0005083466       -0.0005069021
     -237.0000000000       -0.0006324249       -0.0006093499       -0.0005873573       -0.0005752940       -0.0005368361       -0.0005249146       -0.0004959530       -0.0004993692
     -236.0000000000       -0.0006179809       -0.0005990883       -0.0005927369       -0.0005690812       -0.0005400150       -0.0005463864       -0.0004871339       -0.0004803099
     -235.0000000000       -0.0006311434       -0.0005999873       -0.0005946015       -0.0005663934       -0.0005483762       -0.0005413030       -0.0004866693       -0.0004821602
     -234.0000000000       -0.0006303539       -0.0006076637       -0.0005936067       -0.0005672982       -0.0005587822       -0.0005225781       -0.0004984127       -0.0004737782
     -233.0000000000       -0.0006246749       -0.0006147228       -0.0005818929       -0.0005687388       -0.0005469264       -0.0005171506       -0.0005008412       -0.0004634405
     -232.0000000000       -0.0006317384       -0.0006075269       -0.0005952201       -0.0005811490       -0.0005609741       -0.0005205389       -0.0004896645       -0.0004486807
     -231.0000000000       -0.0006285037       -0.0006192209       -0.0005959533       -0.0005773631       -0.0005617155       -0.0005171980       -0.0004868150       -0.0004653483
     -230.0000000000       -0.0006219720       -0.0006320580       -0.0005854467       -0.0005706234       -0.0005521486       -0.0005188726       -0.0004929605       -0.0004755640
     -229.0000000000       -0.0006204575       -0.0006181068       -0.0005846251       -0.0005747719       -0.0005449840       -0.0004991594       -0.0004876973       -0.0004683779
     -228.0000000000       -0.0006288813       -0.0005934500       -0.0005906707       -0.0005688520       -0.0005484748       -0.0005047695       -0.0004907253       -0.0004696878
     -227.0000000000       -0.0006354364       -0.0005967572       -0.0005791855       -0.0005510265       -0.0005487917       -0.0005229399       -0.0004850396       -0.0004696541
     -226.0000000000       -0.0006311015       -0.0006144182       -0.0005816338       -0.0005513570       -0.0005456999       -0.0005365751       -0.0004877929       -0.0004743169
     -225.0000000000       -0.0006239906       -0.0006167456       -0.0005928822       -0.0005608698       -0.0005500688       -0.0005259745       -0.0005121002       -0.0004680011
     -224.0000000000       -0.0006238847       -0.0006033477       -0.0005950227       -0.0005499747       -0.0005365830       -0.0005181715       -0.0005144376       -0.0004627182
     -223.0000000000       -0.0006233897       -0.0006082505       -0.0005827064       -0.0005541277       -0.0005355695       -0.0005092728       -0.0004914518       -0.0004624191
     -222.0000000000       -0.0006228026       -0.0006086129       -0.0005963943       -0.0005722301       -0.0005342562       -0.0005089617       -0.0004841740       -0.0004725491
     -221.0000000000       -0.0006171118       -0.0006147417       -0.0005945713       -0.0005778155       -0.0005373627       -0.0005105379       -0.0004843792       -0.0004642156
     -220.0000000000       -0.0006122283       -0.0006200452       -0.0005894931       -0.0005704197       -0.0005515372       -0.0005115562       -0.0004950039       -0.0004720795
     -219.0000000000       -0.0006294438       -0.0006126647       -0.0005930575       -0.0005642696       -0.0005505995       -0.0005240972       -0.0005049399       -0.0004877868
     -218.0000000000       -0.0006188758       -0.0006024636       -0.0005982097       -0.0005668572       -0.0005370045       -0.0005256114       -0.0005049863       -0.0004808622
     -217.0000000000       -0.0006232522       -0.0006071635       -0.0005861550       -0.0005640510       -0.0005301550       -0.0005137026       -0.0004956060       -0.0004871051
     -216.0000000000       -0.0006283242       -0.0006117459       -0.0005847319       -0.0005693258       -0.0005268598       -0.0005157620       -0.0005063378       -0.0004800280
     -215.0000000000       -0.0006299517       -0.0006141364       -0.0005901143       -0.0005679338       -0.0005287584       -0.0005185709       -0.0005110238       -0.0004710640
     -214.0000000000       -0.0006285962       -0.0006197363       -0.0005802921       -0.0005618995       -0.0005326715       -0.0005093962       -0.0005032005       -0.0004618532
     -213.0000000000       -0.0006256289       -0.0006224057       -0.0005741942       -0.0005627258       -0.0005364522       -0.0005123887       -0.0005069404       -0.0004705617
     -212.0000000000       -0.0006269205       -0.0006143232       -0.0005829212       -0.0005705805       -0.0005383527       -0.0005181997       -0.0004941548       -0.0004710100
     -211.0000000000       -0.0006343502       -0.0006033270       -0.0005845798       -0.0005617369       -0.0005398651       -0.0005062799       -0.0004896259       -0.0004766146
     -210.0000000000       -0.0006334024       -0.0005967531       -0.0005801262       -0.0005617774       -0.0005373427       -0.0005059596       -0.0004935687       -0.0004692715
     -209.0000000000       -0.0006178563       -0.0005914805       -0.0005794016       -0.0005535271       -0.0005383908       -0.0005087347       -0.0004861456       -0.0004538591
     -208.0000000000       -0.0006162198       -0.0005947024       -0.0005843961       -0.0005673196       -0.0005295636       -0.0005090147       -0.0004872029       -0.0004563481
     -207.0000000000       -0.0006268672       -0.0006043766       -0.0005759779       -0.0005681562       -0.0005292160       -0.0005173816       -0.0004878972       -0.0004535214
     -206.0000000000       -0.0006265764       -0.0005991356       -0.0005793929       -0.0005734482       -0.0005233649       -0.0005192079       -0.0005014567       -0.0004619858
     -205.0000000000       -0.0006224865       -0.0005949964       -0.0005806078       -0.0005529452       -0.0005252986       -0.0005095555       -0.0004912546       -0.0004646826
     -204.0000000000       -0.0006211903       -0.0006036026       -0.0005872999       -0.0005423417       -0.0005340976       -0.0005213937       -0.0004828099       -0.0004667672
     -203.0000000000       -0.0006281883       -0.0005983796       -0.0005877606       -0.0005456171       -0.0005283972       -0.0005145854       -0.0004830143       -0.0004659746
     -202.0000000000       -0.0006320194       -0.0005961580       -0.0005863285       -0.0005659590       -0.0005254145       -0.0005218972       -0.0004938757       -0.0004579968
     -201.0000000000       -0.0006358776       -0.0005964241       -0.0005691650       -0.0005556210       -0.0005315123       -0.0005184605       -0.0004880914       -0.0004573757
     -200.0000000000       -0.0006209923       -0.0006032570       -0.0005639190       -0.0005392242       -0.0005272832       -0.0005153322       -0.0004624176       -0.0004511771
     -199.0000000000       -0.0006230494       -0.0006117657       -0.0005810458       -0.0005458157       -0.0005333854       -0.0005102522       -0.0004716509       -0.0004506524
     -198.0000000000       -0.0006240353       -0.0006207710       -0.0005784954       -0.0005542002       -0.0005381668       -0.0004999805       -0.0004804977       -0.0004561922
     -197.0000000000       -0.0006237008       -0.0006127771       -0.0005787185       -0.0005546376       -0.0005413860       -0.0005060311       -0.0004860286       -0.0004538666
     -196.0000000000       -0.0006258968       -0.0006120252       -0.0005771238       -0.0005556267       -0.0005332710       -0.0005033214       -0.0004828910       -0.0004564549
     -195.0000000000       -0.0006278405       -0.0006039409       -0.0005669759       -0.0005504328       -0.0005241352       -0.0004982758       -0.0004833989       -0.0004557430
     -194.0000000000       -0.0006276317       -0.0005905660       -0.0005747779       -0.0005392681       -0.0005285986       -0.0004888778       -0.0004764573       -0.0004429434
     -193.0000000000       -0.0006419580       -0.0005923551       -0.0005818873       -0.0005361166       -0.0005169447       -0.0004872536       -0.0004675283       -0.0004486601
     -192.0000000000       -0.0006364631       -0.0005836572       -0.0005874188       -0.0005377415       -0.0005240493       -0.0005024326       -0.0004676192       -0.0004567156
     -191.0000000000       -0.0006310922       -0.0005995687       -0.0005809190       -0.0005344767       -0.0005247948       -0.0005086689       -0.0004648077       -0.0004439413
     -190.0000000000       -0.0006326670       -0.0006088858       -0.0005788402       -0.0005397689       -0.0005209585       -0.0004938296       -0.0004688379       -0.0004331889
     -189.0000000000       -0.0006380369       -0.0006095722       -0.0005804551       -0.0005421925       -0.0005190772       -0.0004766978       -0.0004688146       -0.0004370427
     -188.0000000000       -0.0006235132       -0.0006100114       -0.0005707315       -0.0005514080       -0.0005103456       -0.0004862830       -0.0004615857       -0.0004502101
     -187.0000000000       -0.0006213285       -0.0006033060       -0.0005670325       -0.0005462530       -0.0005132133       -0.0004934078       -0.0004538114       -0.0004409243
     -186.0000000000       -0.0006238464       -0.0005864912       -0.0005617857       -0.0005490162       -0.0005205274       -0.0004959213       -0.0004526065       -0.0004368051
     -185.0000000000       -0.0006339630       -0.0005915687       -0.0005583073       -0.0005569950       -0.0005194674       -0.0004899950       -0.0004481919       -0.0004277235
     -184.0000000000       -0.0006296904       -0.0005932093       -0.0005582539       -0.0005512696       -0.0005071544       -0.0004896708       -0.0004472533       -0.0004294002
     -183.0000000000       -0.0006248083       -0.0005945307       -0.0005625075       -0.0005388747       -0.0005086233       -0.0004870782       -0.0004428545       -0.0004244627
     -182.0000000000       -0.0006100169       -0.0005927891       -0.0005664486       -0.0005455025       -0.0005238535       -0.0004829858       -0.0004569652       -0.0004198470
     -181.0000000000       -0.0006170203       -0.0005957019       -0.0005643689       -0.0005478423       -0.0005228876       -0.0004891850       -0.0004583247       -0.0004296429
     -180.0000000000       -0.0006119479       -0.0006146547       -0.0005714380       -0.0005452988       -0.0005218135       -0.0004915212       -0.0004530578       -0.0004312149
     -179.0000000000       -0.0006126117       -0.0006010122       -0.0005726597       -0.0005541661       -0.0005302718       -0.0004912143       -0.0004545311       -0.0004340436
     -178.0000000000       -0.0006137527       -0.0005988201       -0.0005625912       -0.0005490601       -0.0005084283       -0.0004776409       -0.0004552283       -0.0004197577
     -177.0000000000       -0.0006223825       -0.0006152619       -0.0005729136       -0.0005434572       -0.0005014430       -0.0004610213       -0.0004556234       -0.0004122738
     -176.0000000000       -0.0006120371       -0.0005951270       -0.0005772911       -0.0005522928       -0.0005121558       -0.0004621933       -0.0004500364       -0.0004208361
     -175.0000000000       -0.0006151309       -0.0006063862       -0.0005662121       -0.0005565680       -0.0004962360       -0.0004519161       -0.0004490338       -0.0004296413
     -174.0000000000       -0.0006142528       -0.0005935348       -0.0005633744       -0.0005504413       -0.0004994805       -0.0004626947       -0.0004510613       -0.0004262616
     -173.0000000000       -0.0006018072       -0.0005781161       -0.0005727846       -0.0005303829       -0.0004975237       -0.0004738605       -0.0004454096       -0.0004207383
     -172.0000000000       -0.0006133964       -0.0005791286       -0.0005651536       -0.0005274172       -0.0004932077       -0.0004642751       -0.0004405160       -0.0004344761
     -171.0000000000       -0.0006153728       -0.0005903063       -0.0005675400       -0.0005239406       -0.0004971280       -0.0004671848       -0.0004398415       -0.0004068523
     -170.0000000000       -0.0006177991       -0.0005898776       -0.0005629921       -0.0005360345       -0.0004902433       -0.0004684883       -0.0004265786       -0.0003984002
     -169.0000000000       -0.0006156991       -0.0005792194       -0.0005602613       -0.0005409754       -0.0004957887       -0.0004647488       -0.0004256212       -0.0003969244
     -168.0000000000       -0.0006184687       -0.0005821189       -0.0005645169       -0.0005306589       -0.0004967288       -0.0004551606       -0.0004353854       -0.0003915279
     -167.0000000000       -0.0006149565       -0.0005987781       -0.0005597353       -0.0005267280       -0.0005116583       -0.0004569914       -0.0004296035       -0.0003915696
     -166.0000000000       -0.0006154320       -0.0006080659       -0.0005745365       -0.0005170917       -0.0005065545       -0.0004736311       -0.0004282477       -0.0003989056
     -165.0000000000       -0.0006171209       -0.0006057755       -0.0005644268       -0.0005201887       -0.0004993636       -0.0004904331       -0.0004335042       -0.0003990740
     -164.0000000000       -0.0006298724       -0.0006089545       -0.0005749290       -0.0005184314       -0.0004879093       -0.0004777373       -0.0004290588       -0.0003879818
     -163.0000000000       -0.0006279359       -0.0005895116       -0.0005698113       -0.0005146238       -0.0004804341       -0.0004654439       -0.0004207158       -0.0003789873
     -162.0000000000       -0.0006269986       -0.0005940804       -0.0005657080       -0.0005106401       -0.0004945300       -0.0004604539       -0.0004089039       -0.0003844206
     -161.0000000000       -0.0006109241       -0.0005882062       -0.0005630146       -0.0005126131       -0.0005051328       -0.0004690792       -0.0004098488       -0.0003736834
     -160.0000000000       -0.0006106291       -0.0006001410       -0.0005627399       -0.0005250626       -0.0005003203       -0.0004740750       -0.0004245817       -0.0003742859
     -159.0000000000       -0.0006181594       -0.0005999112       -0.0005593144       -0.0005218992       -0.0004846219       -0.0004657242       -0.0004259405       -0.0003739063
     -158.0000000000       -0.0006239296       -0.0006020145       -0.0005692085       -0.0005149165       -0.0004768510       -0.0004520715       -0.0004076425       -0.0003664064
     -157.0000000000       -0.0006155372       -0.0006014429       -0.0005553334       -0.0005111450       -0.0004821207       -0.0004502149       -0.0004033593       -0.0003687809
     -156.0000000000       -0.0006113467       -0.0006025475       -0.0005508456       -0.0005261008       -0.0004840933       -0.0004529348       -0.0004010007       -0.0003616514
     -155.0000000000       -0.0006250258       -0.0005940246       -0.0005556138       -0.0005219198       -0.0004776706       -0.0004427053       -0.0004032167       -0.0003670841
     -154.0000000000       -0.0006278342       -0.0005822822       -0.0005546418       -0.0005149134       -0.0004691054       -0.0004238077       -0.0003893948       -0.0003674560
     -153.0000000000       -0.0006291603       -0.0005904291       -0.0005428810       -0.0005011843       -0.0004656132       -0.0004248811       -0.0003845864       -0.0003700630
     -152.0000000000       -0.0006309878       -0.0005872044       -0.0005384664       -0.0005062379       -0.0004639430       -0.0004211482       -0.0004129008       -0.0003678309
     -151.0000000000       -0.0006153631       -0.0005794128       -0.0005362844       -0.0005067104       -0.0004682532       -0.0004113508       -0.0004062136       -0.0003469189
     -150.0000000000       -0.0006190508       -0.0005761207       -0.0005272400       -0.0005121281       -0.0004685538       -0.0004089726       -0.0003890003       -0.0003433173
     -149.0000000000       -0.0006268124       -0.0005827658       -0.0005267941       -0.0005160003       -0.0004762282       -0.0004170784       -0.0003803568       -0.0003372952
     -148.0000000000       -0.0006214173       -0.0005886758       -0.0005330790       -0.0005284061       -0.0004808326       -0.0004273915       -0.0003799640       -0.0003335085
     -147.0000000000       -0.0006133117       -0.0005896866       -0.0005475997       -0.0005143102       -0.0004800626       -0.0004361886       -0.0003887946       -0.0003513096
     -146.0000000000       -0.0006119523       -0.0005873132       -0.0005401866       -0.0005062753       -0.0004610392       -0.0004405974       -0.0003875815       -0.0003415767
     -145.0000000000       -0.0006297742       -0.0005918569       -0.0005419096       -0.0004854882       -0.0004553974       -0.0004302384       -0.0003826366       -0.0003335120
     -144.0000000000       -0.0006365584       -0.0005862819       -0.0005454962       -0.0004907438       -0.0004491885       -0.0004180988       -0.0003771881       -0.0003291334
     -143.0000000000       -0.0006307652       -0.0005799355       -0.0005408702       -0.0004882480       -0.0004465446       -0.0004243702       -0.0003627406       -0.0003180961
     -142.0000000000       -0.0006210676       -0.0005805549       -0.0005384089       -0.0004887370       -0.0004490303       -0.0004244870       -0.0003420426       -0.0003230115
     -141.0000000000       -0.0006291670       -0.0005847096       -0.0005342297       -0.0004979800       -0.0004497527       -0.0004179972       -0.0003507390       -0.0003448216
     -140.0000000000       -0.0006372633       -0.0005705133       -0.0005330526       -0.0005067904       -0.0004547231       -0.0003874990       -0.0003539379       -0.0003274148
     -139.0000000000       -0.0006287329       -0.0005755297       -0.0005294329       -0.0005014782       -0.0004578575       -0.0003866422       -0.0003476819       -0.0003293407
     -138.0000000000       -0.0006108780       -0.0005923129       -0.0005309188       -0.0005002687       -0.0004597154       -0.0003884559       -0.0003515772       -0.0003287082
     -137.0000000000       -0.0005987313       -0.0005838617       -0.0005184956       -0.0004797673       -0.0004466626       -0.0003750788       -0.0003415490       -0.0003235409
     -136.0000000000       -0.0006035145       -0.0005731979       -0.0005210388       -0.0004889822       -0.0004507741       -0.0003819149       -0.0003393760       -0.0003177862
     -135.0000000000       -0.0006068134       -0.0005694165       -0.0005395614       -0.0005011594       -0.0004452102       -0.0003898176       -0.0003472987       -0.0003097277
     -134.0000000000       -0.0006308653       -0.0005742329       -0.0005370823       -0.0004875957       -0.0004334612       -0.0003851242       -0.0003374516       -0.0002933359
     -133.0000000000       -0.0006234274       -0.0005751364       -0.0005264340       -0.0004845747       -0.0004192958       -0.0003765495       -0.0003393094       -0.0002888307
     -132.0000000000       -0.0006365327       -0.0005744559       -0.0005362146       -0.0004925151       -0.0004117901       -0.0003735766       -0.0003381440       -0.0002961422
     -131.0000000000       -0.0006290883       -0.0005635927       -0.0005261910       -0.0004910929       -0.0004197607       -0.0003737678       -0.0003281875       -0.0003051006
     -130.0000000000       -0.0006342342       -0.0005678538       -0.0005155764       -0.0004767709       -0.0004184316       -0.0003778467       -0.0003228094       -0.0002852210
     -129.0000000000       -0.0006298356       -0.0005805988       -0.0005193542       -0.0004827662       -0.0004191344       -0.0003759388       -0.0003182986       -0.0002627607
     -128.0000000000       -0.0006270934       -0.0005727747       -0.0005199395       -0.0004704911       -0.0004138523       -0.0003556512       -0.0003101480       -0.0002517645
     -127.0000000000       -0.0006220164       -0.0005624760       -0.0005224546       -0.0004686718       -0.0004087760       -0.0003509814       -0.0003048244       -0.0002506979
     -126.0000000000       -0.0006362512       -0.0005678621       -0.0005078381       -0.0004596039       -0.0004010470       -0.0003525873       -0.0003035512       -0.0002431017
     -125.0000000000       -0.0006376269       -0.0005824097       -0.0005137559       -0.0004562931       -0.0004076258       -0.0003418320       -0.0003037387       -0.0002517345
     -124.0000000000       -0.0006292398       -0.0005874127       -0.0005139808       -0.0004567923       -0.0004071101       -0.0003322199       -0.0002848870       -0.0002614094
     -123.0000000000       -0.0006322874       -0.0005897881       -0.0005299736       -0.0004500067       -0.0003960640       -0.0003388395       -0.0002762633       -0.0002473115
     -122.0000000000       -0.0006274013       -0.0005781095       -0.0005187836       -0.0004470242       -0.0003912713       -0.0003413716       -0.0002836133       -0.0002445551
     -121.0000000000       -0.0006349215       -0.0005731433       -0.0005074736       -0.0004610514       -0.0003852277       -0.0003354755       -0.0002864565       -0.0002282635
     -120.0000000000       -0.0006219029       -0.0005774586       -0.0005164903       -0.0004600829       -0.0003788838       -0.0003309235       -0.0002783962       -0.0002156803
     -119.0000000000       -0.0006317789       -0.0005638019       -0.0005305628       -0.0004380883       -0.0003733060       -0.0003150173       -0.0002548290       -0.0002041727
     -118.0000000000       -0.0006377762       -0.0005581867       -0.0005251838       -0.0004346498       -0.0003719813       -0.0002967157       -0.0002514210       -0.0002138909
     -117.0000000000       -0.0006316998       -0.0005540612       -0.0005147627       -0.0004309545       -0.0003661168       -0.0003040463       -0.0002386602       -0.0002096104
     -116.0000000000       -0.0006315486       -0.0005633545       -0.0005067208       -0.0004279471       -0.0003674448       -0.0003023333       -0.0002285791       -0.0001963747
     -115.0000000000       -0.0006302489       -0.0005830352       -0.0005050126       -0.0004159977       -0.0003654327       -0.0002967965       -0.0002441851       -0.0002007878
     -114.0000000000       -0.0006440469       -0.0005766849       -0.0004949723       -0.0004278089       -0.0003680355       -0.0002928441       -0.0002473754       -0.0001877587
     -113.0000000000       -0.0006571820       -0.0005569452       -0.0004915981       -0.0004306897       -0.0003515366       -0.0002895295       -0.0002405838       -0.0001665308
     -112.0000000000       -0.0006499515       -0.0005468836       -0.0004838277       -0.0004198794       -0.0003465566       -0.0002752339       -0.0002326131       -0.0001573727
     -111.0000000000       -0.0006387502       -0.0005541364       -0.0004817683       -0.0004080183       -0.0003502435       -0.0002715589       -0.0002266736       -0.0001470868
     -110.0000000000       -0.0006441652       -0.0005522099       -0.0004801438       -0.0004033413       -0.0003427170       -0.0002687043       -0.0002155761       -0.0001398668
     -109.0000000000       -0.0006259817       -0.0005478557       -0.0004795587       -0.0004065321       -0.0003347460       -0.0002646270       -0.0002120027       -0.0001375230
     -108.0000000000       -0.0006240903       -0.0005347956       -0.0004845403       -0.0003971582       -0.0003300449       -0.0002677734       -0.0002143787       -0.0001437386
     -107.0000000000       -0.0006224902       -0.0005476267       -0.0004876464       -0.0003886637       -0.0003215684       -0.0002650043       -0.0002061869       -0.0001451640
     -106.0000000000       -0.0006155647       -0.0005519929       -0.0004804625       -0.0003913264       -0.0003094284       -0.0002583836       -0.0001858508       -0.0001334577
     -105.0000000000       -0.0006063844       -0.0005503221       -0.0004868946       -0.0003894276       -0.0003129002       -0.0002447607       -0.0001863596       -0.0001109602
     -104.0000000000       -0.0006183522       -0.0005419648       -0.0004809538       -0.0004004179       -0.0003226899       -0.0002299596       -0.0001754093       -0.0000985255
     -103.0000000000       -0.0006209588       -0.0005405087       -0.0004806285       -0.0003989978       -0.0003275988       -0.0002304017       -0.0001637136       -0.0000969940
     -102.0000000000       -0.0006210806       -0.0005484973       -0.0004768509       -0.0003895589       -0.0003181897       -0.0002089385       -0.0001501679       -0.0001028989
     -101.0000000000       -0.0006210954       -0.0005467250       -0.0004688035       -0.0003828560       -0.0002995358       -0.0002056599       -0.0001440504       -0.0001067285
     -100.0000000000       -0.0006091419       -0.0005468656       -0.0004557428       -0.0003759656       -0.0002879496       -0.0001938206       -0.0001340729       -0.0000975852
      -99.0000000000       -0.0006171171       -0.0005469732       -0.0004402496       -0.0003697955       -0.0002747478       -0.0001886489       -0.0001224355       -0.0000790060
      -98.0000000000       -0.0006123272       -0.0005458534       -0.0004477394       -0.0003738150       -0.0002658869       -0.0001806142       -0.0001181052       -0.0000585543
      -97.0000000000       -0.0006168370       -0.0005416840       -0.0004383525       -0.0003497427       -0.0002559790       -0.0001721804       -0.0001042541       -0.0000470089
      -96.0000000000       -0.0006143867       -0.0005303024       -0.0004342385       -0.0003449108       -0.0002404197       -0.0001700540       -0.0000985554       -0.0000353027
      -95.0000000000       -0.0006249517       -0.0005422391       -0.0004351089       -0.0003392036       -0.0002348176       -0.0001625535       -0.0000964056       -0.0000268441
      -94.0000000000       -0.0006291063       -0.0005288095       -0.0004201982       -0.0003390517       -0.0002414983       -0.0001536664       -0.0000909764       -0.0000188980
      -93.0000000000       -0.0006399239       -0.0005243878       -0.0004189183       -0.0003310622       -0.0002394489       -0.0001521379       -0.0000800791       -0.0000138972
      -92.0000000000       -0.0006348843       -0.0005184089       -0.0004248992       -0.0003176171       -0.0002294030       -0.0001500475       -0.0000654426       -0.0000021062
      -91.0000000000       -0.0006140763       -0.0005250062       -0.0004227023       -0.0003061153       -0.0002094097       -0.0001355886       -0.0000489266        0.0000000191
      -90.0000000000       -0.0006232102       -0.0005095285       -0.0004161999       -0.0003045061       -0.0002113484       -0.0001114062       -0.0000417825        0.0000075211
      -89.0000000000       -0.0006417071       -0.0005051435       -0.0004071580       -0.0002949079       -0.0002024408       -0.0001045536       -0.0000305400        0.0000255655
      -88.0000000000       -0.0006423053       -0.0005102454       -0.0003946849       -0.0002846031       -0.0001826441       -0.0000914810       -0.0000119542        0.0000468676
      -87.0000000000       -0.0006279952       -0.0005212571       -0.0003813501       -0.0002889148       -0.0001693724       -0.0000839130       -0.0000119057        0.0000450773
      -86.0000000000       -0.0006212659       -0.0005163357       -0.0003904400       -0.0002718142       -0.0001598862       -0.0000770938        0.0000087099        0.0000570738
      -85.0000000000       -0.0006293166       -0.0005002511       -0.0003817390       -0.0002560739       -0.0001471485       -0.0000645084        0.0000199365        0.0000796228
      -84.0000000000       -0.0006270420       -0.0004884244       -0.0003766723       -0.0002425217       -0.0001420125       -0.0000447185        0.0000387046        0.0000910310
      -83.0000000000       -0.0006348538       -0.0004939038       -0.0003823456       -0.0002403874       -0.0001241025       -0.0000246107        0.0000399679        0.0000907738
      -82.0000000000       -0.0006352295       -0.0004877716       -0.0003863793       -0.0002245108       -0.0001114507       -0.0000128582        0.0000565928        0.0001089609
      -81.0000000000       -0.0006229291       -0.0004950287       -0.0003861291       -0.0002142613       -0.0000953300       -0.0000017770        0.0000618966        0.0001209802
      -80.0000000000       -0.0006127341       -0.0004877375       -0.0003749999       -0.0002049031       -0.0000838516        0.0000075524        0.0000866564        0.0001287866
      -79.0000000000       -0.0006155397       -0.0004806071       -0.0003606816       -0.0001974468       -0.0000808903        0.0000061615        0.0001030851        0.0001372019
      -78.0000000000       -0.0006122262       -0.0004888131       -0.0003413529       -0.0001851903       -0.0000678549        0.0000188829        0.0001047771        0.0001548518
      -77.0000000000       -0.0006180197       -0.0004731717       -0.0003319052       -0.0001778646       -0.0000451637        0.0000251503        0.0001095353        0.0001803326
      -76.0000000000       -0.0006280621       -0.0004660045       -0.0003303659       -0.0001613661       -0.0000128639        0.0000729262        0.0001253971        0.0001869796
      -75.0000000000       -0.0006286637       -0.0004737119       -0.0003109174       -0.0001444516       -0.0000051470        0.0000927986        0.0001410599        0.0001969123
      -74.0000000000       -0.0006334613       -0.0004766604       -0.0002981927       -0.0001303722        0.0000067750        0.0001125518        0.0001722793        0.0002192112
      -73.0000000000       -0.0006366976       -0.0004667850       -0.0002791192       -0.0001143364        0.0000135078        0.0001128447        0.0001918833        0.0002292893
      -72.0000000000       -0.0006182404       -0.0004652587       -0.0002740115       -0.0001089242        0.0000307688        0.0001176123        0.0002054560        0.0002318532
      -71.0000000000       -0.0006173667       -0.0004448756       -0.0002714371       -0.0000928693        0.0000505727        0.0001408376        0.0002165627        0.0002604308
      -70.0000000000       -0.0006028664       -0.0004484773       -0.0002564386       -0.0000714973        0.0000704497        0.0001747121        0.0002242484        0.0002752120
      -69.0000000000       -0.0006172300       -0.0004679357       -0.0002422128       -0.0000642094        0.0000972663        0.0001987744        0.0002450705        0.0002757910
      -68.0000000000       -0.0006241258       -0.0004648863       -0.0002430718       -0.0000350993        0.0001103636        0.0002249385        0.0002684543        0.0002854478
      -67.0000000000       -0.0006152421       -0.0004440397       -0.0002256634       -0.0000208941        0.0001278335        0.0002446532        0.0002882658        0.0003063362
      -66.0000000000       -0.0006201987       -0.0004246276       -0.0002121646       -0.0000005814        0.0001640442        0.0002523385        0.0003110091        0.0003239377
      -65.0000000000       -0.0006243939       -0.0004238718       -0.0001880439        0.0000193090        0.0001860023        0.0002696832        0.0003241944        0.0003403568
      -64.0000000000       -0.0006290354       -0.0004083749       -0.0001626420        0.0000250479        0.0001908164        0.0002908036        0.0003423248        0.0003609280
      -63.0000000000       -0.0006283811       -0.0003999874       -0.0001499822        0.0000541135        0.0002101383        0.0003031270        0.0003541113        0.0003749923
      -62.0000000000       -0.0006263424       -0.0004112764       -0.0001380320        0.0000673062        0.0002434476        0.0003221390        0.0003642110        0.0003999782
      -61.0000000000       -0.0006264985       -0.0003969478       -0.0001157426        0.0000894296        0.0002674523        0.0003422980        0.0003971536        0.0004094729
      -60.0000000000       -0.0006208712       -0.0003764021       -0.0000884732        0.0001200354        0.0002821060        0.0003618444        0.0004170458        0.0004267796
      -59.0000000000       -0.0006133888       -0.0003766451       -0.0000749542        0.0001501152        0.0003100151        0.0003903071        0.0004442607        0.0004421190
      -58.0000000000       -0.0006347896       -0.0003510386       -0.0000802448        0.0001878849        0.0003310714        0.0004229356        0.0004590305        0.0004499483
      -57.0000000000       -0.0006275304       -0.0003281376       -0.0000521981        0.0002050942        0.0003676159        0.0004566539        0.0004633732        0.0004634327
      -56.0000000000       -0.0006094436       -0.0003274433       -0.0000270510        0.0002327104        0.0004037799        0.0004915571        0.0004889555        0.0005013035
      -55.0000000000       -0.0006028509       -0.0003225511       -0.0000034179        0.0002782045        0.0004302693        0.0005184405        0.0005187166        0.0005175848
      -54.0000000000       -0.0006019319       -0.0003108136        0.0000143474        0.0003009862        0.0004597705        0.0005386112        0.0005379182        0.0005303019
      -53.0000000000       -0.0006181664       -0.0002899076        0.0000500048        0.0003297128        0.0004818136        0.0005503502        0.0005464989        0.0005347338
      -52.0000000000       -0.0006239233       -0.0002783566        0.0000950537        0.0003565977        0.0004940063        0.0005663835        0.0005523543        0.0005555905
      -51.0000000000       -0.0006172908       -0.0002751221        0.0001215581        0.0004023949        0.0005340103        0.0005831987        0.0005878839        0.0005627667
      -50.0000000000       -0.0006170331       -0.0002443196        0.0001616055        0.0004217914        0.0005656663        0.0006161486        0.0006143584        0.0005715518
      -49.0000000000       -0.0006074866       -0.0002346788        0.0001811768        0.0004681961        0.0005958862        0.0006416436        0.0006299734        0.0006123284
      -48.0000000000       -0.0006056373       -0.0002223715        0.0002169313        0.0005120152        0.0006270845        0.0006722273        0.0006696083        0.0006376040
      -47.0000000000       -0.0005958902       -0.0001897757        0.0002714192        0.0005508856        0.0006721199        0.0006954516        0.0006968691        0.0006554482
      -46.0000000000       -0.0006020157       -0.0001555508        0.0003093637        0.0005857699        0.0007031870        0.0007195544        0.0007190896        0.0006638920
      -45.0000000000       -0.0005946103       -0.0001351624        0.0003611678        0.0006377955        0.0007324243        0.0007576426        0.0007372530        0.0006830907
      -44.0000000000       -0.0006007545       -0.0001303668        0.0004249692        0.0006736433        0.0007753920        0.0008033988        0.0007570477        0.0007025049
      -43.0000000000       -0.0006062873       -0.0000869093        0.0004762506        0.0007116613        0.0008194081        0.0008225637        0.0007682440        0.0007323888
      -42.0000000000       -0.0006117337       -0.0000444484        0.0005091338        0.0007741311        0.0008589692        0.0008547566        0.0007997033        0.0007436381
      -41.0000000000       -0.0006226393       -0.0000055183        0.0005626159        0.0008356566        0.0008968415        0.0008753781        0.0008154218        0.0007537190
      -40.0000000000       -0.0006143201        0.0000339258        0.0006316037        0.0008862816        0.0009349010        0.0008969020        0.0008314935        0.0007723920
      -39.0000000000       -0.0006114729        0.0000669203        0.0006988833        0.0009417292        0.0009743994        0.0009243439        0.0008613631        0.0008034262
      -38.0000000000       -0.0005965684        0.0001083547        0.0007571778        0.0009912924        0.0010050994        0.0009447646        0.0008890823        0.0008164075
      -37.0000000000       -0.0006068807        0.0001559861        0.0008264215        0.0010510575        0.0010532802        0.0009727028        0.0009236776        0.0008128831
      -36.0000000000       -0.0006092406        0.0002219357        0.0008985905        0.0011196741        0.0010963234        0.0010156678        0.0009552109        0.0008239894
      -35.0000000000       -0.0006007849        0.0002897003        0.0009813270        0.0011703219        0.0011489596        0.0010620815        0.0009746918        0.0008572424
      -34.0000000000       -0.0006105763        0.0003643377        0.0010597851        0.0012247158        0.0011886997        0.0010971084        0.0009858577        0.0008806304
      -33.0000000000       -0.0006097218        0.0004409341        0.0011317378        0.0012779028        0.0012089111        0.0011073143        0.0010090222        0.0008817901
      -32.0000000000       -0.0006024789        0.0005374410        0.0012262531        0.0013455623        0.0012506555        0.0011311998        0.0010258475        0.0009017587
      -31.0000000000       -0.0006040582        0.0006304627        0.0013207971        0.0014044042        0.0013032313        0.0011680948        0.0010433414        0.0009219491
      -30.0000000000       -0.0005885282        0.0007287931        0.0014149711        0.0014520262        0.0013253156        0.0011998862        0.0010790162        0.0009308254
      -29.0000000000       -0.0005848327        0.0008416863        0.0015167596        0.0015148405        0.0013736125        0.0012324738        0.0010780074        0.0009451688
      -28.0000000000       -0.0005932371        0.0009624471        0.0016021997        0.0015688003        0.0014230434        0.0012556891        0.0010886835        0.0009503231
      -27.0000000000       -0.0005988152        0.0011035607        0.0016949053        0.0016317746        0.0014642560        0.0012744796        0.0011317508        0.0009607112
      -26.0000000000       -0.0005995489        0.0012555636        0.0018107301        0.0016948769        0.0015015981        0.0012975720        0.0011370605        0.0009935139
      -25.0000000000       -0.0005844449        0.0014056116        0.0019109638        0.0017663896        0.0015518286        0.0013277280        0.0011680224        0.0010275316
      -24.0000000000       -0.0005651686        0.0015804233        0.0020132796        0.0018336374        0.0015795603        0.0013624202        0.0011844426        0.0010294094
      -23.0000000000       -0.0005568940        0.0017803938        0.0021278705        0.0019028310        0.0016034409        0.0013910629        0.0011957630        0.0010352066
      -22.0000000000       -0.0005398053        0.0019886522        0.0022508244        0.0019611996        0.0016543920        0.0014109270        0.0012147909        0.0010502843
      -21.0000000000       -0.0005375763        0.0021948419        0.0023455762        0.0020046667        0.0016942675        0.0014298474        0.0012351389        0.0010614737
      -20.0000000000       -0.0005398823        0.0024211548        0.0024540320        0.0020714091        0.0017106127        0.0014485705        0.0012368296        0.0010636809
      -19.0000000000       -0.0005345565        0.0026585122        0.0025768375        0.0021306068        0.0017514203        0.0014753319        0.0012499813        0.0010821595
      -18.0000000000       -0.0005174520        0.0029061597        0.0026914604        0.0021923501        0.0017939120        0.0014918912        0.0012629946        0.0010952921
      -17.0000000000       -0.0004993706        0.0031733168        0.0027908020        0.0022368152        0.0018133615        0.0014919049        0.0012871416        0.0011080916
      -16.0000000000       -0.0004979187        0.0034466900        0.0029025420        0.0022937557        0.0018526901        0.0015250226        0.0013079385        0.0011230728
      -15.0000000000       -0.0004749496        0.0037283514        0.0029923332        0.0023475670        0.0018841419        0.0015601120        0.0013201389        0.0011330229
      -14.0000000000       -0.0004394941        0.0040096442        0.0030833442        0.0023858581        0.0019207995        0.0015780038        0.0013142291        0.0011331673
      -13.0000000000       -0.0004110346        0.0042851736        0.0031947459        0.0024378162        0.0019428183        0.0015907768        0.0013299419        0.0011337800
      -12.0000000000       -0.0003729429        0.0045726548        0.0032944822        0.0024829196        0.0019711191        0.0016017075        0.0013366815        0.0011385063
      -11.0000000000       -0.0003230038        0.0048493148        0.0033706787        0.0025136100        0.0019826493        0.0016148504        0.0013360510        0.0011541464
      -10.0000000000       -0.0002571422        0.0051062336        0.0034487854        0.0025547077        0.0019953202        0.0016334450        0.0013384027        0.0011574926
       -9.0000000000       -0.0001512308        0.0053605970        0.0035222195        0.0025975285        0.0020121600        0.0016483743        0.0013640178        0.0011640985
       -8.0000000000       -0.0000038140        0.0056017722        0.0036141300        0.0026232281        0.0020320115        0.0016471482        0.0013839987        0.0011622461
       -7.0000000000        0.0001909664        0.0058349038        0.0036831677        0.0026528063        0.0020551824        0.0016428018        0.0013867285        0.0011647853
       -6.0000000000        0.0005097887        0.0060421816        0.0037293285        0.0026745040        0.0020891891        0.0016533398        0.0013759425        0.0011787029
       -5.0000000000        0.0010380387        0.0062046159        0.0037667618        0.0027116816        0.0021087385        0.0016789395        0.0013754080        0.0011848918
       -4.0000000000        0.0020627867        0.0063546448        0.0038187897        0.0027179725        0.0020930255        0.0016792972        0.0013847313        0.0011760077
       -3.0000000000        0.0043902130        0.0064847375        0.0038470638        0.0027500358        0.0021043957        0.0016782534        0.0013896159        0.0011790883
       -2.0000000000        0.0113970776        0.0065675770        0.0038655056        0.0027529510        0.0021072115        0.0016912118        0.0013943006        0.0011924399
       -1.0000000000        0.0528460574        0.0066234795        0.0038708793        0.0027521121        0.0021070710        0.0016718782        0.0014037619        0.0012048685
        0.0000000000        0.1576957405        0.0066443444        0.0038767820        0.0027481257        0.0021025839        0.0016798742        0.0014237803        0.0012065331
        1.0000000000        0.0528460574        0.0066169588        0.0038964528        0.0027481252        0.0020984312        0.0016851427        0.0014234179        0.0012115597
        2.0000000000        0.0113970776        0.0065636735        0.0038818812        0.0027419406        0.0021081721        0.0016846622        0.0014259659        0.0011972727
        3.0000000000        0.0043902130        0.0064671567        0.0038469488        0.0027316217        0.0021000163        0.0016938617        0.0014143551        0.0011846652
        4.0000000000        0.0020627867        0.0063473344        0.0038153594        0.0027221691        0.0020849760        0.0016870852        0.0014073309        0.0011691291
        5.0000000000        0.0010380387        0.0062094944        0.0037777616        0.0026980840        0.0020793400        0.0016913397        0.0013973387        0.0011729899
        6.0000000000        0.0005097887        0.0060459754        0.0037386295        0.0026783928        0.0020600639        0.0016896594        0.0013848084        0.0011634726
        7.0000000000        0.0001909664        0.0058382425        0.0036841109        0.0026462909        0.0020560966        0.0016679169        0.0013769003        0.0011698666
        8.0000000000       -0.0000038140        0.0056132461        0.0036149047        0.0026195156        0.0020464120        0.0016527416        0.0013618963        0.0011637088
        9.0000000000       -0.0001512308        0.0053705773        0.0035308711        0.0025758821        0.0020365261        0.0016376531        0.0013580889        0.0011497407
       10.0000000000       -0.0002571422        0.0051113120        0.0034496484        0.0025314074        0.0020073102        0.0016353211        0.0013479652        0.0011540073
       11.0000000000       -0.0003230038        0.0048536609        0.0033733763        0.0025116019        0.0019786335        0.0016174658        0.0013373406        0.0011476123
       12.0000000000       -0.0003729429        0.0045643229        0.0032864565        0.0024841283        0.0019658375        0.0016006275        0.0013287163        0.0011400557
       13.0000000000       -0.0004110346        0.0042711647        0.0032015881        0.0024325798        0.0019326007        0.0015958054        0.0013290274        0.0011282489
       14.0000000000       -0.0004394941        0.0039964459        0.0030960746        0.0023827725        0.0019008371        0.0015769251        0.0013415871        0.0011258233
       15.0000000000       -0.0004749496        0.0037156761        0.0029885052        0.0023421838        0.0018696012        0.0015604263        0.0013060418        0.0011262813
       16.0000000000       -0.0004979187        0.0034433004        0.0028777684        0.0023023171        0.0018399248        0.0015324945        0.0012895391        0.0011019671
       17.0000000000       -0.0004993706        0.0031774862        0.0027771459        0.0022471580        0.0018152052        0.0015152752        0.0012717122        0.0010976544
       18.0000000000       -0.0005174520        0.0029066667        0.0026814375        0.0021958672        0.0017843225        0.0014888385        0.0012564782        0.0010882436
       19.0000000000       -0.0005345565        0.0026555367        0.0025757598        0.0021247882        0.0017568961        0.0014651367        0.0012467761        0.0010839865
       20.0000000000       -0.0005398823        0.0024121028        0.0024568589        0.0020626520        0.0017335896        0.0014454550        0.0012388538        0.0010665733
       21.0000000000       -0.0005375763        0.0021845844        0.0023418164        0.0020083774        0.0017021010        0.0014380557        0.0012274216        0.0010478707
       22.0000000000       -0.0005398053        0.0019610349        0.0022298723        0.0019610705        0.0016632405        0.0014107492        0.0012086020        0.0010312429
       23.0000000000       -0.0005568940        0.0017615446        0.0021150335        0.0018969900        0.0016273970        0.0013746280        0.0011848300        0.0010254385
       24.0000000000       -0.0005651686        0.0015819662        0.0020046796        0.0018268931        0.0015809363        0.0013442664        0.0011759220        0.0010131990
       25.0000000000       -0.0005844449        0.0014087274        0.0019028319        0.0017623554        0.0015334223        0.0013211594        0.0011732556        0.0010028357
       26.0000000000       -0.0005995489        0.0012508201        0.0018058282        0.0017041212        0.0014933514        0.0013079354        0.0011384534        0.0010123079
       27.0000000000       -0.0005988152        0.0011054257        0.0017082122        0.0016379634        0.0014539226        0.0012864140        0.0011084191        0.0009944357
       28.0000000000       -0.0005932371        0.0009517384        0.0015997874        0.0015749350        0.0014126788        0.0012578506        0.0010925941        0.0009716715
       29.0000000000       -0.0005848327        0.0008234323        0.0014928317        0.0015152951        0.0013766181        0.0012204446        0.0010547282        0.0009570623
       30.0000000000       -0.0005885282        0.0007082442        0.0013832971        0.0014477202        0.0013373707        0.0011839215        0.0010256133        0.0009402762
       31.0000000000       -0.0006040582        0.0006127833        0.0013171640        0.0013782054        0.0013054795        0.0011654713        0.0010151630        0.0009082423
       32.0000000000       -0.0006024789        0.0005113064        0.0012282403        0.0013401947        0.0012583998        0.0011252970        0.0010031993        0.0008684458
       33.0000000000       -0.0006097218        0.0004398745        0.0011362172        0.0012762152        0.0012090157        0.0010903109        0.0009869723        0.0008780022
       34.0000000000       -0.0006105763        0.0003590230        0.0010458700        0.0012074735        0.0011750534        0.0010743635        0.0009697980        0.0008682968
       35.0000000000       -0.0006007849        0.0003020114        0.0009751265        0.0011519381        0.0011223143        0.0010483382        0.0009488065        0.0008508499
       36.0000000000       -0.0006092406        0.0002373219        0.0008878273        0.0010995849        0.0011078552        0.0010145245        0.0009314885        0.0008443421
       37.0000000000       -0.0006068807        0.0001732389        0.0008360205        0.0010346385        0.0010778432        0.0009816115        0.0009030609        0.0008317988
       38.0000000000       -0.0005965684        0.0001153208        0.0007781081        0.0009820838        0.0010183401        0.0009582174        0.0008871685        0.0007989553
       39.0000000000       -0.0006114729        0.0000669440        0.0006893113        0.0009260240        0.0009644025        0.0009267984        0.0008590120        0.0007757709
       40.0000000000       -0.0006143201        0.0000243206        0.0006130726        0.0008721630        0.0009172274        0.0008915600        0.0008318001        0.0007517979
       41.0000000000       -0.0006226393       -0.0000225356        0.0005651284        0.0008227597        0.0008825102        0.0008744080        0.0008308502        0.0007273324
       42.0000000000       -0.0006117337       -0.0000606918        0.0005105457        0.0007771049        0.0008482617        0.0008552813        0.0008113260        0.0007263783
       43.0000000000       -0.0006062873       -0.0000838210        0.0004483896        0.0007294905        0.0008110910        0.0008135919        0.0007801141        0.0007098566
       44.0000000000       -0.0006007545       -0.0001075228        0.0003938060        0.0006739166        0.0007709052        0.0007832574        0.0007491550        0.0006915002
       45.0000000000       -0.0005946103       -0.0001256860        0.0003403076        0.0006287173        0.0007348375        0.0007469206        0.0007291268        0.0006854962
       46.0000000000       -0.0006020157       -0.0001621443        0.0003075545        0.0005997489        0.0007114445        0.0007285360        0.0006980672        0.0006714740
       47.0000000000       -0.0005958902       -0.0001945321        0.0002644344        0.0005655970        0.0006814354        0.0007170986        0.0006797722        0.0006555092
       48.0000000000       -0.0006056373       -0.0002135908        0.0002252919        0.0005206028        0.0006288332        0.0006765242        0.0006493682        0.0006341407
       49.0000000000       -0.0006074866       -0.0002311830        0.0001896690        0.0004696349        0.0005922485        0.0006423262        0.0006398685        0.0006098606
       50.0000000000       -0.0006170331       -0.0002529226        0.0001538728        0.0004248954        0.0005638199        0.0006201089        0.0006178687        0.0005995565
       51.0000000000       -0.0006172908       -0.0002837750        0.0001227998        0.0003876037        0.0005357695        0.0005987354        0.0006013475        0.0006032946
       52.0000000000       -0.0006239233       -0.0002991884        0.0000947540        0.0003649626        0.0004984428        0.0005767650        0.0005884599        0.0005795455
       53.0000000000       -0.0006181664       -0.0003125591        0.0000608395        0.0003343789        0.0004750833        0.0005517493        0.0005604568        0.0005421265
       54.0000000000       -0.0006019319       -0.0003111567        0.0000275323        0.0002971829        0.0004445501        0.0005167452        0.0005431461        0.0005247900
       55.0000000000       -0.0006028509       -0.0003213327       -0.0000023575        0.0002730588        0.0004248223        0.0004897147        0.0005177337        0.0005048541
       56.0000000000       -0.0006094436       -0.0003256420       -0.0000109916        0.0002341656        0.0003974010        0.0004694288        0.0004832200        0.0004942396
       57.0000000000       -0.0006275304       -0.0003389322       -0.0000295732        0.0002033895        0.0003597592        0.0004447278        0.0004514341        0.0004735936
       58.0000000000       -0.0006347896       -0.0003680602       -0.0000667809        0.0001756936        0.0003326618        0.0004129049        0.0004459238        0.0004543579
       59.0000000000       -0.0006133888       -0.0003749153       -0.0000867837        0.0001432685        0.0003222735        0.0003915336        0.0004312020        0.0004339703
       60.0000000000       -0.0006208712       -0.0003759894       -0.0001040009        0.0001173057        0.0002883448        0.0003660258        0.0004255685        0.0004229681
       61.0000000000       -0.0006264985       -0.0003745217       -0.0001314901        0.0000898008        0.0002528168        0.0003359261        0.0003974702        0.0004013855
       62.0000000000       -0.0006263424       -0.0003850960       -0.0001537087        0.0000596661        0.0002245595        0.0003163865        0.0003794730        0.0003851508
       63.0000000000       -0.0006283811       -0.0003969004       -0.0001615193        0.0000383452        0.0001998662        0.0002893088        0.0003554828        0.0003744146
       64.0000000000       -0.0006290354       -0.0004125370       -0.0001672734        0.0000270767        0.0001880449        0.0002639841        0.0003353210        0.0003553416
       65.0000000000       -0.0006243939       -0.0004142203       -0.0001868604        0.0000134575        0.0001657615        0.0002556064        0.0003137872        0.0003331670
       66.0000000000       -0.0006201987       -0.0004188483       -0.0002172774       -0.0000096745        0.0001428157        0.0002330067        0.0003003753        0.0003217719
       67.0000000000       -0.0006152421       -0.0004286202       -0.0002370608       -0.0000414217        0.0001248979        0.0002252506        0.0002760079        0.0003263077
       68.0000000000       -0.0006241258       -0.0004415697       -0.0002441609       -0.0000501400        0.0001079888        0.0002033104        0.0002574614        0.0003109845
       69.0000000000       -0.0006172300       -0.0004430064       -0.0002575775       -0.0000614074        0.0000810660        0.0001887832        0.0002380355        0.0002757966
       70.0000000000       -0.0006028664       -0.0004478328       -0.0002588739       -0.0000684248        0.0000652959        0.0001824226        0.0002231372        0.0002653501
       71.0000000000       -0.0006173667       -0.0004543764       -0.0002765608       -0.0000939681        0.0000553052        0.0001685937        0.0002111472        0.0002664932
       72.0000000000       -0.0006182404       -0.0004623386       -0.0002964422       -0.0001078015        0.0000218003        0.0001349437        0.0001799319        0.0002506879
       73.0000000000       -0.0006366976       -0.0004670515       -0.0003074865       -0.0001344996        0.0000007998        0.0001060129        0.0001667447        0.0002184475
       74.0000000000       -0.0006334613       -0.0004594978       -0.0003030760       -0.0001388607       -0.0000006816        0.0000983800        0.0001537349        0.0002045506
       75.0000000000       -0.0006286637       -0.0004551069       -0.0003034745       -0.0001471596       -0.0000208132        0.0000845616        0.0001515725        0.0001869118
       76.0000000000       -0.0006280621       -0.0004679238       -0.0003229570       -0.0001657174       -0.0000368199        0.0000516432        0.0001445626        0.0001666276
       77.0000000000       -0.0006180197       -0.0004770649       -0.0003346189       -0.0001851682       -0.0000583842        0.0000417329        0.0001228185        0.0001563135
       78.0000000000       -0.0006122262       -0.0004859890       -0.0003368137       -0.0001873040       -0.0000619710        0.0000347803        0.0001036418        0.0001359906
       79.0000000000       -0.0006155397       -0.0004854272       -0.0003474053       -0.0001915207       -0.0000731984        0.0000194986        0.0000891680        0.0001294693
       80.0000000000       -0.0006127341       -0.0004900316       -0.0003602697       -0.0002076667       -0.0000716908        0.0000011107        0.0000849516        0.0001241946
       81.0000000000       -0.0006229291       -0.0004930011       -0.0003574374       -0.0002198550       -0.0000913010       -0.0000045689        0.0000642431        0.0001098855
       82.0000000000       -0.0006352295       -0.0004992049       -0.0003459167       -0.0002288553       -0.0001068482       -0.0000188382        0.0000627405        0.0001096335
       83.0000000000       -0.0006348538       -0.0004996807       -0.0003731946       -0.0002358254       -0.0001138593       -0.0000241436        0.0000565563        0.0000815882
       84.0000000000       -0.0006270420       -0.0005067637       -0.0003815708       -0.0002473017       -0.0001279261       -0.0000454535        0.0000310226        0.0000799919
       85.0000000000       -0.0006293166       -0.0004928540       -0.0003979989       -0.0002582034       -0.0001482251       -0.0000547071        0.0000159547        0.0000674430
       86.0000000000       -0.0006212659       -0.0005076462       -0.0003879912       -0.0002704340       -0.0001695319       -0.0000688313        0.0000143832        0.0000420568
       87.0000000000       -0.0006279952       -0.0005355592       -0.0003707475       -0.0002888760       -0.0001960323       -0.0000877080        0.0000015412        0.0000357018
       88.0000000000       -0.0006423053       -0.0005228688       -0.0003913787       -0.0003022782       -0.0002034095       -0.0000995045       -0.0000162293        0.0000432363
       89.0000000000       -0.0006417071       -0.0005175510       -0.0003958286       -0.0003002640       -0.0002115849       -0.0000985656       -0.0000377838        0.0000353827
       90.0000000000       -0.0006232102       -0.0005213200       -0.0003982823       -0.0002981387       -0.0002116687       -0.0001089017       -0.0000459472        0.0000247768
       91.0000000000       -0.0006140763       -0.0005275517       -0.0004174807       -0.0002994225       -0.0002211251       -0.0001238188       -0.0000473792        0.0000005219
       92.0000000000       -0.0006348843       -0.0005299901       -0.0004250849       -0.0003139818       -0.0002307097       -0.0001285143       -0.0000519655       -0.0000205630
       93.0000000000       -0.0006399239       -0.0005175517       -0.0004328377       -0.0003232987       -0.0002266601       -0.0001447087       -0.0000615193       -0.0000152601
       94.0000000000       -0.0006291063       -0.0004985370       -0.0004380919       -0.0003293870       -0.0002240643       -0.0001565592       -0.0000883558       -0.0000259944
       95.0000000000       -0.0006249517       -0.0005185846       -0.0004501152       -0.0003348990       -0.0002292257       -0.0001635553       -0.0000928536       -0.0000360730
       96.0000000000       -0.0006143867       -0.0005103476       -0.0004568680       -0.0003416339       -0.0002553627       -0.0001707892       -0.0001059596       -0.0000411303
       97.0000000000       -0.0006168370       -0.0005210821       -0.0004604774       -0.0003425607       -0.0002671902       -0.0001797607       -0.0001127616       -0.0000480889
       98.0000000000       -0.0006123272       -0.0005340027       -0.0004569033       -0.0003390851       -0.0002668085       -0.0001900938       -0.0001161252       -0.0000764951
       99.0000000000       -0.0006171171       -0.0005337291       -0.0004503731       -0.0003528111       -0.0002841228       -0.0001984179       -0.0001133402       -0.0000735056
      100.0000000000       -0.0006091419       -0.0005305153       -0.0004461553       -0.0003702095       -0.0002888585       -0.0002077024       -0.0001367241       -0.0000624394
      101.0000000000       -0.0006210954       -0.0005376632       -0.0004600533       -0.0003882510       -0.0002802860       -0.0002143780       -0.0001376040       -0.0000685441
      102.0000000000       -0.0006210806       -0.0005361534       -0.0004670157       -0.0003893485       -0.0002908534       -0.0002356262       -0.0001354407       -0.0000846510
      103.0000000000       -0.0006209588       -0.0005450215       -0.0004603603       -0.0003973057       -0.0003013019       -0.0002357208       -0.0001556779       -0.0001104596
      104.0000000000       -0.0006183522       -0.0005427532       -0.0004591733       -0.0003912579       -0.0002984720       -0.0002433489       -0.0001726423       -0.0001125430
      105.0000000000       -0.0006063844       -0.0005388820       -0.0004694889       -0.0003950719       -0.0003131983       -0.0002429409       -0.0001846128       -0.0001356458
      106.0000000000       -0.0006155647       -0.0005399524       -0.0004681653       -0.0003963934       -0.0003119521       -0.0002419688       -0.0001951365       -0.0001422170
      107.0000000000       -0.0006224902       -0.0005418603       -0.0004699553       -0.0003881083       -0.0003254335       -0.0002432569       -0.0001978723       -0.0001543175
      108.0000000000       -0.0006240903       -0.0005511336       -0.0004700224       -0.0003791948       -0.0003410120       -0.0002441175       -0.0002107810       -0.0001526877
      109.0000000000       -0.0006259817       -0.0005439606       -0.0004839179       -0.0003930312       -0.0003385665       -0.0002508702       -0.0002103744       -0.0001609777
      110.0000000000       -0.0006441652       -0.0005445577       -0.0004805793       -0.0004076304       -0.0003453487       -0.0002670184       -0.0002018133       -0.0001596141
      111.0000000000       -0.0006387502       -0.0005550192       -0.0004853778       -0.0004027427       -0.0003478933       -0.0002760666       -0.0002062436       -0.0001702988
      112.0000000000       -0.0006499515       -0.0005757419       -0.0004773306       -0.0004003594       -0.0003490943       -0.0002797544       -0.0002139766       -0.0001860170
      113.0000000000       -0.0006571820       -0.0005740265       -0.0004712942       -0.0004064050       -0.0003505320       -0.0002845023       -0.0002253996       -0.0001767118
      114.0000000000       -0.0006440469       -0.0005559947       -0.0004790792       -0.0004239262       -0.0003572432       -0.0002924464       -0.0002321347       -0.0001801949
      115.0000000000       -0.0006302489       -0.0005531880       -0.0004827338       -0.0004254175       -0.0003639724       -0.0002992064       -0.0002396114       -0.0001932422
      116.0000000000       -0.0006315486       -0.0005606874       -0.0004948157       -0.0004186565       -0.0003637245       -0.0002992224       -0.0002427470       -0.0001950155
      117.0000000000       -0.0006316998       -0.0005775702       -0.0004945585       -0.0004229281       -0.0003678498       -0.0003019126       -0.0002590932       -0.0001941444
      118.0000000000       -0.0006377762       -0.0005884519       -0.0005044351       -0.0004268415       -0.0003699770       -0.0003195764       -0.0002716047       -0.0002147801
      119.0000000000       -0.0006317789       -0.0005753788       -0.0005098176       -0.0004374846       -0.0003761262       -0.0003277783       -0.0002878621       -0.0002244380
      120.0000000000       -0.0006219029       -0.0005635358       -0.0005094123       -0.0004503314       -0.0003664512       -0.0003302842       -0.0002859091       -0.0002259932
      121.0000000000       -0.0006349215       -0.0005578041       -0.0005232958       -0.0004433711       -0.0003722423       -0.0003352973       -0.0002842407       -0.0002362237
      122.0000000000       -0.0006274013       -0.0005703013       -0.0005215286       -0.0004505497       -0.0003778447       -0.0003255774       -0.0002865397       -0.0002286857
      123.0000000000       -0.0006322874       -0.0005722407       -0.0005073612       -0.0004522646       -0.0003856769       -0.0003293695       -0.0002771245       -0.0002425863
      124.0000000000       -0.0006292398       -0.0005699294       -0.0005041373       -0.0004454220       -0.0004007979       -0.0003427390       -0.0002979883       -0.0002388416
      125.0000000000       -0.0006376269       -0.0005682129       -0.0005081905       -0.0004596741       -0.0004050869       -0.0003438048       -0.0002999549       -0.0002524096
      126.0000000000       -0.0006362512       -0.0005708568       -0.0005157556       -0.0004527798       -0.0003996515       -0.0003444250       -0.0003168123       -0.0002564919
      127.0000000000       -0.0006220164       -0.0005763673       -0.0005283214       -0.0004507129       -0.0004085283       -0.0003450820       -0.0003066937       -0.0002584858
      128.0000000000       -0.0006270934       -0.0005736497       -0.0005261119       -0.0004639370       -0.0004145106       -0.0003436775       -0.0003149790       -0.0002681424
      129.0000000000       -0.0006298356       -0.0005836811       -0.0005190805       -0.0004723619       -0.0004095977       -0.0003508530       -0.0003172775       -0.0002820815
      130.0000000000       -0.0006342342       -0.0005843458       -0.0005044859       -0.0004783001       -0.0004131987       -0.0003671898       -0.0003246288       -0.0002771360
      131.0000000000       -0.0006290883       -0.0005674671       -0.0005124109       -0.0004824645       -0.0004304778       -0.0003685425       -0.0003325518       -0.0002723212
      132.0000000000       -0.0006365327       -0.0005608676       -0.0005320730       -0.0004718349       -0.0004231078       -0.0003730437       -0.0003465966       -0.0002788179
      133.0000000000       -0.0006234274       -0.0005700963       -0.0005320397       -0.0004820250       -0.0004248746       -0.0003769218       -0.0003443680       -0.0002804339
      134.0000000000       -0.0006308653       -0.0005721045       -0.0005223955       -0.0004852205       -0.0004328271       -0.0003639930       -0.0003451718       -0.0002849850
      135.0000000000       -0.0006068134       -0.0005760835       -0.0005184997       -0.0004932128       -0.0004313590       -0.0003596626       -0.0003427921       -0.0002911267
      136.0000000000       -0.0006035145       -0.0005795004       -0.0005237147       -0.0004986944       -0.0004349599       -0.0003632585       -0.0003419336       -0.0003126180
      137.0000000000       -0.0005987313       -0.0005817951       -0.0005321064       -0.0004940808       -0.0004284422       -0.0003806537       -0.0003362480       -0.0003132661
      138.0000000000       -0.0006108780       -0.0005837496       -0.0005175579       -0.0004855356       -0.0004259555       -0.0004071806       -0.0003371340       -0.0003077298
      139.0000000000       -0.0006287329       -0.0005901151       -0.0005069171       -0.0004814994       -0.0004393399       -0.0004142635       -0.0003520687       -0.0003075556
      140.0000000000       -0.0006372633       -0.0005939190       -0.0005083880       -0.0004958516       -0.0004386342       -0.0004161408       -0.0003483223       -0.0003096046
      141.0000000000       -0.0006291670       -0.0005832310       -0.0005177508       -0.0004899455       -0.0004439750       -0.0004134777       -0.0003517005       -0.0003154012
      142.0000000000       -0.0006210676       -0.0005727084       -0.0005392211       -0.0004971088       -0.0004340372       -0.0004202948       -0.0003657457       -0.0003414525
      143.0000000000       -0.0006307652       -0.0005740998       -0.0005534391       -0.0004910044       -0.0004357694       -0.0004156124       -0.0003613803       -0.0003381844
      144.0000000000       -0.0006365584       -0.0005664738       -0.0005485361       -0.0004825317       -0.0004519358       -0.0004038254       -0.0003532421       -0.0003467722
      145.0000000000       -0.0006297742       -0.0005638505       -0.0005507153       -0.0004952380       -0.0004512104       -0.0004207485       -0.0003581799       -0.0003282371
      146.0000000000       -0.0006119523       -0.0005697507       -0.0005604918       -0.0004872027       -0.0004552185       -0.0004242122       -0.0003864970       -0.0003318438
      147.0000000000       -0.0006133117       -0.0005807693       -0.0005604991       -0.0005107725       -0.0004590721       -0.0004280433       -0.0003940119       -0.0003498831
      148.0000000000       -0.0006214173       -0.0005778198       -0.0005535441       -0.0005047009       -0.0004631887       -0.0004228264       -0.0003846671       -0.0003506600
      149.0000000000       -0.0006268124       -0.0005856549       -0.0005552201       -0.0005117776       -0.0004795712       -0.0004081661       -0.0003793234       -0.0003507305
      150.0000000000       -0.0006190508       -0.0005838800       -0.0005513050       -0.0005139822       -0.0004852368       -0.0004159682       -0.0003823124       -0.0003550692
      151.0000000000       -0.0006153631       -0.0005864410       -0.0005334137       -0.0005070037       -0.0004917483       -0.0004302807       -0.0003886405       -0.0003624091
      152.0000000000       -0.0006309878       -0.0005913612       -0.0005348838       -0.0005026471       -0.0004882784       -0.0004354272       -0.0004096839       -0.0003673071
      153.0000000000       -0.0006291603       -0.0005977163       -0.0005637393       -0.0005189523       -0.0004724077       -0.0004356446       -0.0004017676       -0.0003667619
      154.0000000000       -0.0006278342       -0.0005888369       -0.0005533497       -0.0005189483       -0.0004767620       -0.0004355109       -0.0004035768       -0.0003595019
      155.0000000000       -0.0006250258       -0.0005985798       -0.0005442211       -0.0005226212       -0.0004891678       -0.0004378667       -0.0004027313       -0.0003779337
      156.0000000000       -0.0006113467       -0.0006025153       -0.0005408563       -0.0005353967       -0.0004918178       -0.0004554793       -0.0004072771       -0.0003737714
      157.0000000000       -0.0006155372       -0.0006079933       -0.0005331546       -0.0005321258       -0.0004880327       -0.0004616757       -0.0004046890       -0.0003632617
      158.0000000000       -0.0006239296       -0.0005842853       -0.0005453975       -0.0005376408       -0.0004898974       -0.0004690392       -0.0004209632       -0.0003714083
      159.0000000000       -0.0006181594       -0.0005737378       -0.0005535567       -0.0005289276       -0.0004870274       -0.0004749848       -0.0004148096       -0.0003837201
      160.0000000000       -0.0006106291       -0.0005718719       -0.0005510429       -0.0005325208       -0.0004828120       -0.0004684487       -0.0004174503       -0.0003893384
      161.0000000000       -0.0006109241       -0.0005947106       -0.0005523042       -0.0005403706       -0.0004966201       -0.0004539578       -0.0004273984       -0.0003900127
      162.0000000000       -0.0006269986       -0.0005957123       -0.0005660616       -0.0005415550       -0.0005078995       -0.0004626517       -0.0004369832       -0.0004017760
      163.0000000000       -0.0006279359       -0.0005785821       -0.0005745991       -0.0005331927       -0.0005014386       -0.0004716694       -0.0004218461       -0.0003913718
      164.0000000000       -0.0006298724       -0.0005807984       -0.0005604508       -0.0005136622       -0.0004958310       -0.0004783453       -0.0004224050       -0.0003956497
      165.0000000000       -0.0006171209       -0.0005887014       -0.0005728981       -0.0005113078       -0.0004922900       -0.0004711646       -0.0004286601       -0.0003802346
      166.0000000000       -0.0006154320       -0.0005988303       -0.0005609969       -0.0005078278       -0.0004843817       -0.0004501765       -0.0004252740       -0.0003950299
      167.0000000000       -0.0006149565       -0.0006037974       -0.0005707480       -0.0005122688       -0.0004914587       -0.0004496071       -0.0004321576       -0.0003964544
      168.0000000000       -0.0006184687       -0.0005960333       -0.0005647767       -0.0005284277       -0.0004964616       -0.0004553739       -0.0004320302       -0.0003906783
      169.0000000000       -0.0006156991       -0.0006004788       -0.0005588748       -0.0005368464       -0.0004959936       -0.0004502275       -0.0004383335       -0.0003920361
      170.0000000000       -0.0006177991       -0.0006034889       -0.0005498791       -0.0005449561       -0.0004990795       -0.0004462256       -0.0004351229       -0.0003998079
      171.0000000000       -0.0006153728       -0.0006001982       -0.0005543018       -0.0005380348       -0.0004972132       -0.0004452804       -0.0004387921       -0.0004153886
      172.0000000000       -0.0006133964       -0.0005979747       -0.0005594293       -0.0005299479       -0.0004968598       -0.0004691118       -0.0004515547       -0.0004160521
      173.0000000000       -0.0006018072       -0.0005938231       -0.0005712355       -0.0005376512       -0.0005052164       -0.0004816360       -0.0004450583       -0.0004129892
      174.0000000000       -0.0006142528       -0.0005913981       -0.0005649376       -0.0005500808       -0.0005106376       -0.0004683409       -0.0004355121       -0.0004112133
      175.0000000000       -0.0006151309       -0.0006057984       -0.0005641549       -0.0005556687       -0.0005059242       -0.0004771106       -0.0004339829       -0.0004108071
      176.0000000000       -0.0006120371       -0.0006082668       -0.0005676488       -0.0005567656       -0.0005088582       -0.0004977533       -0.0004375890       -0.0004205209
      177.0000000000       -0.0006223825       -0.0006026136       -0.0005807504       -0.0005544337       -0.0004990049       -0.0004887488       -0.0004342641       -0.0004288946
      178.0000000000       -0.0006137527       -0.0006090101       -0.0005890986       -0.0005606229       -0.0005024856       -0.0004865713       -0.0004406733       -0.0004376968
      179.0000000000       -0.0006126117       -0.0006025048       -0.0005966582       -0.0005584066       -0.0005067671       -0.0004919599       -0.0004520371       -0.0004310282
      180.0000000000       -0.0006119479       -0.0006034659       -0.0005904729       -0.0005562685       -0.0005217697       -0.0004804808       -0.0004439598       -0.0004320928
      181.0000000000       -0.0006170203       -0.0006134150       -0.0005978161       -0.0005594066       -0.0005212627       -0.0004733528       -0.0004507669       -0.0004270754
      182.0000000000       -0.0006100169       -0.0005988634       -0.0005808813       -0.0005479509       -0.0005247942       -0.0004763259       -0.0004627730       -0.0004370850
      183.0000000000       -0.0006248083       -0.0006065461       -0.0005744867       -0.0005547032       -0.0005204643       -0.0004946748       -0.0004649858       -0.0004364388
      184.0000000000       -0.0006296904       -0.0005987211       -0.0005773745       -0.0005441811       -0.0005310601       -0.0005037171       -0.0004623631       -0.0004368848
      185.0000000000       -0.0006339630       -0.0006023183       -0.0005721868       -0.0005252180       -0.0005424323       -0.0004942861       -0.0004740972       -0.0004374000
      186.0000000000       -0.0006238464       -0.0006090437       -0.0005730579       -0.0005258129       -0.0005388465       -0.0004957155       -0.0004783057       -0.0004305165
      187.0000000000       -0.0006213285       -0.0006003559       -0.0005603231       -0.0005437546       -0.0005295621       -0.0005049393       -0.0004662052       -0.0004297527
      188.0000000000       -0.0006235132       -0.0006014419       -0.0005510816       -0.0005455941       -0.0005087755       -0.0005014006       -0.0004705704       -0.0004337348
      189.0000000000       -0.0006380369       -0.0005981837       -0.0005676127       -0.0005622555       -0.0005192687       -0.0004996703       -0.0004703924       -0.0004345451
      190.0000000000       -0.0006326670       -0.0006074728       -0.0005766825       -0.0005602974       -0.0005272955       -0.0004899345       -0.0004592103       -0.0004440319
      191.0000000000       -0.0006310922       -0.0006049847       -0.0005824261       -0.0005575551       -0.0005258150       -0.0004800105       -0.0004821918       -0.0004468700
      192.0000000000       -0.0006364631       -0.0005919547       -0.0005807853       -0.0005659205       -0.0005350128       -0.0004913330       -0.0004750642       -0.0004433296
      193.0000000000       -0.0006419580       -0.0005936001       -0.0005804341       -0.0005506082       -0.0005368520       -0.0004914386       -0.0004810839       -0.0004291552
      194.0000000000       -0.0006276317       -0.0006184663       -0.0005745072       -0.0005459198       -0.0005446139       -0.0005133034       -0.0004653772       -0.0004373575
      195.0000000000       -0.0006278405       -0.0006146278       -0.0005776052       -0.0005505952       -0.0005427033       -0.0005161985       -0.0004633313       -0.0004416903
      196.0000000000       -0.0006258968       -0.0006174126       -0.0005946918       -0.0005564222       -0.0005353337       -0.0005031430       -0.0004663182       -0.0004456340
      197.0000000000       -0.0006237008       -0.0006137740       -0.0005868844       -0.0005580872       -0.0005286385       -0.0005020320       -0.0004576030       -0.0004309683
      198.0000000000       -0.0006240353       -0.0006046762       -0.0005823410       -0.0005609848       -0.0005255496       -0.0005175349       -0.0004667676       -0.0004292186
      199.0000000000       -0.0006230494       -0.0006214470       -0.0005744862       -0.0005612587       -0.0005360541       -0.0005256666       -0.0004783100       -0.0004432030
      200.0000000000       -0.0006209923       -0.0006214925       -0.0005867745       -0.0005576117       -0.0005381948       -0.0005098400       -0.0004802977       -0.0004504004
      201.0000000000       -0.0006358776       -0.0006275247       -0.0005955522       -0.0005564729       -0.0005385894       -0.0004979558       -0.0004887356       -0.0004569456
      202.0000000000       -0.0006320194       -0.0006238539       -0.0005938722       -0.0005464524       -0.0005365874       -0.0005154437       -0.0004773545       -0.0004543236
      203.0000000000       -0.0006281883       -0.0006240235       -0.0005986520       -0.0005553488       -0.0005399877       -0.0005096117       -0.0004684100       -0.0004325948
      204.0000000000       -0.0006211903       -0.0006225787       -0.0005852530       -0.0005625689       -0.0005269853       -0.0005137505       -0.0004696713       -0.0004281627
      205.0000000000       -0.0006224865       -0.0006270421       -0.0005883165       -0.0005714664       -0.0005287249       -0.0005078801       -0.0004738329       -0.0004488935
      206.0000000000       -0.0006265764       -0.0006213896       -0.0005909695       -0.0005713881       -0.0005366523       -0.0005102114       -0.0004792934       -0.0004558709
      207.0000000000       -0.0006268672       -0.0005972059       -0.0005843645       -0.0005609207       -0.0005315841       -0.0005195414       -0.0004810870       -0.0004537289
      208.0000000000       -0.0006162198       -0.0005853863       -0.0005923825       -0.0005832654       -0.0005383466       -0.0005209468       -0.0004917991       -0.0004587496
      209.0000000000       -0.0006178563       -0.0005884325       -0.0005798666       -0.0005851924       -0.0005376687       -0.0005183221       -0.0004897273       -0.0004725378
      210.0000000000       -0.0006334024       -0.0005828088       -0.0005730880       -0.0005738380       -0.0005382669       -0.0005097043       -0.0004982106       -0.0004665313
      211.0000000000       -0.0006343502       -0.0005941836       -0.0005844741       -0.0005567552       -0.0005341610       -0.0005161236       -0.0005070396       -0.0004593298
      212.0000000000       -0.0006269205       -0.0006034376       -0.0005878520       -0.0005567676       -0.0005403230       -0.0005215593       -0.0004983210       -0.0004652789
      213.0000000000       -0.0006256289       -0.0006014728       -0.0005816642       -0.0005601461       -0.0005398943       -0.0005115984       -0.0004843379       -0.0004762314
      214.0000000000       -0.0006285962       -0.0006081055       -0.0005880297       -0.0005626257       -0.0005395832       -0.0005099219       -0.0004967372       -0.0004727274
      215.0000000000       -0.0006299517       -0.0006076974       -0.0005841299       -0.0005685901       -0.0005519688       -0.0005073227       -0.0004959038       -0.0004690858
      216.0000000000       -0.0006283242       -0.0006139632       -0.0005903448       -0.0005679563       -0.0005435918       -0.0005242194       -0.0004882691       -0.0004644944
      217.0000000000       -0.0006232522       -0.0006223405       -0.0006009158       -0.0005683095       -0.0005466444       -0.0005235764       -0.0004923230       -0.0004666051
      218.0000000000       -0.0006188758       -0.0006257454       -0.0006073010       -0.0005633577       -0.0005564195       -0.0005338854       -0.0004934372       -0.0004622633
      219.0000000000       -0.0006294438       -0.0006174738       -0.0005941013       -0.0005569380       -0.0005578629       -0.0005325350       -0.0005081308       -0.0004644229
      220.0000000000       -0.0006122283       -0.0006228685       -0.0005874573       -0.0005561183       -0.0005480015       -0.0005199918       -0.0005162877       -0.0004757849
      221.0000000000       -0.0006171118       -0.0006162842       -0.0005854340       -0.0005663902       -0.0005321245       -0.0005265482       -0.0004993265       -0.0004600548
      222.0000000000       -0.0006228026       -0.0006198857       -0.0005949466       -0.0005628328       -0.0005280743       -0.0005219597       -0.0005011616       -0.0004623561
      223.0000000000       -0.0006233897       -0.0006154356       -0.0006012310       -0.0005718330       -0.0005331594       -0.0005197290       -0.0005023264       -0.0004646625
      224.0000000000       -0.0006238847       -0.0006127080       -0.0005862547       -0.0005693216       -0.0005465045       -0.0005272369       -0.0005018730       -0.0004739085
      225.0000000000       -0.0006239906       -0.0006098236       -0.0005842104       -0.0005796509       -0.0005569643       -0.0005425069       -0.0005089470       -0.0004869833
      226.0000000000       -0.0006311015       -0.0006043633       -0.0005868864       -0.0005772071       -0.0005673370       -0.0005360099       -0.0005131631       -0.0004882059
      227.0000000000       -0.0006354364       -0.0005974855       -0.0005938156       -0.0005872660       -0.0005459182       -0.0005244058       -0.0005261652       -0.0004831472
      228.0000000000       -0.0006288813       -0.0005946734       -0.0005936877       -0.0005788323       -0.0005454163       -0.0005188225       -0.0005140016       -0.0004899055
      229.0000000000       -0.0006204575       -0.0006020372       -0.0006050604       -0.0005650692       -0.0005512574       -0.0005243184       -0.0005024168       -0.0005007097
      230.0000000000       -0.0006219720       -0.0006097719       -0.0005990238       -0.0005648488       -0.0005545527       -0.0005218864       -0.0004971806       -0.0004856420
      231.0000000000       -0.0006285037       -0.0006034600       -0.0005851310       -0.0005663831       -0.0005589003       -0.0005245201       -0.0004864919       -0.0004827290
      232.0000000000       -0.0006317384       -0.0005993676       -0.0005914979       -0.0005696948       -0.0005528756       -0.0005258694       -0.0005040000       -0.0004951323
      233.0000000000       -0.0006246749       -0.0006042004       -0.0005885631       -0.0005649112       -0.0005524136       -0.0005163977       -0.0005085116       -0.0004894230
      234.0000000000       -0.0006303539       -0.0005922074       -0.0005931103       -0.0005650044       -0.0005553135       -0.0005323595       -0.0005024835       -0.0004823432
      235.0000000000       -0.0006311434       -0.0006046597       -0.0005787262       -0.0005476219       -0.0005547516       -0.0005243190       -0.0004941527       -0.0004754057
      236.0000000000       -0.0006179809       -0.0006096089       -0.0005784075       -0.0005627003       -0.0005350599       -0.0005364982       -0.0004979737       -0.0004766790
      237.0000000000       -0.0006324249       -0.0005995183       -0.0005949253       -0.0005715740       -0.0005414109       -0.0005273332       -0.0005139842       -0.0004891360
      238.0000000000       -0.0006312083       -0.0005912386       -0.0005970658       -0.0005680706       -0.0005438843       -0.0005354263       -0.0005224752       -0.0004897399
      239.0000000000       -0.0006309427       -0.0005883508       -0.0006009436       -0.0005693001       -0.0005599310       -0.0005199107       -0.0005249800       -0.0004900196
      240.0000000000       -0.0006326955       -0.0005988805       -0.0005993900       -0.0005768597       -0.0005473657       -0.0005264686       -0.0005176239       -0.0004905060
      241.0000000000       -0.0006292810       -0.0006150314       -0.0005930796       -0.0005757406       -0.0005360808       -0.0005385082       -0.0005035376       -0.0004975461
      242.0000000000       -0.0006113663       -0.0006139036       -0.0006002356       -0.0005788383       -0.0005427947       -0.0005327151       -0.0005065886       -0.0004949898
      243.0000000000       -0.0006242149       -0.0006054385       -0.0005967396       -0.0005703754       -0.0005549273       -0.0005353983       -0.0005125557       -0.0004720658
      244.0000000000       -0.0006382121       -0.0006185352       -0.0005847762       -0.0005772681       -0.0005483183       -0.0005338936       -0.0005136065       -0.0004557918
      245.0000000000       -0.0006346967       -0.0006245168       -0.0005929205       -0.0005825811       -0.0005502671       -0.0005232284       -0.0005058630       -0.0004774581
      246.0000000000       -0.0006340935       -0.0006197147       -0.0005971072       -0.0005723714       -0.0005576939       -0.0005279771       -0.0004910359       -0.0004949725
      247.0000000000       -0.0006374481       -0.0006127783       -0.0005984998       -0.0005774235       -0.0005506084       -0.0005396875       -0.0004881130       -0.0004896274
      248.0000000000       -0.0006483102       -0.0006198850       -0.0005934663       -0.0005675522       -0.0005464927       -0.0005406637       -0.0005069479       -0.0004747524
      249.0000000000       -0.0006416780       -0.0006175218       -0.0005754702       -0.0005641215       -0.0005590293       -0.0005315261       -0.0005120134       -0.0004792600
      250.0000000000       -0.0006296924       -0.0006193734       -0.0005702639       -0.0005651500       -0.0005680046       -0.0005330996       -0.0005134812       -0.0004843272
      251.0000000000       -0.0006302285       -0.0006185312       -0.0005757122       -0.0005611320       -0.0005653846       -0.0005281474       -0.0005206573       -0.0004965354
      252.0000000000       -0.0006159440       -0.0006143020       -0.0005985638       -0.0005639491       -0.0005640887       -0.0005231921       -0.0005251398       -0.0005057521
      253.0000000000       -0.0006349023       -0.0006022661       -0.0006041792       -0.0005755407       -0.0005478930       -0.0005370902       -0.0005170956       -0.0004951368
      254.0000000000       -0.0006331176       -0.0006011198       -0.0006000854       -0.0005775684       -0.0005461440       -0.0005319687       -0.0005271778       -0.0004872752
      255.0000000000       -0.0006232606       -0.0005986441       -0.0005972783       -0.0005757536       -0.0005483694       -0.0005130949       -0.0005191989       -0.0004850760
