        0.0000000000        0.0858985055
        1.0000000000        0.0616485070
        2.0000000000        0.0513412150
        3.0000000000        0.0450069413
        4.0000000000        0.0404737519
        5.0000000000        0.0368368705
        6.0000000000        0.0337988682
        7.0000000000        0.0311880099
        8.0000000000        0.0289089689
        9.0000000000        0.0269934774
       10.0000000000        0.0252798368
       11.0000000000        0.0237587331
       12.0000000000        0.0223958602
       13.0000000000        0.0212263172
       14.0000000000        0.0201087571
       15.0000000000        0.0190995465
       16.0000000000        0.0181893785
       17.0000000000        0.0174332002
       18.0000000000        0.0167208040
       19.0000000000        0.0160520433
       20.0000000000        0.0154486664
       21.0000000000        0.0148598009
       22.0000000000        0.0143800777
       23.0000000000        0.0138349071
       24.0000000000        0.0133666382
       25.0000000000        0.0129830593
       26.0000000000        0.0125735113
       27.0000000000        0.0122090961
       28.0000000000        0.0118820585
       29.0000000000        0.0115670051
       30.0000000000        0.0111341316
       31.0000000000        0.0108322619
       32.0000000000        0.0105799472
       33.0000000000        0.0103038918
       34.0000000000        0.0099550326
       35.0000000000        0.0097137868
       36.0000000000        0.0094917979
       37.0000000000        0.0092452161
       38.0000000000        0.0090226189
       39.0000000000        0.0087938006
       40.0000000000        0.0085463159
       41.0000000000        0.0083395519
       42.0000000000        0.0082750433
       43.0000000000        0.0080837902
       44.0000000000        0.0079181007
       45.0000000000        0.0077770549
       46.0000000000        0.0075896841
       47.0000000000        0.0074642059
       48.0000000000        0.0073240039
       49.0000000000        0.0071342137
       50.0000000000        0.0069802951
       51.0000000000        0.0068233368
       52.0000000000        0.0066281364
       53.0000000000        0.0065497022
       54.0000000000        0.0064223376
       55.0000000000        0.0062529740
       56.0000000000        0.0061321685
       57.0000000000        0.0060278550
       58.0000000000        0.0059545244
       59.0000000000        0.0058703409
       60.0000000000        0.0057446786
       61.0000000000        0.0056831452
       62.0000000000        0.0055617641
       63.0000000000        0.0055077086
       64.0000000000        0.0054170384
       65.0000000000        0.0053041836
       66.0000000000        0.0051260859
       67.0000000000        0.0050171578
       68.0000000000        0.0049367993
       69.0000000000        0.0049097739
       70.0000000000        0.0047734044
       71.0000000000        0.0047494565
       72.0000000000        0.0046787145
       73.0000000000        0.0046282229
       74.0000000000        0.0045687159
       75.0000000000        0.0044961745
       76.0000000000        0.0043808760
       77.0000000000        0.0043460018
       78.0000000000        0.0043467761
       79.0000000000        0.0042993554
       80.0000000000        0.0042123382
       81.0000000000        0.0041448664
       82.0000000000        0.0041158373
       83.0000000000        0.0040780077
       84.0000000000        0.0040868010
       85.0000000000        0.0040464946
       86.0000000000        0.0040054723
       87.0000000000        0.0039703145
       88.0000000000        0.0038967362
       89.0000000000        0.0037863608
       90.0000000000        0.0037181376
       91.0000000000        0.0036778542
       92.0000000000        0.0036159044
       93.0000000000        0.0036029759
       94.0000000000        0.0034807984
       95.0000000000        0.0034821539
       96.0000000000        0.0034020220
       97.0000000000        0.0033418874
       98.0000000000        0.0032758046
       99.0000000000        0.0031864795
      100.0000000000        0.0032086282
      101.0000000000        0.0032292314
      102.0000000000        0.0031945419
      103.0000000000        0.0031187654
      104.0000000000        0.0031313975
      105.0000000000        0.0030671730
      106.0000000000        0.0030306513
      107.0000000000        0.0030440915
      108.0000000000        0.0030588233
      109.0000000000        0.0030194896
      110.0000000000        0.0030367652
      111.0000000000        0.0029646313
      112.0000000000        0.0029452915
      113.0000000000        0.0028487422
      114.0000000000        0.0027901594
      115.0000000000        0.0027350469
      116.0000000000        0.0027690212
      117.0000000000        0.0028086373
      118.0000000000        0.0027545087
      119.0000000000        0.0026715625
      120.0000000000        0.0026456943
      121.0000000000        0.0026080961
      122.0000000000        0.0025532114
      123.0000000000        0.0025496695
      124.0000000000        0.0024904263
      125.0000000000        0.0025106471
      126.0000000000        0.0024664503
      127.0000000000        0.0024462553
      128.0000000000        0.0024745245
      129.0000000000        0.0023788776
      130.0000000000        0.0023455367
      131.0000000000        0.0023271627
      132.0000000000        0.0022235419
      133.0000000000        0.0022053769
      134.0000000000        0.0022211954
      135.0000000000        0.0021912788
      136.0000000000        0.0021473626
      137.0000000000        0.0021904342
      138.0000000000        0.0020870409
      139.0000000000        0.0020136191
      140.0000000000        0.0020211470
      141.0000000000        0.0019483767
      142.0000000000        0.0019578721
      143.0000000000        0.0018453757
      144.0000000000        0.0018062157
      145.0000000000        0.0017856656
      146.0000000000        0.0017650746
      147.0000000000        0.0017475271
      148.0000000000        0.0016817358
      149.0000000000        0.0016314920
      150.0000000000        0.0015909442
      151.0000000000        0.0016171958
      152.0000000000        0.0016328781
      153.0000000000        0.0015939382
      154.0000000000        0.0015766834
      155.0000000000        0.0015585979
      156.0000000000        0.0015129964
      157.0000000000        0.0015680051
      158.0000000000        0.0015380517
      159.0000000000        0.0015479737
      160.0000000000        0.0015054154
      161.0000000000        0.0015439832
      162.0000000000        0.0015432018
      163.0000000000        0.0015368768
      164.0000000000        0.0014564863
      165.0000000000        0.0014425990
      166.0000000000        0.0014536611
      167.0000000000        0.0014334402
      168.0000000000        0.0014269909
      169.0000000000        0.0014554566
      170.0000000000        0.0013515553
      171.0000000000        0.0013570291
      172.0000000000        0.0013049419
      173.0000000000        0.0012704214
      174.0000000000        0.0012046943
      175.0000000000        0.0011949253
      176.0000000000        0.0012100736
      177.0000000000        0.0012052758
      178.0000000000        0.0011979741
      179.0000000000        0.0011866140
      180.0000000000        0.0011344042
      181.0000000000        0.0010893607
      182.0000000000        0.0010715994
      183.0000000000        0.0011126650
      184.0000000000        0.0010730565
      185.0000000000        0.0010539133
      186.0000000000        0.0010195758
      187.0000000000        0.0009979381
      188.0000000000        0.0010640438
      189.0000000000        0.0010857207
      190.0000000000        0.0011276205
      191.0000000000        0.0011018067
      192.0000000000        0.0010713854
      193.0000000000        0.0010783032
      194.0000000000        0.0010831567
      195.0000000000        0.0011061186
      196.0000000000        0.0010391662
      197.0000000000        0.0010227665
      198.0000000000        0.0010291680
      199.0000000000        0.0009670886
      200.0000000000        0.0009546177
      201.0000000000        0.0008970178
      202.0000000000        0.0009074185
      203.0000000000        0.0009159450
      204.0000000000        0.0009234914
      205.0000000000        0.0009559083
      206.0000000000        0.0009344874
      207.0000000000        0.0009222897
      208.0000000000        0.0009114236
      209.0000000000        0.0009239661
      210.0000000000        0.0009459949
      211.0000000000        0.0009297917
      212.0000000000        0.0008570033
      213.0000000000        0.0007794930
      214.0000000000        0.0007513821
      215.0000000000        0.0007475271
      216.0000000000        0.0007607246
      217.0000000000        0.0008156544
      218.0000000000        0.0008107231
      219.0000000000        0.0007708045
      220.0000000000        0.0007504972
      221.0000000000        0.0008128645
      222.0000000000        0.0007646209
      223.0000000000        0.0008238646
      224.0000000000        0.0008114481
      225.0000000000        0.0007703825
      226.0000000000        0.0007664318
      227.0000000000        0.0007357295
      228.0000000000        0.0007446740
      229.0000000000        0.0006474169
      230.0000000000        0.0006295381
      231.0000000000        0.0005946847
      232.0000000000        0.0006212682
      233.0000000000        0.0005435210
      234.0000000000        0.0005563142
      235.0000000000        0.0005850162
      236.0000000000        0.0005766133
      237.0000000000        0.0005543791
      238.0000000000        0.0005370074
      239.0000000000        0.0005564405
      240.0000000000        0.0006185993
      241.0000000000        0.0005997891
      242.0000000000        0.0006254793
      243.0000000000        0.0005687051
      244.0000000000        0.0005614524
      245.0000000000        0.0005878866
      246.0000000000        0.0005652835
      247.0000000000        0.0006040900
      248.0000000000        0.0005677393
      249.0000000000        0.0005693944
      250.0000000000        0.0005361670
      251.0000000000        0.0004947645
      252.0000000000        0.0005118894
      253.0000000000        0.0006042334
      254.0000000000        0.0005688577
      255.0000000000        0.0005405152
      256.0000000000        0.0005754395
      257.0000000000        0.0005301134
      258.0000000000        0.0005029603
      259.0000000000        0.0005335668
      260.0000000000        0.0005017559
      261.0000000000        0.0005102270
      262.0000000000        0.0005422704
      263.0000000000        0.0005201069
      264.0000000000        0.0006206080
      265.0000000000        0.0005575919
      266.0000000000        0.0006061214
      267.0000000000        0.0005822187
      268.0000000000        0.0006847869
      269.0000000000        0.0006726873
      270.0000000000        0.0006046703
      271.0000000000        0.0006133883
      272.0000000000        0.0006172261
      273.0000000000        0.0006310744
      274.0000000000        0.0006162283
      275.0000000000        0.0005868207
      276.0000000000        0.0006004126
      277.0000000000        0.0006304858
      278.0000000000        0.0006380528
      279.0000000000        0.0006485900
      280.0000000000        0.0005968845
      281.0000000000        0.0005166357
      282.0000000000        0.0005432244
      283.0000000000        0.0004681676
      284.0000000000        0.0004349338
      285.0000000000        0.0004122586
      286.0000000000        0.0004080129
      287.0000000000        0.0003991565
      288.0000000000        0.0004485773
      289.0000000000        0.0003786898
      290.0000000000        0.0003774411
      291.0000000000        0.0003116014
      292.0000000000        0.0002874484
      293.0000000000        0.0002876311
      294.0000000000        0.0002701077
      295.0000000000        0.0002235235
      296.0000000000        0.0002643692
      297.0000000000        0.0003088429
      298.0000000000        0.0003125145
      299.0000000000        0.0004380737
      300.0000000000        0.0004951216
      301.0000000000        0.0005363795
      302.0000000000        0.0005811967
      303.0000000000        0.0005508839
      304.0000000000        0.0005262121
      305.0000000000        0.0004936919
      306.0000000000        0.0005001576
      307.0000000000        0.0004883589
      308.0000000000        0.0004862089
      309.0000000000        0.0004521746
      310.0000000000        0.0005169744
      311.0000000000        0.0004803332
      312.0000000000        0.0005299204
      313.0000000000        0.0004725033
      314.0000000000        0.0004635126
      315.0000000000        0.0004317108
      316.0000000000        0.0004342097
      317.0000000000        0.0004210906
      318.0000000000        0.0003458115
      319.0000000000        0.0003177185
      320.0000000000        0.0003588136
      321.0000000000        0.0003620376
      322.0000000000        0.0004361922
      323.0000000000        0.0005147809
      324.0000000000        0.0005290215
      325.0000000000        0.0005547189
      326.0000000000        0.0005005717
      327.0000000000        0.0004611827
      328.0000000000        0.0005382721
      329.0000000000        0.0005551886
      330.0000000000        0.0005431315
      331.0000000000        0.0005506062
      332.0000000000        0.0006420130
      333.0000000000        0.0006712429
      334.0000000000        0.0006614948
      335.0000000000        0.0006193926
      336.0000000000        0.0005911540
      337.0000000000        0.0006268769
      338.0000000000        0.0005473052
      339.0000000000        0.0005169861
      340.0000000000        0.0005274538
      341.0000000000        0.0005338906
      342.0000000000        0.0005173260
      343.0000000000        0.0004691964
      344.0000000000        0.0004507636
      345.0000000000        0.0004732694
      346.0000000000        0.0004808967
      347.0000000000        0.0003566977
      348.0000000000        0.0003196841
      349.0000000000        0.0002958407
      350.0000000000        0.0003155753
      351.0000000000        0.0003548113
      352.0000000000        0.0003826517
      353.0000000000        0.0004284680
      354.0000000000        0.0004180364
      355.0000000000        0.0003998124
      356.0000000000        0.0004059492
      357.0000000000        0.0003541051
      358.0000000000        0.0003758140
      359.0000000000        0.0003454274
      360.0000000000        0.0003533833
      361.0000000000        0.0003845326
      362.0000000000        0.0003716615
      363.0000000000        0.0003403532
      364.0000000000        0.0003774113
      365.0000000000        0.0004057854
      366.0000000000        0.0003558312
      367.0000000000        0.0003465279
      368.0000000000        0.0002982531
      369.0000000000        0.0002773487
      370.0000000000        0.0002432215
      371.0000000000        0.0003145714
      372.0000000000        0.0002915292
      373.0000000000        0.0003474914
      374.0000000000        0.0003812192
      375.0000000000        0.0003749525
      376.0000000000        0.0003034443
      377.0000000000        0.0002860192
      378.0000000000        0.0002670980
      379.0000000000        0.0002970374
      380.0000000000        0.0002497082
      381.0000000000        0.0002494476
      382.0000000000        0.0002318746
      383.0000000000        0.0002397286
      384.0000000000        0.0001633418
      385.0000000000        0.0002092269
      386.0000000000        0.0002001680
      387.0000000000        0.0001479460
      388.0000000000        0.0001734342
      389.0000000000        0.0001437958
      390.0000000000        0.0001687224
      391.0000000000        0.0001960313
      392.0000000000        0.0001580382
      393.0000000000        0.0001350015
      394.0000000000        0.0001813410
      395.0000000000        0.0001914466
      396.0000000000        0.0002530132
      397.0000000000        0.0002354600
      398.0000000000        0.0002727050
      399.0000000000        0.0002836045
      400.0000000000        0.0002455692
      401.0000000000        0.0002406520
      402.0000000000        0.0002542978
      403.0000000000        0.0002744819
      404.0000000000        0.0002196503
      405.0000000000        0.0002093415
      406.0000000000        0.0002042370
      407.0000000000        0.0001047920
      408.0000000000        0.0000860465
      409.0000000000        0.0000426912
      410.0000000000       -0.0000272467
      411.0000000000       -0.0000389904
      412.0000000000        0.0000051159
      413.0000000000       -0.0000775886
      414.0000000000       -0.0000758132
      415.0000000000       -0.0001092875
      416.0000000000        0.0000022307
      417.0000000000       -0.0000091088
      418.0000000000       -0.0000001157
      419.0000000000        0.0000149264
      420.0000000000        0.0000297794
      421.0000000000        0.0000385452
      422.0000000000        0.0000776248
      423.0000000000        0.0000326700
      424.0000000000       -0.0000070877
      425.0000000000        0.0000116335
      426.0000000000        0.0000154028
      427.0000000000        0.0000037188
      428.0000000000       -0.0000444875
      429.0000000000       -0.0000203389
      430.0000000000       -0.0000565224
      431.0000000000       -0.0000518667
      432.0000000000       -0.0000459998
      433.0000000000       -0.0000290572
      434.0000000000       -0.0001090528
      435.0000000000       -0.0000449237
      436.0000000000       -0.0000375671
      437.0000000000       -0.0000297708
      438.0000000000        0.0000425306
      439.0000000000        0.0000096281
      440.0000000000       -0.0000400005
      441.0000000000       -0.0000358167
      442.0000000000       -0.0000491252
      443.0000000000       -0.0000683429
      444.0000000000       -0.0001223872
      445.0000000000       -0.0001556198
      446.0000000000       -0.0001640307
      447.0000000000       -0.0001204721
      448.0000000000       -0.0000966833
      449.0000000000       -0.0000918517
      450.0000000000       -0.0000532527
      451.0000000000       -0.0000637218
      452.0000000000       -0.0000481929
      453.0000000000       -0.0000231692
      454.0000000000       -0.0000307656
      455.0000000000       -0.0000410938
      456.0000000000       -0.0001001639
      457.0000000000       -0.0001215465
      458.0000000000       -0.0000921445
      459.0000000000       -0.0001114432
      460.0000000000       -0.0000775542
      461.0000000000        0.0000048646
      462.0000000000        0.0000287925
      463.0000000000        0.0000402355
      464.0000000000        0.0000539288
      465.0000000000        0.0000701790
      466.0000000000        0.0000545175
      467.0000000000        0.0000250848
      468.0000000000        0.0000674311
      469.0000000000        0.0000733456
      470.0000000000        0.0001177851
      471.0000000000        0.0001559781
      472.0000000000        0.0001061969
      473.0000000000        0.0000775775
      474.0000000000        0.0001174241
      475.0000000000        0.0000826461
      476.0000000000        0.0001043300
      477.0000000000        0.0000676586
      478.0000000000        0.0000200749
      479.0000000000        0.0000456338
      480.0000000000        0.0000736616
      481.0000000000       -0.0000198383
      482.0000000000       -0.0000345410
      483.0000000000       -0.0000620624
      484.0000000000       -0.0000429932
      485.0000000000       -0.0000234126
      486.0000000000       -0.0000105084
      487.0000000000       -0.0000028349
      488.0000000000        0.0000433627
      489.0000000000       -0.0000316529
      490.0000000000       -0.0000347843
      491.0000000000       -0.0000929954
      492.0000000000       -0.0000936452
      493.0000000000       -0.0000979532
      494.0000000000       -0.0001027892
      495.0000000000       -0.0001518843
      496.0000000000       -0.0000872623
      497.0000000000       -0.0000755122
      498.0000000000       -0.0000738155
      499.0000000000       -0.0001220358
      500.0000000000       -0.0000973728
      501.0000000000       -0.0001461390
      502.0000000000       -0.0000587911
      503.0000000000        0.0000260062
      504.0000000000        0.0000007237
      505.0000000000        0.0000428145
      506.0000000000        0.0000173518
      507.0000000000       -0.0000189475
      508.0000000000        0.0000518601
      509.0000000000        0.0000358999
      510.0000000000        0.0000318748
      511.0000000000        0.0000045352
      512.0000000000        0.0000273501
