        0.0000000000        0.1259757122
        1.0000000000        0.0531342838
        2.0000000000        0.0360610514
        3.0000000000        0.0281773841
        4.0000000000        0.0235020341
        5.0000000000        0.0203502824
        6.0000000000        0.0180530835
        7.0000000000        0.0162897685
        8.0000000000        0.0148845421
        9.0000000000        0.0137316689
       10.0000000000        0.0127646874
       11.0000000000        0.0119415434
       12.0000000000        0.0112284970
       13.0000000000        0.0106040062
       14.0000000000        0.0100513388
       15.0000000000        0.0095601017
       16.0000000000        0.0091164173
       17.0000000000        0.0087147155
       18.0000000000        0.0083502190
       19.0000000000        0.0080160188
       20.0000000000        0.0077092617
       21.0000000000        0.0074266973
       22.0000000000        0.0071643625
       23.0000000000        0.0069195881
       24.0000000000        0.0066917494
       25.0000000000        0.0064775412
       26.0000000000        0.0062779209
       27.0000000000        0.0060912674
       28.0000000000        0.0059132054
       29.0000000000        0.0057482589
       30.0000000000        0.0055916164
       31.0000000000        0.0054404782
       32.0000000000        0.0052980769
       33.0000000000        0.0051641815
       34.0000000000        0.0050360674
       35.0000000000        0.0049133196
       36.0000000000        0.0047947083
       37.0000000000        0.0046827922
       38.0000000000        0.0045753285
       39.0000000000        0.0044714076
       40.0000000000        0.0043739352
       41.0000000000        0.0042796281
       42.0000000000        0.0041882954
       43.0000000000        0.0040996851
       44.0000000000        0.0040139979
       45.0000000000        0.0039340416
       46.0000000000        0.0038573962
       47.0000000000        0.0037818860
       48.0000000000        0.0037069381
       49.0000000000        0.0036354797
       50.0000000000        0.0035680630
       51.0000000000        0.0035009829
       52.0000000000        0.0034379158
       53.0000000000        0.0033740537
       54.0000000000        0.0033146563
       55.0000000000        0.0032550057
       56.0000000000        0.0032002302
       57.0000000000        0.0031449519
       58.0000000000        0.0030918086
       59.0000000000        0.0030405015
       60.0000000000        0.0029909797
       61.0000000000        0.0029402793
       62.0000000000        0.0028926257
       63.0000000000        0.0028449270
       64.0000000000        0.0027983272
       65.0000000000        0.0027564914
       66.0000000000        0.0027112843
       67.0000000000        0.0026680509
       68.0000000000        0.0026255380
       69.0000000000        0.0025854563
       70.0000000000        0.0025462937
       71.0000000000        0.0025085626
       72.0000000000        0.0024704270
       73.0000000000        0.0024338036
       74.0000000000        0.0023975737
       75.0000000000        0.0023661603
       76.0000000000        0.0023309904
       77.0000000000        0.0022970101
       78.0000000000        0.0022641605
       79.0000000000        0.0022322175
       80.0000000000        0.0022016541
       81.0000000000        0.0021721462
       82.0000000000        0.0021435820
       83.0000000000        0.0021127096
       84.0000000000        0.0020821995
       85.0000000000        0.0020559960
       86.0000000000        0.0020291111
       87.0000000000        0.0020029281
       88.0000000000        0.0019760476
       89.0000000000        0.0019496400
       90.0000000000        0.0019234322
       91.0000000000        0.0018968724
       92.0000000000        0.0018713595
       93.0000000000        0.0018473142
       94.0000000000        0.0018240829
       95.0000000000        0.0018021094
       96.0000000000        0.0017788637
       97.0000000000        0.0017562405
       98.0000000000        0.0017343653
       99.0000000000        0.0017133202
      100.0000000000        0.0016925218
      101.0000000000        0.0016714601
      102.0000000000        0.0016498058
      103.0000000000        0.0016291891
      104.0000000000        0.0016105586
      105.0000000000        0.0015902878
      106.0000000000        0.0015723713
      107.0000000000        0.0015517400
      108.0000000000        0.0015337962
      109.0000000000        0.0015182119
      110.0000000000        0.0014995552
      111.0000000000        0.0014796354
      112.0000000000        0.0014610782
      113.0000000000        0.0014454643
      114.0000000000        0.0014283164
      115.0000000000        0.0014121575
      116.0000000000        0.0013943558
      117.0000000000        0.0013787997
      118.0000000000        0.0013608166
      119.0000000000        0.0013457365
      120.0000000000        0.0013307281
      121.0000000000        0.0013150932
      122.0000000000        0.0012993791
      123.0000000000        0.0012848290
      124.0000000000        0.0012708424
      125.0000000000        0.0012552378
      126.0000000000        0.0012403734
      127.0000000000        0.0012291057
      128.0000000000        0.0012149026
      129.0000000000        0.0012017112
      130.0000000000        0.0011878871
      131.0000000000        0.0011746280
      132.0000000000        0.0011606474
      133.0000000000        0.0011487090
      134.0000000000        0.0011363762
      135.0000000000        0.0011229718
      136.0000000000        0.0011106851
      137.0000000000        0.0010978432
      138.0000000000        0.0010848467
      139.0000000000        0.0010727074
      140.0000000000        0.0010619968
      141.0000000000        0.0010488907
      142.0000000000        0.0010371961
      143.0000000000        0.0010252773
      144.0000000000        0.0010163497
      145.0000000000        0.0010064422
      146.0000000000        0.0009950784
      147.0000000000        0.0009834667
      148.0000000000        0.0009722586
      149.0000000000        0.0009622574
      150.0000000000        0.0009507304
      151.0000000000        0.0009396128
      152.0000000000        0.0009298047
      153.0000000000        0.0009209308
      154.0000000000        0.0009125810
      155.0000000000        0.0009024588
      156.0000000000        0.0008926535
      157.0000000000        0.0008840760
      158.0000000000        0.0008721704
      159.0000000000        0.0008622212
      160.0000000000        0.0008545063
      161.0000000000        0.0008468098
      162.0000000000        0.0008361151
      163.0000000000        0.0008266092
      164.0000000000        0.0008198221
      165.0000000000        0.0008130713
      166.0000000000        0.0008024584
      167.0000000000        0.0007949106
      168.0000000000        0.0007875981
      169.0000000000        0.0007800130
      170.0000000000        0.0007724160
      171.0000000000        0.0007642812
      172.0000000000        0.0007558755
      173.0000000000        0.0007483869
      174.0000000000        0.0007408674
      175.0000000000        0.0007318992
      176.0000000000        0.0007229116
      177.0000000000        0.0007158030
      178.0000000000        0.0007089048
      179.0000000000        0.0007011725
      180.0000000000        0.0006936362
      181.0000000000        0.0006875678
      182.0000000000        0.0006792405
      183.0000000000        0.0006723421
      184.0000000000        0.0006659474
      185.0000000000        0.0006586769
      186.0000000000        0.0006512014
      187.0000000000        0.0006435727
      188.0000000000        0.0006369996
      189.0000000000        0.0006312652
      190.0000000000        0.0006231753
      191.0000000000        0.0006165565
      192.0000000000        0.0006093361
      193.0000000000        0.0006024469
      194.0000000000        0.0005951667
      195.0000000000        0.0005869101
      196.0000000000        0.0005822717
      197.0000000000        0.0005782592
      198.0000000000        0.0005725695
      199.0000000000        0.0005664033
      200.0000000000        0.0005601324
      201.0000000000        0.0005543893
      202.0000000000        0.0005493916
      203.0000000000        0.0005442288
      204.0000000000        0.0005372312
      205.0000000000        0.0005314686
      206.0000000000        0.0005254467
      207.0000000000        0.0005203681
      208.0000000000        0.0005130817
      209.0000000000        0.0005073647
      210.0000000000        0.0005025313
      211.0000000000        0.0004969042
      212.0000000000        0.0004915485
      213.0000000000        0.0004868706
      214.0000000000        0.0004824506
      215.0000000000        0.0004759502
      216.0000000000        0.0004731706
      217.0000000000        0.0004681823
      218.0000000000        0.0004619764
      219.0000000000        0.0004552893
      220.0000000000        0.0004498756
      221.0000000000        0.0004453504
      222.0000000000        0.0004413731
      223.0000000000        0.0004369588
      224.0000000000        0.0004329124
      225.0000000000        0.0004274989
      226.0000000000        0.0004221976
      227.0000000000        0.0004170193
      228.0000000000        0.0004122673
      229.0000000000        0.0004087965
      230.0000000000        0.0004053895
      231.0000000000        0.0004008839
      232.0000000000        0.0003952211
      233.0000000000        0.0003920459
      234.0000000000        0.0003861357
      235.0000000000        0.0003835207
      236.0000000000        0.0003792349
      237.0000000000        0.0003745413
      238.0000000000        0.0003696974
      239.0000000000        0.0003656365
      240.0000000000        0.0003628677
      241.0000000000        0.0003577449
      242.0000000000        0.0003535490
      243.0000000000        0.0003492551
      244.0000000000        0.0003444443
      245.0000000000        0.0003420840
      246.0000000000        0.0003372846
      247.0000000000        0.0003337628
      248.0000000000        0.0003299460
      249.0000000000        0.0003248110
      250.0000000000        0.0003232253
      251.0000000000        0.0003192270
      252.0000000000        0.0003148679
      253.0000000000        0.0003122733
      254.0000000000        0.0003111648
      255.0000000000        0.0003086505
      256.0000000000        0.0003019042
      257.0000000000        0.0002983341
      258.0000000000        0.0002962435
      259.0000000000        0.0002935874
      260.0000000000        0.0002908031
      261.0000000000        0.0002863039
      262.0000000000        0.0002819713
      263.0000000000        0.0002804500
      264.0000000000        0.0002778372
      265.0000000000        0.0002755314
      266.0000000000        0.0002713573
      267.0000000000        0.0002684103
      268.0000000000        0.0002649180
      269.0000000000        0.0002636727
      270.0000000000        0.0002600149
      271.0000000000        0.0002556702
      272.0000000000        0.0002529670
      273.0000000000        0.0002504406
      274.0000000000        0.0002486779
      275.0000000000        0.0002457469
      276.0000000000        0.0002430184
      277.0000000000        0.0002404997
      278.0000000000        0.0002367466
      279.0000000000        0.0002340491
      280.0000000000        0.0002324016
      281.0000000000        0.0002290052
      282.0000000000        0.0002249513
      283.0000000000        0.0002233951
      284.0000000000        0.0002207589
      285.0000000000        0.0002179307
      286.0000000000        0.0002142216
      287.0000000000        0.0002127019
      288.0000000000        0.0002099181
      289.0000000000        0.0002067226
      290.0000000000        0.0002046216
      291.0000000000        0.0002005111
      292.0000000000        0.0002008295
      293.0000000000        0.0001984674
      294.0000000000        0.0001963002
      295.0000000000        0.0001932891
      296.0000000000        0.0001913151
      297.0000000000        0.0001891054
      298.0000000000        0.0001852813
      299.0000000000        0.0001819030
      300.0000000000        0.0001798777
      301.0000000000        0.0001777160
      302.0000000000        0.0001764992
      303.0000000000        0.0001739723
      304.0000000000        0.0001732314
      305.0000000000        0.0001699016
      306.0000000000        0.0001679069
      307.0000000000        0.0001660181
      308.0000000000        0.0001639952
      309.0000000000        0.0001614568
      310.0000000000        0.0001592181
      311.0000000000        0.0001571462
      312.0000000000        0.0001562327
      313.0000000000        0.0001542134
      314.0000000000        0.0001524835
      315.0000000000        0.0001498264
      316.0000000000        0.0001478234
      317.0000000000        0.0001464673
      318.0000000000        0.0001441149
      319.0000000000        0.0001425424
      320.0000000000        0.0001417095
      321.0000000000        0.0001388959
      322.0000000000        0.0001390200
      323.0000000000        0.0001372029
      324.0000000000        0.0001341268
      325.0000000000        0.0001305778
      326.0000000000        0.0001290604
      327.0000000000        0.0001292295
      328.0000000000        0.0001261903
      329.0000000000        0.0001249630
      330.0000000000        0.0001223254
      331.0000000000        0.0001209593
      332.0000000000        0.0001186113
      333.0000000000        0.0001175752
      334.0000000000        0.0001159931
      335.0000000000        0.0001137677
      336.0000000000        0.0001108569
      337.0000000000        0.0001089546
      338.0000000000        0.0001074534
      339.0000000000        0.0001055797
      340.0000000000        0.0001041881
      341.0000000000        0.0001031487
      342.0000000000        0.0001024335
      343.0000000000        0.0000987633
      344.0000000000        0.0000990596
      345.0000000000        0.0000983564
      346.0000000000        0.0000972678
      347.0000000000        0.0000948071
      348.0000000000        0.0000925253
      349.0000000000        0.0000928275
      350.0000000000        0.0000898588
      351.0000000000        0.0000887203
      352.0000000000        0.0000875006
      353.0000000000        0.0000865236
      354.0000000000        0.0000859341
      355.0000000000        0.0000861140
      356.0000000000        0.0000843687
      357.0000000000        0.0000844993
      358.0000000000        0.0000840382
      359.0000000000        0.0000823803
      360.0000000000        0.0000800691
      361.0000000000        0.0000785232
      362.0000000000        0.0000761355
      363.0000000000        0.0000766410
      364.0000000000        0.0000754256
      365.0000000000        0.0000729780
      366.0000000000        0.0000724362
      367.0000000000        0.0000700770
      368.0000000000        0.0000689590
      369.0000000000        0.0000675861
      370.0000000000        0.0000656338
      371.0000000000        0.0000653060
      372.0000000000        0.0000654017
      373.0000000000        0.0000633465
      374.0000000000        0.0000629451
      375.0000000000        0.0000622417
      376.0000000000        0.0000609637
      377.0000000000        0.0000587737
      378.0000000000        0.0000581430
      379.0000000000        0.0000562819
      380.0000000000        0.0000535640
      381.0000000000        0.0000530519
      382.0000000000        0.0000531246
      383.0000000000        0.0000509441
      384.0000000000        0.0000498823
      385.0000000000        0.0000484418
      386.0000000000        0.0000482979
      387.0000000000        0.0000474591
      388.0000000000        0.0000461837
      389.0000000000        0.0000448544
      390.0000000000        0.0000448339
      391.0000000000        0.0000422834
      392.0000000000        0.0000422505
      393.0000000000        0.0000411022
      394.0000000000        0.0000399789
      395.0000000000        0.0000401891
      396.0000000000        0.0000397796
      397.0000000000        0.0000392559
      398.0000000000        0.0000368843
      399.0000000000        0.0000339103
      400.0000000000        0.0000363559
      401.0000000000        0.0000358663
      402.0000000000        0.0000339855
      403.0000000000        0.0000335113
      404.0000000000        0.0000335142
      405.0000000000        0.0000323749
      406.0000000000        0.0000313854
      407.0000000000        0.0000304749
      408.0000000000        0.0000278938
      409.0000000000        0.0000284292
      410.0000000000        0.0000288250
      411.0000000000        0.0000283747
      412.0000000000        0.0000254734
      413.0000000000        0.0000243726
      414.0000000000        0.0000246287
      415.0000000000        0.0000236173
      416.0000000000        0.0000227166
      417.0000000000        0.0000217620
      418.0000000000        0.0000194126
      419.0000000000        0.0000205267
      420.0000000000        0.0000212640
      421.0000000000        0.0000200711
      422.0000000000        0.0000196114
      423.0000000000        0.0000199859
      424.0000000000        0.0000197616
      425.0000000000        0.0000196615
      426.0000000000        0.0000174215
      427.0000000000        0.0000182327
      428.0000000000        0.0000163545
      429.0000000000        0.0000156875
      430.0000000000        0.0000162791
      431.0000000000        0.0000144777
      432.0000000000        0.0000132536
      433.0000000000        0.0000135866
      434.0000000000        0.0000121778
      435.0000000000        0.0000123370
      436.0000000000        0.0000112196
      437.0000000000        0.0000097689
      438.0000000000        0.0000071779
      439.0000000000        0.0000059459
      440.0000000000        0.0000059072
      441.0000000000        0.0000053914
      442.0000000000        0.0000047721
      443.0000000000        0.0000054765
      444.0000000000        0.0000050510
      445.0000000000        0.0000029974
      446.0000000000        0.0000044181
      447.0000000000        0.0000057488
      448.0000000000        0.0000052959
      449.0000000000        0.0000034561
      450.0000000000        0.0000023149
      451.0000000000        0.0000011172
      452.0000000000        0.0000019747
      453.0000000000       -0.0000005212
      454.0000000000        0.0000012882
      455.0000000000        0.0000006100
      456.0000000000        0.0000012632
      457.0000000000        0.0000014911
      458.0000000000        0.0000013222
      459.0000000000        0.0000001258
      460.0000000000        0.0000006592
      461.0000000000        0.0000025041
      462.0000000000        0.0000023808
      463.0000000000        0.0000027153
      464.0000000000       -0.0000009776
      465.0000000000       -0.0000025601
      466.0000000000       -0.0000008680
      467.0000000000       -0.0000007788
      468.0000000000       -0.0000009041
      469.0000000000       -0.0000036927
      470.0000000000       -0.0000029849
      471.0000000000       -0.0000028251
      472.0000000000       -0.0000022155
      473.0000000000       -0.0000020461
      474.0000000000       -0.0000036840
      475.0000000000       -0.0000023942
      476.0000000000       -0.0000024058
      477.0000000000       -0.0000027394
      478.0000000000       -0.0000023434
      479.0000000000       -0.0000027407
      480.0000000000       -0.0000017903
      481.0000000000       -0.0000036341
      482.0000000000       -0.0000045692
      483.0000000000       -0.0000030783
      484.0000000000       -0.0000035495
      485.0000000000       -0.0000029755
      486.0000000000       -0.0000025727
      487.0000000000       -0.0000036970
      488.0000000000       -0.0000042278
      489.0000000000       -0.0000040127
      490.0000000000       -0.0000042349
      491.0000000000       -0.0000048126
      492.0000000000       -0.0000047646
      493.0000000000       -0.0000054967
      494.0000000000       -0.0000049969
      495.0000000000       -0.0000054867
      496.0000000000       -0.0000040967
      497.0000000000       -0.0000054024
      498.0000000000       -0.0000039476
      499.0000000000       -0.0000043680
      500.0000000000       -0.0000049162
      501.0000000000       -0.0000058618
      502.0000000000       -0.0000046084
      503.0000000000       -0.0000060380
      504.0000000000       -0.0000057374
      505.0000000000       -0.0000055492
      506.0000000000       -0.0000049332
      507.0000000000       -0.0000043956
      508.0000000000       -0.0000036123
      509.0000000000       -0.0000048874
      510.0000000000       -0.0000055673
      511.0000000000       -0.0000057124
      512.0000000000       -0.0000043582
