     -255.0000000000       -0.0010101314       -0.0009746090       -0.0009843796       -0.0009099281       -0.0008772174       -0.0008674936       -0.0008139768       -0.0007713110
     -254.0000000000       -0.0010433810       -0.0010070580       -0.0009680679       -0.0009517403       -0.0009075955       -0.0008682297       -0.0008214230       -0.0007624787
     -253.0000000000       -0.0010106732       -0.0009789703       -0.0009816064       -0.0009545988       -0.0008909388       -0.0008502749       -0.0008362377       -0.0007786477
     -252.0000000000       -0.0010054029       -0.0010135881       -0.0009715623       -0.0009168010       -0.0008958878       -0.0008762066       -0.0008125802       -0.0007891903
     -251.0000000000       -0.0010319746       -0.0009858211       -0.0009770488       -0.0009284554       -0.0008987672       -0.0008715961       -0.0008102801       -0.0007782697
     -250.0000000000       -0.0010135656       -0.0009971338       -0.0009813344       -0.0009418992       -0.0008852812       -0.0008507336       -0.0008572581       -0.0007845092
     -249.0000000000       -0.0010090644       -0.0009969728       -0.0009715501       -0.0009268449       -0.0009036818       -0.0008398754       -0.0008274004       -0.0007803191
     -248.0000000000       -0.0010234782       -0.0010073763       -0.0009445507       -0.0009410518       -0.0009132904       -0.0008845652       -0.0007850095       -0.0007704416
     -247.0000000000       -0.0010264260       -0.0010025337       -0.0009833513       -0.0009517041       -0.0009053091       -0.0008540625       -0.0007908568       -0.0007968072
     -246.0000000000       -0.0010192888       -0.0009948126       -0.0009741124       -0.0009425707       -0.0008992884       -0.0008411222       -0.0007995144       -0.0007822929
     -245.0000000000       -0.0010299107       -0.0010132034       -0.0009763921       -0.0009318952       -0.0009103469       -0.0008364200       -0.0008233359       -0.0007843612
     -244.0000000000       -0.0010282458       -0.0010075619       -0.0009706145       -0.0009593554       -0.0008770131       -0.0008538210       -0.0008055386       -0.0007988043
     -243.0000000000       -0.0010051383       -0.0010009241       -0.0009699906       -0.0009426537       -0.0009108274       -0.0008739326       -0.0008176120       -0.0007812706
     -242.0000000000       -0.0010279232       -0.0009706166       -0.0009732606       -0.0009470924       -0.0008824544       -0.0008626214       -0.0008407755       -0.0007800392
     -241.0000000000       -0.0010218296       -0.0009709702       -0.0009726651       -0.0009497355       -0.0008912685       -0.0008554797       -0.0008155154       -0.0007576687
     -240.0000000000       -0.0010164925       -0.0009899104       -0.0009528320       -0.0009422971       -0.0008911080       -0.0008466495       -0.0008080221       -0.0007700164
     -239.0000000000       -0.0010192775       -0.0009866339       -0.0009634386       -0.0009456696       -0.0008929909       -0.0008350262       -0.0008294764       -0.0007823239
     -238.0000000000       -0.0010171193       -0.0009825536       -0.0009639271       -0.0009296805       -0.0008749928       -0.0008692506       -0.0008093300       -0.0007774908
     -237.0000000000       -0.0010162379       -0.0009777295       -0.0009465809       -0.0009096984       -0.0008903618       -0.0008286558       -0.0008113676       -0.0007817973
     -236.0000000000       -0.0010269033       -0.0009806128       -0.0009487717       -0.0009063664       -0.0008605452       -0.0008673908       -0.0008069079       -0.0007789769
     -235.0000000000       -0.0010477638       -0.0009970777       -0.0009520712       -0.0009263586       -0.0008905451       -0.0008551709       -0.0008154424       -0.0007447651
     -234.0000000000       -0.0010480667       -0.0010174548       -0.0009786647       -0.0009232534       -0.0008940043       -0.0008148570       -0.0008349642       -0.0007743897
     -233.0000000000       -0.0010438457       -0.0009924452       -0.0009713501       -0.0009248113       -0.0008594161       -0.0008164553       -0.0008053361       -0.0007515660
     -232.0000000000       -0.0010199132       -0.0009917832       -0.0009452670       -0.0008997486       -0.0008621576       -0.0008511163       -0.0007793966       -0.0007482767
     -231.0000000000       -0.0010017367       -0.0009960077       -0.0009789475       -0.0009135160       -0.0009000115       -0.0008496737       -0.0007784165       -0.0007591711
     -230.0000000000       -0.0010064406       -0.0009810669       -0.0009541635       -0.0009159388       -0.0008745752       -0.0008495804       -0.0008279649       -0.0007565266
     -229.0000000000       -0.0010116856       -0.0010198966       -0.0009489212       -0.0009547437       -0.0008889424       -0.0008473646       -0.0007998142       -0.0007531937
     -228.0000000000       -0.0010189926       -0.0009991850       -0.0009639773       -0.0009271121       -0.0008929607       -0.0008824704       -0.0008138258       -0.0007787995
     -227.0000000000       -0.0010071887       -0.0009924584       -0.0009709888       -0.0009130907       -0.0008716087       -0.0008630559       -0.0008024535       -0.0007715723
     -226.0000000000       -0.0010246323       -0.0010018736       -0.0009602815       -0.0009690709       -0.0008763313       -0.0008141568       -0.0008018177       -0.0007722376
     -225.0000000000       -0.0010256773       -0.0009988451       -0.0009602370       -0.0009304165       -0.0008806455       -0.0008616545       -0.0007762560       -0.0007472374
     -224.0000000000       -0.0010407910       -0.0009940260       -0.0009543864       -0.0009173760       -0.0008927595       -0.0008411385       -0.0008170053       -0.0007630281
     -223.0000000000       -0.0010125548       -0.0009819450       -0.0009369434       -0.0009360677       -0.0008867598       -0.0008312726       -0.0007891905       -0.0007815218
     -222.0000000000       -0.0010243650       -0.0009773271       -0.0009284609       -0.0009218989       -0.0009118646       -0.0008186641       -0.0007958838       -0.0007665490
     -221.0000000000       -0.0010120123       -0.0010019438       -0.0009664587       -0.0009345823       -0.0008866348       -0.0008639739       -0.0007971101       -0.0007304089
     -220.0000000000       -0.0010390927       -0.0010063736       -0.0009685019       -0.0009107139       -0.0008941690       -0.0008424796       -0.0008093864       -0.0007734033
     -219.0000000000       -0.0010349501       -0.0010053366       -0.0009604033       -0.0009001242       -0.0008822343       -0.0008668832       -0.0007827577       -0.0007309098
     -218.0000000000       -0.0010338800       -0.0009831935       -0.0009580390       -0.0009315112       -0.0009107312       -0.0008478634       -0.0007894470       -0.0007507347
     -217.0000000000       -0.0010427527       -0.0009814359       -0.0009681859       -0.0008974701       -0.0009022833       -0.0008476570       -0.0007919520       -0.0007283732
     -216.0000000000       -0.0010457174       -0.0010024309       -0.0009692469       -0.0008939883       -0.0008770682       -0.0008531367       -0.0008009028       -0.0007202379
     -215.0000000000       -0.0010424232       -0.0010149116       -0.0009749123       -0.0009173379       -0.0008525134       -0.0008370935       -0.0007760758       -0.0007374870
     -214.0000000000       -0.0010144237       -0.0010040814       -0.0009891737       -0.0008743544       -0.0008721951       -0.0008369618       -0.0007845488       -0.0007508184
     -213.0000000000       -0.0010022355       -0.0010072455       -0.0009614372       -0.0008834900       -0.0008559619       -0.0008397553       -0.0008039219       -0.0007602175
     -212.0000000000       -0.0010015184       -0.0009803440       -0.0009526128       -0.0009055931       -0.0009102950       -0.0008272479       -0.0008247625       -0.0007357045
     -211.0000000000       -0.0010635959       -0.0009986316       -0.0009777516       -0.0009108173       -0.0008771663       -0.0008582018       -0.0008053498       -0.0007350571
     -210.0000000000       -0.0010320659       -0.0010219223       -0.0009723804       -0.0009133532       -0.0008618013       -0.0008289699       -0.0007521492       -0.0007286426
     -209.0000000000       -0.0010793542       -0.0009758952       -0.0009594807       -0.0009148933       -0.0008721490       -0.0008594955       -0.0007779728       -0.0007463577
     -208.0000000000       -0.0010293951       -0.0009806292       -0.0009831638       -0.0008996387       -0.0008787096       -0.0008093513       -0.0007604087       -0.0007529946
     -207.0000000000       -0.0010221093       -0.0009782706       -0.0009686458       -0.0009293801       -0.0008656705       -0.0007931929       -0.0007815666       -0.0007431206
     -206.0000000000       -0.0010431119       -0.0009887595       -0.0009792168       -0.0009016790       -0.0008765348       -0.0008238298       -0.0007473616       -0.0007480375
     -205.0000000000       -0.0010188272       -0.0009781469       -0.0009665733       -0.0009078444       -0.0008726697       -0.0008204692       -0.0007500815       -0.0007468933
     -204.0000000000       -0.0010235450       -0.0010223170       -0.0009408499       -0.0009155012       -0.0008708304       -0.0008267956       -0.0007775789       -0.0007573533
     -203.0000000000       -0.0010349383       -0.0010185211       -0.0009438370       -0.0009100365       -0.0008588395       -0.0008066263       -0.0007836128       -0.0007208290
     -202.0000000000       -0.0009984137       -0.0010048227       -0.0009344615       -0.0009173790       -0.0008572326       -0.0008210413       -0.0007727284       -0.0007584373
     -201.0000000000       -0.0010246171       -0.0010005424       -0.0009530019       -0.0009078909       -0.0008752811       -0.0008330688       -0.0007549196       -0.0006947902
     -200.0000000000       -0.0010141411       -0.0009844306       -0.0009682147       -0.0009248439       -0.0008937168       -0.0008249703       -0.0007583010       -0.0007184310
     -199.0000000000       -0.0010489038       -0.0009934683       -0.0009440577       -0.0009150015       -0.0008323245       -0.0008226443       -0.0007563099       -0.0006763676
     -198.0000000000       -0.0010510047       -0.0010021912       -0.0009474258       -0.0009110790       -0.0008473325       -0.0008183117       -0.0007844257       -0.0006819251
     -197.0000000000       -0.0010433660       -0.0010216116       -0.0009464472       -0.0009097565       -0.0008671651       -0.0008121262       -0.0007398833       -0.0007193633
     -196.0000000000       -0.0010255310       -0.0010187254       -0.0009595034       -0.0009280652       -0.0008824473       -0.0008093401       -0.0007653432       -0.0006787312
     -195.0000000000       -0.0010343025       -0.0009967832       -0.0009406570       -0.0009281571       -0.0008675087       -0.0007963048       -0.0007792721       -0.0007075255
     -194.0000000000       -0.0010173045       -0.0010150519       -0.0009584994       -0.0009188973       -0.0008310908       -0.0007966818       -0.0007667975       -0.0006909314
     -193.0000000000       -0.0010430209       -0.0009747599       -0.0009456390       -0.0009066669       -0.0008551412       -0.0008021215       -0.0007486834       -0.0006947863
     -192.0000000000       -0.0010633393       -0.0010146784       -0.0009635169       -0.0008856544       -0.0008644801       -0.0007946411       -0.0007642251       -0.0007260139
     -191.0000000000       -0.0010100558       -0.0010205546       -0.0009467448       -0.0008981290       -0.0008318446       -0.0008004740       -0.0007591056       -0.0007017416
     -190.0000000000       -0.0010367130       -0.0010091051       -0.0009408276       -0.0008956701       -0.0008551822       -0.0007957417       -0.0007461026       -0.0007347566
     -189.0000000000       -0.0010622329       -0.0009868920       -0.0009564189       -0.0009131104       -0.0008664185       -0.0007866070       -0.0007449360       -0.0006909269
     -188.0000000000       -0.0010558458       -0.0009692496       -0.0009743305       -0.0008923416       -0.0008549982       -0.0007741613       -0.0007286088       -0.0006871268
     -187.0000000000       -0.0010164661       -0.0010098756       -0.0009580981       -0.0008929414       -0.0008714587       -0.0008129202       -0.0007157440       -0.0006666947
     -186.0000000000       -0.0010376535       -0.0010200900       -0.0009609546       -0.0009172293       -0.0008709318       -0.0008102358       -0.0007298299       -0.0006965792
     -185.0000000000       -0.0010284632       -0.0009860199       -0.0009113249       -0.0008951506       -0.0008679728       -0.0007882891       -0.0007306556       -0.0006943405
     -184.0000000000       -0.0010588417       -0.0010150954       -0.0009400669       -0.0008913365       -0.0008461487       -0.0007966915       -0.0007365410       -0.0006838311
     -183.0000000000       -0.0010434032       -0.0010027462       -0.0009169009       -0.0008864824       -0.0008145373       -0.0007666031       -0.0007129907       -0.0006561337
     -182.0000000000       -0.0010132491       -0.0009970847       -0.0009472436       -0.0009042501       -0.0008521593       -0.0007868003       -0.0007353896       -0.0006747153
     -181.0000000000       -0.0010432275       -0.0009899443       -0.0009520041       -0.0009059222       -0.0008485381       -0.0007842577       -0.0007506995       -0.0006819105
     -180.0000000000       -0.0010416091       -0.0009933162       -0.0009317952       -0.0008830807       -0.0008453478       -0.0007691599       -0.0007427082       -0.0006598774
     -179.0000000000       -0.0010233160       -0.0009807784       -0.0009288212       -0.0009059564       -0.0008453765       -0.0007638191       -0.0007149122       -0.0006535984
     -178.0000000000       -0.0010230630       -0.0009918403       -0.0009382179       -0.0008664848       -0.0008255382       -0.0007593115       -0.0007292466       -0.0006484757
     -177.0000000000       -0.0010310530       -0.0009961390       -0.0009446719       -0.0008913984       -0.0008153421       -0.0007447044       -0.0007145810       -0.0006827026
     -176.0000000000       -0.0010289383       -0.0009969282       -0.0009229649       -0.0008667804       -0.0008008184       -0.0007598132       -0.0007281722       -0.0006624027
     -175.0000000000       -0.0010346277       -0.0010050956       -0.0009141385       -0.0008571240       -0.0008270591       -0.0007519054       -0.0007129522       -0.0006666545
     -174.0000000000       -0.0010383112       -0.0009723509       -0.0009301518       -0.0009039166       -0.0007916354       -0.0007852610       -0.0007038576       -0.0006330602
     -173.0000000000       -0.0010510400       -0.0009955863       -0.0009401468       -0.0008716119       -0.0008019913       -0.0007851134       -0.0006859865       -0.0006509544
     -172.0000000000       -0.0010465491       -0.0010009464       -0.0009444359       -0.0008447491       -0.0008594535       -0.0007530487       -0.0007077395       -0.0006457774
     -171.0000000000       -0.0010187503       -0.0009820825       -0.0009244817       -0.0008591403       -0.0008145965       -0.0007427737       -0.0007106868       -0.0006355868
     -170.0000000000       -0.0010479428       -0.0009509763       -0.0009039114       -0.0008750828       -0.0007986046       -0.0007492890       -0.0006891604       -0.0006612888
     -169.0000000000       -0.0010295339       -0.0009880709       -0.0009267382       -0.0008757022       -0.0007818643       -0.0007503650       -0.0006994572       -0.0006355496
     -168.0000000000       -0.0009988080       -0.0009712700       -0.0009427613       -0.0008337453       -0.0007746841       -0.0007537490       -0.0006806867       -0.0006283226
     -167.0000000000       -0.0010159372       -0.0009699571       -0.0009356331       -0.0008624410       -0.0007733138       -0.0007350575       -0.0007030798       -0.0006152675
     -166.0000000000       -0.0010166269       -0.0009527885       -0.0009322273       -0.0008486663       -0.0007776531       -0.0007546800       -0.0006721927       -0.0006284550
     -165.0000000000       -0.0010366568       -0.0009357392       -0.0009266793       -0.0008558356       -0.0008061830       -0.0007479904       -0.0006676749       -0.0006018277
     -164.0000000000       -0.0010053071       -0.0009798324       -0.0009068999       -0.0008485873       -0.0007696084       -0.0007502436       -0.0006278421       -0.0006144413
     -163.0000000000       -0.0010220206       -0.0009676208       -0.0009263417       -0.0008443770       -0.0007796814       -0.0007230137       -0.0006678579       -0.0005968961
     -162.0000000000       -0.0010454342       -0.0009740587       -0.0009107033       -0.0008447615       -0.0007856057       -0.0007160603       -0.0006820543       -0.0005877945
     -161.0000000000       -0.0010315847       -0.0009842026       -0.0009203462       -0.0008451304       -0.0007661959       -0.0006912511       -0.0006457395       -0.0005936552
     -160.0000000000       -0.0010463083       -0.0009806532       -0.0009074246       -0.0008437599       -0.0007919830       -0.0007029108       -0.0006540635       -0.0005881699
     -159.0000000000       -0.0010230825       -0.0009852541       -0.0009245104       -0.0008570314       -0.0007442426       -0.0007125387       -0.0006728333       -0.0005892814
     -158.0000000000       -0.0010403234       -0.0009822446       -0.0009128104       -0.0008600778       -0.0007555637       -0.0007091370       -0.0006343955       -0.0005581830
     -157.0000000000       -0.0010142034       -0.0009597759       -0.0008914989       -0.0008433692       -0.0007582873       -0.0007084079       -0.0006230997       -0.0005592096
     -156.0000000000       -0.0010370496       -0.0009830634       -0.0008654440       -0.0008402047       -0.0007631486       -0.0006824378       -0.0006417813       -0.0005475950
     -155.0000000000       -0.0010340036       -0.0009795238       -0.0008955342       -0.0008168220       -0.0007553685       -0.0007126577       -0.0006187661       -0.0005616633
     -154.0000000000       -0.0010325813       -0.0009569664       -0.0009064398       -0.0008225503       -0.0007680122       -0.0006836929       -0.0005929448       -0.0005360454
     -153.0000000000       -0.0010460328       -0.0009613601       -0.0008849837       -0.0008152967       -0.0007647115       -0.0006696421       -0.0006298506       -0.0005377965
     -152.0000000000       -0.0010412392       -0.0009687096       -0.0009059667       -0.0008217360       -0.0007532564       -0.0006746922       -0.0005913640       -0.0005538505
     -151.0000000000       -0.0010572227       -0.0009674297       -0.0008790645       -0.0008209335       -0.0007314866       -0.0006699789       -0.0005730731       -0.0005493262
     -150.0000000000       -0.0010335889       -0.0009868289       -0.0008903724       -0.0008171365       -0.0007315410       -0.0006687198       -0.0005793601       -0.0005474659
     -149.0000000000       -0.0010427672       -0.0009737100       -0.0009008811       -0.0008258463       -0.0007599316       -0.0006459423       -0.0005991814       -0.0005105943
     -148.0000000000       -0.0010548609       -0.0009672180       -0.0009052871       -0.0008384846       -0.0007584955       -0.0006339104       -0.0005855127       -0.0004964702
     -147.0000000000       -0.0010126540       -0.0009392009       -0.0008960762       -0.0008046308       -0.0007117071       -0.0006381126       -0.0005708090       -0.0005217516
     -146.0000000000       -0.0010202543       -0.0009486293       -0.0008900617       -0.0007740424       -0.0007213886       -0.0006584112       -0.0005908949       -0.0004943332
     -145.0000000000       -0.0010202338       -0.0009631504       -0.0008994201       -0.0008270446       -0.0007217760       -0.0006616139       -0.0005455279       -0.0005088252
     -144.0000000000       -0.0010292143       -0.0009338145       -0.0008624111       -0.0008017367       -0.0007248708       -0.0006376786       -0.0005536212       -0.0004739144
     -143.0000000000       -0.0010112150       -0.0009292908       -0.0008541608       -0.0007930234       -0.0007075272       -0.0006751854       -0.0005768139       -0.0004869053
     -142.0000000000       -0.0010229351       -0.0009362061       -0.0008645265       -0.0007898801       -0.0007144964       -0.0006463443       -0.0005525838       -0.0004844874
     -141.0000000000       -0.0010449305       -0.0009313971       -0.0008397705       -0.0007873645       -0.0007025772       -0.0006155837       -0.0005594810       -0.0004917832
     -140.0000000000       -0.0010133114       -0.0009599333       -0.0008442807       -0.0008075363       -0.0007040220       -0.0006356979       -0.0005544249       -0.0004539844
     -139.0000000000       -0.0010165216       -0.0009480187       -0.0008434764       -0.0008026281       -0.0006941557       -0.0005951681       -0.0005525678       -0.0004503646
     -138.0000000000       -0.0010429851       -0.0009295188       -0.0008508815       -0.0007516669       -0.0006722109       -0.0005836322       -0.0005201957       -0.0004520195
     -137.0000000000       -0.0010333514       -0.0009491918       -0.0008328923       -0.0007673883       -0.0006786836       -0.0005829472       -0.0005437450       -0.0004459833
     -136.0000000000       -0.0009984895       -0.0009273498       -0.0008632260       -0.0007938395       -0.0006937901       -0.0005779157       -0.0004975499       -0.0004516682
     -135.0000000000       -0.0010288212       -0.0009200153       -0.0008607798       -0.0007559124       -0.0007170720       -0.0005957189       -0.0005000021       -0.0004430137
     -134.0000000000       -0.0010238267       -0.0009569404       -0.0008639850       -0.0007592766       -0.0006614542       -0.0005708220       -0.0005060570       -0.0004278610
     -133.0000000000       -0.0010613987       -0.0009385501       -0.0008378386       -0.0007715451       -0.0006510974       -0.0005673619       -0.0004986683       -0.0004018063
     -132.0000000000       -0.0010312619       -0.0009497421       -0.0008346832       -0.0007470872       -0.0006551596       -0.0005267682       -0.0004690230       -0.0004262983
     -131.0000000000       -0.0010346386       -0.0009442835       -0.0008782470       -0.0007675870       -0.0006702551       -0.0005572051       -0.0004461591       -0.0004106433
     -130.0000000000       -0.0010087739       -0.0009033876       -0.0008785792       -0.0007281919       -0.0006391313       -0.0005535246       -0.0004597508       -0.0003914424
     -129.0000000000       -0.0010040530       -0.0009247228       -0.0008162640       -0.0007372406       -0.0006077438       -0.0005142136       -0.0004353432       -0.0003808908
     -128.0000000000       -0.0010437677       -0.0009259585       -0.0008634139       -0.0007220968       -0.0006320706       -0.0005396109       -0.0004396067       -0.0004036403
     -127.0000000000       -0.0010335751       -0.0009392330       -0.0008237072       -0.0007193556       -0.0006109892       -0.0005292207       -0.0004637458       -0.0003733239
     -126.0000000000       -0.0010377915       -0.0009635113       -0.0008075892       -0.0007112778       -0.0005984818       -0.0005269301       -0.0004284669       -0.0003698942
     -125.0000000000       -0.0010327340       -0.0009166475       -0.0008215157       -0.0007084000       -0.0006071888       -0.0004991703       -0.0004277028       -0.0003391938
     -124.0000000000       -0.0010446436       -0.0009194187       -0.0008132127       -0.0007292097       -0.0005870387       -0.0005065538       -0.0004184085       -0.0003183969
     -123.0000000000       -0.0010104917       -0.0009335139       -0.0007965890       -0.0006938356       -0.0006201550       -0.0005071021       -0.0004306734       -0.0003285456
     -122.0000000000       -0.0010090089       -0.0009288160       -0.0007697008       -0.0006987959       -0.0005825174       -0.0004962519       -0.0004027908       -0.0003520149
     -121.0000000000       -0.0009858670       -0.0009383966       -0.0008287136       -0.0006783949       -0.0005949303       -0.0004900799       -0.0003792408       -0.0003035412
     -120.0000000000       -0.0010059653       -0.0009364523       -0.0007749557       -0.0006874329       -0.0005869298       -0.0004899823       -0.0003646099       -0.0003192511
     -119.0000000000       -0.0010274501       -0.0009206145       -0.0008098900       -0.0007002967       -0.0005576404       -0.0004907369       -0.0003909637       -0.0002870475
     -118.0000000000       -0.0009872623       -0.0009121856       -0.0007948643       -0.0006778845       -0.0005506660       -0.0004446125       -0.0003908106       -0.0002845643
     -117.0000000000       -0.0009994090       -0.0009014863       -0.0007949708       -0.0006671816       -0.0005796450       -0.0004491818       -0.0003546489       -0.0002380380
     -116.0000000000       -0.0010132237       -0.0009188260       -0.0007862015       -0.0006539067       -0.0005686895       -0.0004486492       -0.0003339130       -0.0002402257
     -115.0000000000       -0.0010224376       -0.0009350580       -0.0007887380       -0.0006451022       -0.0005332469       -0.0004235646       -0.0003595449       -0.0002530307
     -114.0000000000       -0.0010675470       -0.0009318270       -0.0007907765       -0.0006499100       -0.0004992111       -0.0004207651       -0.0003317361       -0.0002343455
     -113.0000000000       -0.0010202554       -0.0009104961       -0.0007722066       -0.0006195168       -0.0005467348       -0.0004170618       -0.0003023925       -0.0002150110
     -112.0000000000       -0.0010233549       -0.0008958323       -0.0007964336       -0.0006239633       -0.0004985710       -0.0003820134       -0.0002990880       -0.0002236070
     -111.0000000000       -0.0010220062       -0.0008889862       -0.0007657285       -0.0006190035       -0.0005110988       -0.0003794959       -0.0003024028       -0.0002069854
     -110.0000000000       -0.0010235952       -0.0008552635       -0.0007937012       -0.0006331780       -0.0004596556       -0.0003563503       -0.0002799399       -0.0002131121
     -109.0000000000       -0.0010092668       -0.0008878721       -0.0007610252       -0.0006034926       -0.0004822067       -0.0003801382       -0.0002449041       -0.0001943165
     -108.0000000000       -0.0010409689       -0.0008875001       -0.0007484024       -0.0006032853       -0.0004785915       -0.0003569912       -0.0002521575       -0.0001492498
     -107.0000000000       -0.0010142717       -0.0009058697       -0.0007612339       -0.0006015013       -0.0004590023       -0.0003245764       -0.0002434204       -0.0001527381
     -106.0000000000       -0.0010133764       -0.0008976610       -0.0007106123       -0.0005895869       -0.0004502576       -0.0003362251       -0.0002006431       -0.0001496612
     -105.0000000000       -0.0010180681       -0.0008873552       -0.0007224739       -0.0005882804       -0.0004484503       -0.0003197821       -0.0002273299       -0.0001593314
     -104.0000000000       -0.0010490698       -0.0008882156       -0.0006945571       -0.0005508924       -0.0004218126       -0.0003172809       -0.0001912437       -0.0001526255
     -103.0000000000       -0.0010173701       -0.0008643721       -0.0007313414       -0.0005596422       -0.0004224899       -0.0003071516       -0.0002116924       -0.0001508729
     -102.0000000000       -0.0010194201       -0.0008536237       -0.0006927936       -0.0005269593       -0.0004067900       -0.0002975417       -0.0001999938       -0.0001201962
     -101.0000000000       -0.0010402555       -0.0008546827       -0.0006911269       -0.0005390410       -0.0003993907       -0.0002665279       -0.0001507834       -0.0000971051
     -100.0000000000       -0.0010210077       -0.0008578903       -0.0006974527       -0.0005418317       -0.0003925413       -0.0002597866       -0.0001504048       -0.0000880822
      -99.0000000000       -0.0009976144       -0.0008472246       -0.0006824521       -0.0005275593       -0.0003854233       -0.0002392384       -0.0001393267       -0.0000582025
      -98.0000000000       -0.0010367663       -0.0008563653       -0.0006798276       -0.0005123443       -0.0003643535       -0.0002186473       -0.0000942124       -0.0000678221
      -97.0000000000       -0.0010257936       -0.0008625309       -0.0006686531       -0.0005202769       -0.0003222975       -0.0001943717       -0.0001103741       -0.0000617827
      -96.0000000000       -0.0010037571       -0.0008638424       -0.0006382648       -0.0005299016       -0.0003305344       -0.0001682959       -0.0000993735       -0.0000196783
      -95.0000000000       -0.0010076511       -0.0008419204       -0.0006531346       -0.0004916769       -0.0003008923       -0.0001763781       -0.0000775864       -0.0000389081
      -94.0000000000       -0.0010354759       -0.0008466970       -0.0006462571       -0.0004625080       -0.0002930292       -0.0001744495       -0.0000526148       -0.0000069640
      -93.0000000000       -0.0010131444       -0.0008449586       -0.0006287207       -0.0004528598       -0.0002571330       -0.0001588467       -0.0000776425        0.0000297573
      -92.0000000000       -0.0010158193       -0.0008215389       -0.0006336209       -0.0004114080       -0.0002523870       -0.0001554562       -0.0000638833        0.0000613246
      -91.0000000000       -0.0010231407       -0.0008305364       -0.0006418780       -0.0004351220       -0.0002651463       -0.0001127439       -0.0000152328        0.0000713875
      -90.0000000000       -0.0010218403       -0.0007941200       -0.0006215456       -0.0004122588       -0.0002427889       -0.0000922094       -0.0000125215        0.0001020734
      -89.0000000000       -0.0010265526       -0.0008430228       -0.0006245587       -0.0003826632       -0.0002391403       -0.0000970046        0.0000128728        0.0001116491
      -88.0000000000       -0.0010250520       -0.0008152239       -0.0006021094       -0.0003808445       -0.0002196701       -0.0000855788        0.0000269075        0.0001004480
      -87.0000000000       -0.0010100584       -0.0008068184       -0.0005946506       -0.0003831337       -0.0002338027       -0.0000626554        0.0000599369        0.0001239836
      -86.0000000000       -0.0010124970       -0.0008114776       -0.0005768448       -0.0003609437       -0.0001778643       -0.0000833031        0.0000454611        0.0001589005
      -85.0000000000       -0.0010226640       -0.0008006205       -0.0005586638       -0.0003512780       -0.0001837870       -0.0000297419        0.0000508712        0.0001728874
      -84.0000000000       -0.0010123711       -0.0008028631       -0.0005458403       -0.0003209153       -0.0001671256       -0.0000411255        0.0000839925        0.0001686768
      -83.0000000000       -0.0010318042       -0.0007648439       -0.0005344799       -0.0003241435       -0.0001521574        0.0000053594        0.0001026066        0.0001955932
      -82.0000000000       -0.0010189449       -0.0007609987       -0.0005135772       -0.0002756530       -0.0001159316        0.0000505770        0.0001600644        0.0001982073
      -81.0000000000       -0.0010047178       -0.0007681631       -0.0004981889       -0.0002695646       -0.0000964743        0.0000643387        0.0001820035        0.0002355808
      -80.0000000000       -0.0010230623       -0.0007353326       -0.0005056057       -0.0002679991       -0.0000532838        0.0000882593        0.0001896187        0.0002565334
      -79.0000000000       -0.0010102680       -0.0007369717       -0.0004839556       -0.0002453833       -0.0000498037        0.0000855676        0.0002051383        0.0002572270
      -78.0000000000       -0.0010090877       -0.0007302496       -0.0004652659       -0.0002283189       -0.0000215707        0.0001335536        0.0002273913        0.0002679431
      -77.0000000000       -0.0010370162       -0.0007292571       -0.0004400517       -0.0002043664        0.0000120759        0.0001623364        0.0002261788        0.0002851334
      -76.0000000000       -0.0010442025       -0.0007336193       -0.0004189378       -0.0001769204        0.0000103167        0.0001854310        0.0002708815        0.0003353990
      -75.0000000000       -0.0010300100       -0.0006893817       -0.0004064824       -0.0001419581        0.0000709010        0.0001768976        0.0002602434        0.0003460918
      -74.0000000000       -0.0010144690       -0.0006941814       -0.0003892550       -0.0001304499        0.0001067516        0.0002289852        0.0002976614        0.0003403619
      -73.0000000000       -0.0010338286       -0.0007092156       -0.0004092366       -0.0001109373        0.0000734551        0.0002421582        0.0003131306        0.0003765699
      -72.0000000000       -0.0010252510       -0.0006760329       -0.0003776303       -0.0000969651        0.0001174606        0.0002517995        0.0003454261        0.0003917833
      -71.0000000000       -0.0010372128       -0.0007091335       -0.0003376445       -0.0000788599        0.0001274379        0.0002972567        0.0003536775        0.0004003605
      -70.0000000000       -0.0010337641       -0.0006954759       -0.0003367632       -0.0000609152        0.0001465986        0.0003316945        0.0004125006        0.0004515260
      -69.0000000000       -0.0010349273       -0.0006619752       -0.0002822915        0.0000026751        0.0002189282        0.0003371198        0.0004273854        0.0004411375
      -68.0000000000       -0.0010110659       -0.0006618417       -0.0002597762        0.0000188289        0.0002417720        0.0003504154        0.0004507249        0.0004813157
      -67.0000000000       -0.0010401253       -0.0006453188       -0.0002439047        0.0000535504        0.0002819478        0.0003887197        0.0004488331        0.0005104969
      -66.0000000000       -0.0010410899       -0.0006349851       -0.0002327580        0.0000495706        0.0002818801        0.0003936219        0.0005000195        0.0005013496
      -65.0000000000       -0.0010201600       -0.0005878366       -0.0002302089        0.0001078535        0.0003171688        0.0004441940        0.0005126425        0.0005413018
      -64.0000000000       -0.0010364340       -0.0005856948       -0.0002048048        0.0001153330        0.0003034732        0.0004605553        0.0005514344        0.0005475250
      -63.0000000000       -0.0010163816       -0.0006010734       -0.0001479244        0.0001632386        0.0003364019        0.0004620185        0.0005798043        0.0005833862
      -62.0000000000       -0.0010200927       -0.0005542258       -0.0001350305        0.0001798239        0.0004022340        0.0005156114        0.0005857551        0.0006076584
      -61.0000000000       -0.0010438682       -0.0005632887       -0.0001178426        0.0002260734        0.0004249828        0.0005444540        0.0006256369        0.0006643580
      -60.0000000000       -0.0010483747       -0.0005556861       -0.0000704151        0.0002789559        0.0004731135        0.0005944295        0.0006461800        0.0006728992
      -59.0000000000       -0.0010283765       -0.0005378999       -0.0000740027        0.0002738325        0.0005061083        0.0006245219        0.0006728226        0.0006857786
      -58.0000000000       -0.0010390112       -0.0005328707       -0.0000274079        0.0003310910        0.0005392279        0.0006694181        0.0007276991        0.0007038270
      -57.0000000000       -0.0010226357       -0.0004785787       -0.0000036271        0.0003591063        0.0005645751        0.0006997708        0.0007219951        0.0007325372
      -56.0000000000       -0.0009872207       -0.0004544799        0.0000818233        0.0003918849        0.0006140913        0.0007307532        0.0007674603        0.0007848441
      -55.0000000000       -0.0010235960       -0.0004331845        0.0000769256        0.0004611523        0.0006741810        0.0007428644        0.0007944211        0.0007724466
      -54.0000000000       -0.0010057091       -0.0004058662        0.0001054455        0.0005160722        0.0007126550        0.0007945469        0.0008037305        0.0008038073
      -53.0000000000       -0.0010131506       -0.0004080570        0.0001461788        0.0005188631        0.0007588159        0.0008203178        0.0008323224        0.0008297765
      -52.0000000000       -0.0010166933       -0.0003817483        0.0001822840        0.0005881057        0.0007836225        0.0008702085        0.0008578551        0.0008700684
      -51.0000000000       -0.0010160416       -0.0003411081        0.0002505489        0.0006103068        0.0008206220        0.0009022366        0.0009085353        0.0009199196
      -50.0000000000       -0.0010296260       -0.0003138868        0.0002723633        0.0006702462        0.0008685584        0.0009640639        0.0009703914        0.0008996844
      -49.0000000000       -0.0010027460       -0.0002571237        0.0003259624        0.0007395455        0.0009211762        0.0009903170        0.0009826795        0.0009360590
      -48.0000000000       -0.0010306045       -0.0002660403        0.0003994343        0.0007867764        0.0009856773        0.0010478749        0.0010113586        0.0009498379
      -47.0000000000       -0.0010118014       -0.0001968039        0.0004414653        0.0008458023        0.0010473878        0.0010589566        0.0010386654        0.0009774852
      -46.0000000000       -0.0009990759       -0.0001816194        0.0004786956        0.0008835535        0.0010712735        0.0011108238        0.0010927955        0.0010140244
      -45.0000000000       -0.0010127135       -0.0001369767        0.0005616345        0.0009559985        0.0011105867        0.0011523055        0.0010970947        0.0010383440
      -44.0000000000       -0.0009848036       -0.0001042703        0.0006135324        0.0010439216        0.0011838761        0.0011852515        0.0011656443        0.0010701995
      -43.0000000000       -0.0010169044       -0.0000433393        0.0006970042        0.0010726994        0.0012066470        0.0012474374        0.0011551075        0.0010763791
      -42.0000000000       -0.0010095809       -0.0000211714        0.0007394669        0.0011379493        0.0012883666        0.0012495611        0.0011920129        0.0011110075
      -41.0000000000       -0.0010092383        0.0000476191        0.0008200332        0.0012124079        0.0013309429        0.0013136341        0.0012522295        0.0011011022
      -40.0000000000       -0.0009962944        0.0000742745        0.0009069854        0.0012664183        0.0013772778        0.0013424733        0.0012473006        0.0011572610
      -39.0000000000       -0.0010023393        0.0001651756        0.0009860139        0.0013584898        0.0014534833        0.0014118348        0.0012939985        0.0012015936
      -38.0000000000       -0.0009988474        0.0002165037        0.0010562386        0.0014524626        0.0015048493        0.0014160595        0.0013170560        0.0011925390
      -37.0000000000       -0.0010119859        0.0003164936        0.0011272371        0.0014798169        0.0015594191        0.0014758590        0.0013281144        0.0012463386
      -36.0000000000       -0.0010022249        0.0003308650        0.0012471306        0.0015667117        0.0016330288        0.0015421673        0.0013621102        0.0012673329
      -35.0000000000       -0.0010137238        0.0004076438        0.0013491489        0.0016530700        0.0016565647        0.0016042440        0.0014247124        0.0012856388
      -34.0000000000       -0.0010080485        0.0005304602        0.0014506482        0.0017411200        0.0017210302        0.0016384096        0.0014922467        0.0013277875
      -33.0000000000       -0.0010203186        0.0006126971        0.0015596671        0.0018640486        0.0018086700        0.0016745344        0.0014959817        0.0013489945
      -32.0000000000       -0.0009860078        0.0007106421        0.0016686147        0.0019280819        0.0018532723        0.0017066631        0.0015154005        0.0013766352
      -31.0000000000       -0.0009964906        0.0008355498        0.0018002727        0.0020297602        0.0019211800        0.0017248941        0.0015369346        0.0013714769
      -30.0000000000       -0.0010266209        0.0009329346        0.0019141701        0.0021027673        0.0019997782        0.0017959834        0.0015727088        0.0014133553
      -29.0000000000       -0.0010179647        0.0010790432        0.0020548734        0.0022020204        0.0020600174        0.0018392468        0.0015987225        0.0014135641
      -28.0000000000       -0.0010261986        0.0011860764        0.0021866095        0.0023051597        0.0021358942        0.0018978321        0.0016731141        0.0014422129
      -27.0000000000       -0.0009999774        0.0013316662        0.0023013349        0.0023919791        0.0022000290        0.0019564885        0.0016661516        0.0014606604
      -26.0000000000       -0.0010127343        0.0015286095        0.0024836266        0.0024813191        0.0022671491        0.0019658481        0.0017314522        0.0014846792
      -25.0000000000       -0.0009742067        0.0017094506        0.0026514970        0.0026059971        0.0023359753        0.0020076975        0.0017435383        0.0015376164
      -24.0000000000       -0.0009664894        0.0019035773        0.0028107606        0.0027046032        0.0023965870        0.0020545065        0.0017914992        0.0015238689
      -23.0000000000       -0.0009483949        0.0021290929        0.0029965906        0.0028211208        0.0024671668        0.0021315118        0.0018223570        0.0015668507
      -22.0000000000       -0.0009527805        0.0023578872        0.0031718171        0.0029680244        0.0025434676        0.0021636599        0.0018431348        0.0015922304
      -21.0000000000       -0.0009385766        0.0026367308        0.0033703407        0.0030617357        0.0026107473        0.0022041858        0.0018953311        0.0015864773
      -20.0000000000       -0.0009754258        0.0029299624        0.0035901094        0.0031760970        0.0026480409        0.0022359925        0.0018890949        0.0016182176
      -19.0000000000       -0.0009497772        0.0032655660        0.0037662931        0.0032802343        0.0027260408        0.0022685322        0.0019192579        0.0016408003
      -18.0000000000       -0.0009196542        0.0036278463        0.0039635771        0.0033937295        0.0027846340        0.0022939911        0.0019438044        0.0016474421
      -17.0000000000       -0.0008804033        0.0039873633        0.0042321224        0.0034968911        0.0028560601        0.0023376210        0.0019835862        0.0016587447
      -16.0000000000       -0.0008798057        0.0044187352        0.0044004968        0.0036179020        0.0029194647        0.0023774793        0.0019775832        0.0016788079
      -15.0000000000       -0.0008645881        0.0048961496        0.0046690784        0.0037161105        0.0029377215        0.0024241756        0.0020347392        0.0016831463
      -14.0000000000       -0.0008391328        0.0054139382        0.0048428524        0.0037984719        0.0030308168        0.0024489387        0.0020437314        0.0017112831
      -13.0000000000       -0.0008277964        0.0059821694        0.0050852161        0.0039130223        0.0031056186        0.0024941421        0.0020671577        0.0017128318
      -12.0000000000       -0.0007892763        0.0065739308        0.0053180337        0.0040341949        0.0031200489        0.0025078555        0.0021047939        0.0017050578
      -11.0000000000       -0.0007607991        0.0072365640        0.0055270898        0.0041007172        0.0031608376        0.0025506321        0.0021168330        0.0017314447
      -10.0000000000       -0.0006992716        0.0078912299        0.0057304511        0.0041909713        0.0032206942        0.0025563460        0.0020878397        0.0017636188
       -9.0000000000       -0.0006048973        0.0085880328        0.0059418884        0.0042671546        0.0032626589        0.0025705255        0.0021077319        0.0017471072
       -8.0000000000       -0.0004956592        0.0093039618        0.0061722031        0.0043389943        0.0032897181        0.0026245203        0.0021313182        0.0017670817
       -7.0000000000       -0.0003579539        0.0100504176        0.0063489025        0.0044391031        0.0033172771        0.0026293156        0.0021439952        0.0017922107
       -6.0000000000       -0.0001176548        0.0107897530        0.0065004155        0.0045028717        0.0033862522        0.0026318156        0.0021698644        0.0017913480
       -5.0000000000        0.0002667482        0.0114963504        0.0066439517        0.0045576957        0.0033841188        0.0026660083        0.0021755157        0.0017782922
       -4.0000000000        0.0010600528        0.0121872807        0.0067918953        0.0046215911        0.0034088983        0.0026526201        0.0021932802        0.0018314809
       -3.0000000000        0.0026633795        0.0128120330        0.0069454542        0.0046298764        0.0034486019        0.0026711198        0.0021822438        0.0018208717
       -2.0000000000        0.0071234751        0.0133297074        0.0070148118        0.0046760558        0.0034391004        0.0027069744        0.0021897134        0.0018366306
       -1.0000000000        0.0301120334        0.0136956593        0.0071013030        0.0046986766        0.0034607907        0.0026922426        0.0022223747        0.0018070937
        0.0000000000        0.4213884375        0.0139354254        0.0071270964        0.0047043603        0.0034484061        0.0027177655        0.0021907367        0.0018134728
        1.0000000000        0.0301120334        0.0136965392        0.0071131270        0.0047153791        0.0034629941        0.0026762478        0.0021858906        0.0018270445
        2.0000000000        0.0071234751        0.0133692156        0.0070079518        0.0046805519        0.0034244166        0.0027144129        0.0021728228        0.0018202075
        3.0000000000        0.0026633795        0.0128035594        0.0069431524        0.0046392431        0.0034484282        0.0027091980        0.0021744404        0.0018188289
        4.0000000000        0.0010600528        0.0121788446        0.0067965008        0.0045996750        0.0034236373        0.0026822484        0.0022012355        0.0018089290
        5.0000000000        0.0002667482        0.0115305758        0.0066861597        0.0045674098        0.0033904807        0.0026650285        0.0021865016        0.0018162430
        6.0000000000       -0.0001176548        0.0108179349        0.0065383829        0.0044840994        0.0033772999        0.0026695508        0.0021489860        0.0017793203
        7.0000000000       -0.0003579539        0.0100578551        0.0063437134        0.0044431319        0.0033353871        0.0026433330        0.0021555124        0.0018160639
        8.0000000000       -0.0004956592        0.0093150119        0.0061465066        0.0043730160        0.0032927309        0.0026285526        0.0021475171        0.0017890750
        9.0000000000       -0.0006048973        0.0085585908        0.0059514941        0.0042635989        0.0032442883        0.0025834102        0.0021106572        0.0017629422
       10.0000000000       -0.0006992716        0.0078987711        0.0057342739        0.0041973605        0.0032021069        0.0025593515        0.0020880129        0.0017780503
       11.0000000000       -0.0007607991        0.0072382872        0.0055563439        0.0040836158        0.0031703294        0.0025391010        0.0020684778        0.0017233292
       12.0000000000       -0.0007892763        0.0065912541        0.0053241072        0.0040062654        0.0031124020        0.0025263918        0.0020692714        0.0017516627
       13.0000000000       -0.0008277964        0.0059819770        0.0051025217        0.0039282475        0.0030745698        0.0024910506        0.0020527531        0.0017237310
       14.0000000000       -0.0008391328        0.0054433652        0.0048447120        0.0037735686        0.0030154934        0.0024732182        0.0020143325        0.0017032474
       15.0000000000       -0.0008645881        0.0049158177        0.0046541797        0.0037230576        0.0029628128        0.0024078580        0.0019987892        0.0016905177
       16.0000000000       -0.0008798057        0.0044193957        0.0044299789        0.0036050505        0.0029128153        0.0023972054        0.0019505217        0.0017014352
       17.0000000000       -0.0008804033        0.0040165430        0.0041914057        0.0034912303        0.0028646668        0.0023519465        0.0019441565        0.0016376088
       18.0000000000       -0.0009196542        0.0036073744        0.0039544407        0.0033880806        0.0027730128        0.0023001147        0.0019304886        0.0016508368
       19.0000000000       -0.0009497772        0.0032543874        0.0037740275        0.0032814608        0.0027404847        0.0022530353        0.0019158957        0.0016230463
       20.0000000000       -0.0009754258        0.0029612240        0.0035674793        0.0031619933        0.0026852923        0.0022491415        0.0019008457        0.0016157768
       21.0000000000       -0.0009385766        0.0026296093        0.0033934995        0.0030447681        0.0025724505        0.0021761638        0.0018842925        0.0015871781
       22.0000000000       -0.0009527805        0.0023798635        0.0031726821        0.0029500192        0.0025314636        0.0021474508        0.0018720201        0.0015754046
       23.0000000000       -0.0009483949        0.0021119890        0.0030034103        0.0028525313        0.0024677328        0.0020924497        0.0018131970        0.0015711620
       24.0000000000       -0.0009664894        0.0018983385        0.0028365283        0.0027284458        0.0024174002        0.0020644276        0.0017468693        0.0015498773
       25.0000000000       -0.0009742067        0.0017138928        0.0026632957        0.0026339990        0.0023328005        0.0020351719        0.0017610679        0.0015119473
       26.0000000000       -0.0010127343        0.0015382529        0.0024936447        0.0024978546        0.0022881583        0.0020070835        0.0017201285        0.0015097638
       27.0000000000       -0.0009999774        0.0013729916        0.0023435292        0.0024197292        0.0022262650        0.0019527316        0.0016760367        0.0014763380
       28.0000000000       -0.0010261986        0.0011980053        0.0021981532        0.0023265172        0.0021466765        0.0018800756        0.0016672900        0.0014765635
       29.0000000000       -0.0010179647        0.0010352330        0.0020494107        0.0021992303        0.0020637858        0.0018518013        0.0016278039        0.0014343532
       30.0000000000       -0.0010266209        0.0009145347        0.0019115872        0.0021304778        0.0020180943        0.0018255052        0.0015765458        0.0013695785
       31.0000000000       -0.0009964906        0.0007735601        0.0017949386        0.0020067686        0.0019353081        0.0017394233        0.0015475999        0.0013772836
       32.0000000000       -0.0009860078        0.0006999027        0.0016420775        0.0019037825        0.0018839281        0.0017355293        0.0015508998        0.0013556949
       33.0000000000       -0.0010203186        0.0006430593        0.0015530074        0.0018263044        0.0018196376        0.0016562612        0.0015024805        0.0013564938
       34.0000000000       -0.0010080485        0.0005485685        0.0014543866        0.0017560514        0.0017393794        0.0016108265        0.0014708204        0.0013283341
       35.0000000000       -0.0010137238        0.0004374507        0.0013626998        0.0016637589        0.0016728350        0.0015828865        0.0014433265        0.0012657439
       36.0000000000       -0.0010022249        0.0003445055        0.0012474163        0.0015817817        0.0016307178        0.0015191913        0.0013873140        0.0012589019
       37.0000000000       -0.0010119859        0.0002859208        0.0011511682        0.0015216312        0.0015803809        0.0015021150        0.0013487164        0.0012342290
       38.0000000000       -0.0009988474        0.0002163833        0.0010458539        0.0014473176        0.0015031725        0.0014434416        0.0013305964        0.0011917357
       39.0000000000       -0.0010023393        0.0001651602        0.0009798024        0.0013439293        0.0014551607        0.0013970882        0.0013004863        0.0011904911
       40.0000000000       -0.0009962944        0.0000930050        0.0009304358        0.0013250524        0.0013813299        0.0013385951        0.0012855741        0.0011660468
       41.0000000000       -0.0010092383        0.0000589779        0.0008062500        0.0012005260        0.0013202621        0.0013170043        0.0012300536        0.0011573477
       42.0000000000       -0.0010095809       -0.0000205518        0.0007357713        0.0011209478        0.0012769059        0.0012744070        0.0011886824        0.0011207081
       43.0000000000       -0.0010169044       -0.0000774164        0.0006879885        0.0010468060        0.0012306554        0.0012148742        0.0011584208        0.0010917511
       44.0000000000       -0.0009848036       -0.0001062020        0.0006382553        0.0010031389        0.0011746435        0.0011902399        0.0011509073        0.0010371255
       45.0000000000       -0.0010127135       -0.0001341540        0.0005540951        0.0009659635        0.0011107258        0.0011359453        0.0011089062        0.0010393555
       46.0000000000       -0.0009990759       -0.0001522350        0.0005146046        0.0008875378        0.0010753343        0.0011137232        0.0010797489        0.0010128153
       47.0000000000       -0.0010118014       -0.0002076101        0.0004258295        0.0008357990        0.0010083185        0.0010658728        0.0009960243        0.0010091860
       48.0000000000       -0.0010306045       -0.0002317463        0.0004082839        0.0007663831        0.0009610415        0.0010178039        0.0010051960        0.0009639408
       49.0000000000       -0.0010027460       -0.0002862397        0.0003192350        0.0007269305        0.0009249199        0.0009925669        0.0009798790        0.0009257500
       50.0000000000       -0.0010296260       -0.0002881356        0.0002898046        0.0006788050        0.0008938296        0.0009239056        0.0009224061        0.0009239464
       51.0000000000       -0.0010160416       -0.0003480817        0.0002853028        0.0006251011        0.0008306414        0.0008972900        0.0009137741        0.0008916742
       52.0000000000       -0.0010166933       -0.0003918452        0.0002084831        0.0006122858        0.0007505941        0.0008711693        0.0008711887        0.0008386785
       53.0000000000       -0.0010131506       -0.0004115220        0.0001773303        0.0005425282        0.0007187021        0.0008254147        0.0008601224        0.0008166298
       54.0000000000       -0.0010057091       -0.0004205706        0.0001282601        0.0004801958        0.0006838849        0.0007876394        0.0008149286        0.0008113356
       55.0000000000       -0.0010235960       -0.0004669284        0.0000873908        0.0004462877        0.0006706440        0.0007697139        0.0007965766        0.0007717711
       56.0000000000       -0.0009872207       -0.0004577936        0.0000155095        0.0003731292        0.0005805986        0.0007383290        0.0007678510        0.0007564413
       57.0000000000       -0.0010226357       -0.0004843450       -0.0000046643        0.0003833535        0.0005847522        0.0006715021        0.0007361135        0.0007157813
       58.0000000000       -0.0010390112       -0.0005009316       -0.0000529072        0.0003534296        0.0005310223        0.0006207765        0.0006974276        0.0007110970
       59.0000000000       -0.0010283765       -0.0005262831       -0.0000742582        0.0003063117        0.0004894182        0.0006217643        0.0006681830        0.0006777902
       60.0000000000       -0.0010483747       -0.0005414272       -0.0000953737        0.0002374791        0.0004674104        0.0005871888        0.0006144119        0.0006865886
       61.0000000000       -0.0010438682       -0.0005677611       -0.0001084725        0.0001990273        0.0004251724        0.0005481602        0.0006044731        0.0006155304
       62.0000000000       -0.0010200927       -0.0005917492       -0.0001612064        0.0001703123        0.0003846662        0.0005343550        0.0006018213        0.0006244621
       63.0000000000       -0.0010163816       -0.0006033661       -0.0001754599        0.0001265801        0.0003489875        0.0004994339        0.0005564074        0.0006134856
       64.0000000000       -0.0010364340       -0.0005958441       -0.0001774678        0.0001200994        0.0003269237        0.0004783843        0.0005151199        0.0005718496
       65.0000000000       -0.0010201600       -0.0006399736       -0.0002187225        0.0000757647        0.0003078353        0.0004316451        0.0005014969        0.0005574593
       66.0000000000       -0.0010410899       -0.0006448801       -0.0002726443        0.0000244570        0.0002713062        0.0004073014        0.0005092043        0.0005384796
       67.0000000000       -0.0010401253       -0.0006553947       -0.0003127950        0.0000298624        0.0002504174        0.0003984470        0.0004774627        0.0005002111
       68.0000000000       -0.0010110659       -0.0006453822       -0.0003082556       -0.0000244518        0.0001992954        0.0003077143        0.0004321516        0.0004927505
       69.0000000000       -0.0010349273       -0.0006727314       -0.0003161622       -0.0000477380        0.0001955340        0.0003194887        0.0004614690        0.0004097491
       70.0000000000       -0.0010337641       -0.0006867074       -0.0003480238       -0.0000396004        0.0001568323        0.0002936534        0.0004432162        0.0004215719
       71.0000000000       -0.0010372128       -0.0006945524       -0.0003457211       -0.0000803927        0.0001117457        0.0002989841        0.0003755411        0.0004247243
       72.0000000000       -0.0010252510       -0.0007003834       -0.0003704253       -0.0001062224        0.0001070748        0.0002557525        0.0003663113        0.0003810322
       73.0000000000       -0.0010338286       -0.0006956011       -0.0004250533       -0.0001325726        0.0000669564        0.0002383416        0.0002881283        0.0004154020
       74.0000000000       -0.0010144690       -0.0007387404       -0.0003990828       -0.0001426477        0.0000534489        0.0002145153        0.0003160729        0.0003512913
       75.0000000000       -0.0010300100       -0.0007484788       -0.0004012316       -0.0001844546        0.0000384046        0.0001858453        0.0002626664        0.0003410882
       76.0000000000       -0.0010442025       -0.0007314105       -0.0004230138       -0.0001798941        0.0000248763        0.0001478579        0.0002657989        0.0003198292
       77.0000000000       -0.0010370162       -0.0007258384       -0.0004636304       -0.0002134975        0.0000174169        0.0001386658        0.0002400317        0.0003228129
       78.0000000000       -0.0010090877       -0.0007372230       -0.0004835905       -0.0002179645       -0.0000083132        0.0001057115        0.0001999038        0.0002672504
       79.0000000000       -0.0010102680       -0.0007537081       -0.0004915497       -0.0002441609       -0.0000400592        0.0000990978        0.0001801516        0.0002498021
       80.0000000000       -0.0010230623       -0.0007540605       -0.0005054211       -0.0002649501       -0.0000523676        0.0000688985        0.0001883178        0.0002555948
       81.0000000000       -0.0010047178       -0.0007507891       -0.0005176097       -0.0002825602       -0.0001018220        0.0000421676        0.0001759989        0.0002472611
       82.0000000000       -0.0010189449       -0.0007886135       -0.0005288921       -0.0002776777       -0.0000899199        0.0000234667        0.0001488802        0.0002007468
       83.0000000000       -0.0010318042       -0.0007862557       -0.0005481062       -0.0003264959       -0.0001322262        0.0000160650        0.0001044388        0.0001978476
       84.0000000000       -0.0010123711       -0.0008066452       -0.0005433934       -0.0003355424       -0.0001565029       -0.0000029049        0.0000808478        0.0001648824
       85.0000000000       -0.0010226640       -0.0007890357       -0.0005330196       -0.0003505854       -0.0001670974       -0.0000235787        0.0000744407        0.0001575586
       86.0000000000       -0.0010124970       -0.0008031490       -0.0005443441       -0.0003672366       -0.0001811268       -0.0000155508        0.0000397157        0.0001262800
       87.0000000000       -0.0010100584       -0.0008149286       -0.0005882818       -0.0003747245       -0.0001882513       -0.0000304566        0.0000439662        0.0001352800
       88.0000000000       -0.0010250520       -0.0008049780       -0.0006230804       -0.0003696446       -0.0002177860       -0.0000661674        0.0000679606        0.0000741489
       89.0000000000       -0.0010265526       -0.0007968971       -0.0005976007       -0.0004203734       -0.0002359478       -0.0000888522        0.0000224960        0.0001095645
       90.0000000000       -0.0010218403       -0.0008171138       -0.0006188440       -0.0004287323       -0.0002481278       -0.0001087994       -0.0000085519        0.0000643542
       91.0000000000       -0.0010231407       -0.0008171154       -0.0006151071       -0.0004366912       -0.0002523780       -0.0001152943       -0.0000016870        0.0000330180
       92.0000000000       -0.0010158193       -0.0008173104       -0.0006146927       -0.0004477633       -0.0002761748       -0.0001352855       -0.0000528081        0.0000219916
       93.0000000000       -0.0010131444       -0.0008189962       -0.0006529237       -0.0004558848       -0.0002932548       -0.0001577970       -0.0000887665        0.0000260023
       94.0000000000       -0.0010354759       -0.0008362698       -0.0006446540       -0.0004656439       -0.0003072855       -0.0001704386       -0.0000941326        0.0000281081
       95.0000000000       -0.0010076511       -0.0008215639       -0.0006782477       -0.0004914692       -0.0003231732       -0.0002049399       -0.0001066028       -0.0000082399
       96.0000000000       -0.0010037571       -0.0008329964       -0.0006685375       -0.0004789116       -0.0003375494       -0.0002100046       -0.0000960170       -0.0000300341
       97.0000000000       -0.0010257936       -0.0008355642       -0.0006838463       -0.0004996623       -0.0003759750       -0.0002374162       -0.0001118513       -0.0000590714
       98.0000000000       -0.0010367663       -0.0008183353       -0.0006671046       -0.0005544665       -0.0003750842       -0.0002435805       -0.0001339255       -0.0000429803
       99.0000000000       -0.0009976144       -0.0008450673       -0.0006813542       -0.0005205960       -0.0003772934       -0.0002461906       -0.0001394579       -0.0000660110
      100.0000000000       -0.0010210077       -0.0008454947       -0.0006946566       -0.0005227609       -0.0003807908       -0.0002672697       -0.0001881955       -0.0000772363
      101.0000000000       -0.0010402555       -0.0008841509       -0.0006943857       -0.0005529181       -0.0003882885       -0.0002778595       -0.0001457805       -0.0000866953
      102.0000000000       -0.0010194201       -0.0008728640       -0.0007343706       -0.0005891749       -0.0004115464       -0.0002689493       -0.0001624883       -0.0001180213
      103.0000000000       -0.0010173701       -0.0008751137       -0.0007137643       -0.0005504659       -0.0004179842       -0.0002989060       -0.0001901660       -0.0001251383
      104.0000000000       -0.0010490698       -0.0008774512       -0.0007275536       -0.0005777155       -0.0004193515       -0.0003167204       -0.0002111296       -0.0001143280
      105.0000000000       -0.0010180681       -0.0008720948       -0.0007244401       -0.0005764171       -0.0004039427       -0.0003209127       -0.0002165811       -0.0001379834
      106.0000000000       -0.0010133764       -0.0008624592       -0.0007066445       -0.0005850403       -0.0004302303       -0.0003534162       -0.0002095943       -0.0001515502
      107.0000000000       -0.0010142717       -0.0008853872       -0.0007289628       -0.0005766402       -0.0004429756       -0.0003264393       -0.0002583013       -0.0001589823
      108.0000000000       -0.0010409689       -0.0008639132       -0.0007448179       -0.0005801148       -0.0004667425       -0.0003500246       -0.0002661229       -0.0001697423
      109.0000000000       -0.0010092668       -0.0008825519       -0.0007353408       -0.0005829840       -0.0004870561       -0.0003784907       -0.0002940471       -0.0001757319
      110.0000000000       -0.0010235952       -0.0009252531       -0.0007519896       -0.0005972289       -0.0004897292       -0.0003886060       -0.0003011638       -0.0001885337
      111.0000000000       -0.0010220062       -0.0009253357       -0.0007741000       -0.0006212614       -0.0005054805       -0.0003912688       -0.0003116908       -0.0002227944
      112.0000000000       -0.0010233549       -0.0009101519       -0.0007866460       -0.0006221280       -0.0005275358       -0.0004059635       -0.0003012897       -0.0002360461
      113.0000000000       -0.0010202554       -0.0008977192       -0.0007684708       -0.0006302741       -0.0005244072       -0.0003819106       -0.0003222910       -0.0002518554
      114.0000000000       -0.0010675470       -0.0009190557       -0.0007850439       -0.0006256316       -0.0005398813       -0.0004093458       -0.0003573016       -0.0002390093
      115.0000000000       -0.0010224376       -0.0009198306       -0.0007773676       -0.0006424616       -0.0005443891       -0.0004062220       -0.0003562367       -0.0002796097
      116.0000000000       -0.0010132237       -0.0008963330       -0.0007603947       -0.0006230377       -0.0005429755       -0.0004504549       -0.0003638551       -0.0002758214
      117.0000000000       -0.0009994090       -0.0009217780       -0.0008129460       -0.0006564111       -0.0005562433       -0.0004593611       -0.0003899313       -0.0002688577
      118.0000000000       -0.0009872623       -0.0009015775       -0.0007924696       -0.0006841127       -0.0005537989       -0.0004519820       -0.0003836883       -0.0002938347
      119.0000000000       -0.0010274501       -0.0009190240       -0.0008062511       -0.0006582643       -0.0005625960       -0.0004618339       -0.0004033899       -0.0002837743
      120.0000000000       -0.0010059653       -0.0008936878       -0.0007928952       -0.0006742279       -0.0005605361       -0.0004633445       -0.0003940500       -0.0002880280
      121.0000000000       -0.0009858670       -0.0009057159       -0.0008118911       -0.0007032626       -0.0006055660       -0.0004906241       -0.0003876362       -0.0003198980
      122.0000000000       -0.0010090089       -0.0009190550       -0.0008059361       -0.0007097878       -0.0006051141       -0.0005013487       -0.0003907953       -0.0003298086
      123.0000000000       -0.0010104917       -0.0009325465       -0.0008200396       -0.0007250507       -0.0006050995       -0.0005161135       -0.0004096455       -0.0003377070
      124.0000000000       -0.0010446436       -0.0009415288       -0.0008075901       -0.0006910497       -0.0006180541       -0.0005132084       -0.0004014022       -0.0003516433
      125.0000000000       -0.0010327340       -0.0009246014       -0.0008405523       -0.0006905155       -0.0005888335       -0.0005381778       -0.0004104951       -0.0003461408
      126.0000000000       -0.0010377915       -0.0009478387       -0.0008293180       -0.0007119995       -0.0006127684       -0.0005062984       -0.0004445686       -0.0003755710
      127.0000000000       -0.0010335751       -0.0008814582       -0.0008483809       -0.0007304407       -0.0005841123       -0.0005150925       -0.0004489194       -0.0003750121
      128.0000000000       -0.0010437677       -0.0009140467       -0.0008046959       -0.0007348622       -0.0006101938       -0.0005478008       -0.0004470608       -0.0003982474
      129.0000000000       -0.0010040530       -0.0009213779       -0.0008215819       -0.0007425774       -0.0006234007       -0.0005510911       -0.0004478986       -0.0003888812
      130.0000000000       -0.0010087739       -0.0009136071       -0.0008376130       -0.0007551182       -0.0006401324       -0.0005379058       -0.0004797222       -0.0004143766
      131.0000000000       -0.0010346386       -0.0009523186       -0.0008310238       -0.0007506404       -0.0006483130       -0.0005611962       -0.0004773104       -0.0004096129
      132.0000000000       -0.0010312619       -0.0009280819       -0.0008460756       -0.0007492904       -0.0006192424       -0.0005959918       -0.0004694396       -0.0004176447
      133.0000000000       -0.0010613987       -0.0009195615       -0.0008378054       -0.0007309720       -0.0006840832       -0.0005853773       -0.0004843727       -0.0003934261
      134.0000000000       -0.0010238267       -0.0009193011       -0.0008451805       -0.0007545782       -0.0006851145       -0.0005757507       -0.0005185854       -0.0004180802
      135.0000000000       -0.0010288212       -0.0009402955       -0.0008522231       -0.0007873031       -0.0006856171       -0.0005906126       -0.0004968022       -0.0004737415
      136.0000000000       -0.0009984895       -0.0009266046       -0.0008623834       -0.0007588387       -0.0006521352       -0.0005990226       -0.0005230660       -0.0004522013
      137.0000000000       -0.0010333514       -0.0009435371       -0.0008498841       -0.0007900959       -0.0006819730       -0.0006083566       -0.0005174779       -0.0004683270
      138.0000000000       -0.0010429851       -0.0009240866       -0.0008775152       -0.0007612054       -0.0006941998       -0.0006149834       -0.0005206115       -0.0004264389
      139.0000000000       -0.0010165216       -0.0009774435       -0.0008648365       -0.0007791090       -0.0007100882       -0.0006318487       -0.0005306501       -0.0004527391
      140.0000000000       -0.0010133114       -0.0009755517       -0.0008488979       -0.0007840077       -0.0006988766       -0.0006164949       -0.0005313936       -0.0004742840
      141.0000000000       -0.0010449305       -0.0009615896       -0.0008536014       -0.0007738918       -0.0007234209       -0.0006391466       -0.0005478201       -0.0004934123
      142.0000000000       -0.0010229351       -0.0009840430       -0.0008894629       -0.0007649531       -0.0007131169       -0.0006255315       -0.0005619012       -0.0004754475
      143.0000000000       -0.0010112150       -0.0009442288       -0.0008630022       -0.0007828637       -0.0007142647       -0.0006360693       -0.0005677909       -0.0005126245
      144.0000000000       -0.0010292143       -0.0009479970       -0.0008800904       -0.0007928541       -0.0007331241       -0.0006393352       -0.0005426352       -0.0004764263
      145.0000000000       -0.0010202338       -0.0009641256       -0.0008755684       -0.0007860721       -0.0007074832       -0.0006330869       -0.0005428973       -0.0005256736
      146.0000000000       -0.0010202543       -0.0009708997       -0.0008613135       -0.0007969236       -0.0007243817       -0.0006414066       -0.0005892533       -0.0005053858
      147.0000000000       -0.0010126540       -0.0009634310       -0.0008704945       -0.0008013300       -0.0007124608       -0.0006657476       -0.0006087537       -0.0004985523
      148.0000000000       -0.0010548609       -0.0009582293       -0.0008881854       -0.0008030854       -0.0007403669       -0.0006654651       -0.0005859847       -0.0005034444
      149.0000000000       -0.0010427672       -0.0009812989       -0.0008618746       -0.0008099653       -0.0007392127       -0.0006651363       -0.0005848716       -0.0005068088
      150.0000000000       -0.0010335889       -0.0009695322       -0.0008961094       -0.0008041696       -0.0007637367       -0.0006573468       -0.0005839902       -0.0005337138
      151.0000000000       -0.0010572227       -0.0009789647       -0.0008880272       -0.0008219399       -0.0007463418       -0.0006576617       -0.0005791658       -0.0005581307
      152.0000000000       -0.0010412392       -0.0009607188       -0.0008994960       -0.0008231075       -0.0007542114       -0.0006771883       -0.0006008237       -0.0005131881
      153.0000000000       -0.0010460328       -0.0009540176       -0.0009003077       -0.0008328873       -0.0007686840       -0.0006773612       -0.0006115837       -0.0005288308
      154.0000000000       -0.0010325813       -0.0009748564       -0.0009240735       -0.0008180657       -0.0007650770       -0.0006896060       -0.0006027442       -0.0005545091
      155.0000000000       -0.0010340036       -0.0009695996       -0.0008725872       -0.0008385126       -0.0007345329       -0.0006717806       -0.0006223531       -0.0005704191
      156.0000000000       -0.0010370496       -0.0010011962       -0.0008919594       -0.0008254399       -0.0007563295       -0.0006621023       -0.0006091985       -0.0005530917
      157.0000000000       -0.0010142034       -0.0009762777       -0.0008996747       -0.0008230882       -0.0007530711       -0.0006930810       -0.0006389783       -0.0005626650
      158.0000000000       -0.0010403234       -0.0009785987       -0.0008969155       -0.0008079572       -0.0007741823       -0.0007083358       -0.0006079174       -0.0005798011
      159.0000000000       -0.0010230825       -0.0010009711       -0.0009055391       -0.0008352460       -0.0007587001       -0.0007137926       -0.0006228259       -0.0005554206
      160.0000000000       -0.0010463083       -0.0009733168       -0.0009033358       -0.0008265806       -0.0007660977       -0.0007129145       -0.0006057962       -0.0005665191
      161.0000000000       -0.0010315847       -0.0009703132       -0.0009179045       -0.0008314281       -0.0007873910       -0.0007249331       -0.0006321640       -0.0005995255
      162.0000000000       -0.0010454342       -0.0010003019       -0.0009192892       -0.0008658415       -0.0007911758       -0.0007107297       -0.0006609943       -0.0006165244
      163.0000000000       -0.0010220206       -0.0009678818       -0.0009196007       -0.0008439662       -0.0007678649       -0.0007327583       -0.0006408048       -0.0005965921
      164.0000000000       -0.0010053071       -0.0009644016       -0.0009459310       -0.0008699004       -0.0007952287       -0.0007031381       -0.0006601858       -0.0005754488
      165.0000000000       -0.0010366568       -0.0009571450       -0.0009006872       -0.0008493973       -0.0007814328       -0.0007228809       -0.0006580863       -0.0006200295
      166.0000000000       -0.0010166269       -0.0009940186       -0.0009243903       -0.0008788396       -0.0008136517       -0.0007346899       -0.0006838245       -0.0006212740
      167.0000000000       -0.0010159372       -0.0009856810       -0.0009242796       -0.0008575833       -0.0007978181       -0.0007243424       -0.0006955098       -0.0006139681
      168.0000000000       -0.0009988080       -0.0009804831       -0.0009341698       -0.0008533897       -0.0008070179       -0.0007386541       -0.0006963453       -0.0006427057
      169.0000000000       -0.0010295339       -0.0009665469       -0.0009176869       -0.0008713858       -0.0008107758       -0.0007388315       -0.0006877531       -0.0006130642
      170.0000000000       -0.0010479428       -0.0009789358       -0.0009139224       -0.0008405521       -0.0008186560       -0.0007117891       -0.0006995010       -0.0006121008
      171.0000000000       -0.0010187503       -0.0009826251       -0.0009114510       -0.0008655195       -0.0007892683       -0.0007167247       -0.0006843367       -0.0006242727
      172.0000000000       -0.0010465491       -0.0009585366       -0.0008934714       -0.0008681777       -0.0008133354       -0.0007380140       -0.0007049450       -0.0006542226
      173.0000000000       -0.0010510400       -0.0009478002       -0.0009284231       -0.0008812528       -0.0008124490       -0.0007790389       -0.0006739282       -0.0006365363
      174.0000000000       -0.0010383112       -0.0009764048       -0.0009410850       -0.0008680853       -0.0008159023       -0.0007706363       -0.0007210363       -0.0006295386
      175.0000000000       -0.0010346277       -0.0009719199       -0.0009036025       -0.0008993775       -0.0008177080       -0.0007527967       -0.0007091806       -0.0006647904
      176.0000000000       -0.0010289383       -0.0009860999       -0.0009392374       -0.0008785810       -0.0008282801       -0.0007744101       -0.0007257119       -0.0006523665
      177.0000000000       -0.0010310530       -0.0009942783       -0.0009227107       -0.0008683697       -0.0007878672       -0.0007436770       -0.0007160122       -0.0006383297
      178.0000000000       -0.0010230630       -0.0010179862       -0.0009362559       -0.0008624880       -0.0008146928       -0.0007634899       -0.0007055708       -0.0006667519
      179.0000000000       -0.0010233160       -0.0009753716       -0.0009521007       -0.0008936624       -0.0008559651       -0.0007640256       -0.0006922324       -0.0006591279
      180.0000000000       -0.0010416091       -0.0009911572       -0.0009286970       -0.0008955137       -0.0008321099       -0.0007589097       -0.0007110544       -0.0006621249
      181.0000000000       -0.0010432275       -0.0009976823       -0.0009326084       -0.0008915077       -0.0008141407       -0.0007749460       -0.0007225319       -0.0006748814
      182.0000000000       -0.0010132491       -0.0010010270       -0.0009681146       -0.0008612809       -0.0008155536       -0.0007984936       -0.0007477250       -0.0006686732
      183.0000000000       -0.0010434032       -0.0009834700       -0.0009444494       -0.0008689049       -0.0008153464       -0.0007844221       -0.0007628404       -0.0006666304
      184.0000000000       -0.0010588417       -0.0009692708       -0.0009401494       -0.0008928459       -0.0008401491       -0.0007630123       -0.0007083020       -0.0006733098
      185.0000000000       -0.0010284632       -0.0009703363       -0.0008846090       -0.0008925533       -0.0008368284       -0.0007729970       -0.0007271852       -0.0006852502
      186.0000000000       -0.0010376535       -0.0009928936       -0.0009361557       -0.0008849135       -0.0008358263       -0.0008071921       -0.0007355754       -0.0007095058
      187.0000000000       -0.0010164661       -0.0010065224       -0.0009438121       -0.0008820056       -0.0008404385       -0.0007850146       -0.0007381733       -0.0006988499
      188.0000000000       -0.0010558458       -0.0009811116       -0.0009346792       -0.0008734845       -0.0008336063       -0.0007876873       -0.0007396042       -0.0007028485
      189.0000000000       -0.0010622329       -0.0009743272       -0.0009510187       -0.0009110670       -0.0008383047       -0.0007842567       -0.0007455455       -0.0006720783
      190.0000000000       -0.0010367130       -0.0009984882       -0.0009461293       -0.0009026218       -0.0008546058       -0.0008110285       -0.0007548503       -0.0007176341
      191.0000000000       -0.0010100558       -0.0009952532       -0.0009482360       -0.0008981389       -0.0008338187       -0.0007612091       -0.0007705342       -0.0007224365
      192.0000000000       -0.0010633393       -0.0009887360       -0.0009224044       -0.0008988797       -0.0008509811       -0.0007927115       -0.0007485736       -0.0007104242
      193.0000000000       -0.0010430209       -0.0009778256       -0.0009449191       -0.0008813352       -0.0008712400       -0.0007915898       -0.0007522208       -0.0007308908
      194.0000000000       -0.0010173045       -0.0009921543       -0.0009464864       -0.0009336709       -0.0008429941       -0.0008111852       -0.0007620596       -0.0007079851
      195.0000000000       -0.0010343025       -0.0009802762       -0.0009635014       -0.0009019813       -0.0008527516       -0.0008408684       -0.0007939209       -0.0007245637
      196.0000000000       -0.0010255310       -0.0009735478       -0.0009433065       -0.0008905133       -0.0008341517       -0.0008169248       -0.0007648872       -0.0007379664
      197.0000000000       -0.0010433660       -0.0010163720       -0.0009400244       -0.0009249885       -0.0008654992       -0.0008132456       -0.0007777860       -0.0007074066
      198.0000000000       -0.0010510047       -0.0010060927       -0.0009609743       -0.0009277685       -0.0008678821       -0.0008384369       -0.0007877234       -0.0007175618
      199.0000000000       -0.0010489038       -0.0009776192       -0.0009674709       -0.0009217881       -0.0008859283       -0.0008452306       -0.0007849003       -0.0007222779
      200.0000000000       -0.0010141411       -0.0010034340       -0.0009444776       -0.0008979073       -0.0008926801       -0.0008321938       -0.0007815385       -0.0007327832
      201.0000000000       -0.0010246171       -0.0010184336       -0.0009490975       -0.0009174507       -0.0008845244       -0.0008052360       -0.0007384745       -0.0007355819
      202.0000000000       -0.0009984137       -0.0009751596       -0.0009580933       -0.0009117130       -0.0009006921       -0.0008044759       -0.0008026028       -0.0007309760
      203.0000000000       -0.0010349383       -0.0009878666       -0.0009641476       -0.0008923557       -0.0008776727       -0.0008383126       -0.0007672573       -0.0007501023
      204.0000000000       -0.0010235450       -0.0009909737       -0.0009571428       -0.0009273772       -0.0008821195       -0.0008515717       -0.0007821361       -0.0007161823
      205.0000000000       -0.0010188272       -0.0009980364       -0.0009830287       -0.0009414555       -0.0008681720       -0.0008446019       -0.0007764889       -0.0007515668
      206.0000000000       -0.0010431119       -0.0010016333       -0.0009491351       -0.0009311098       -0.0008738756       -0.0008219938       -0.0007726711       -0.0007292883
      207.0000000000       -0.0010221093       -0.0010056719       -0.0009698598       -0.0009155969       -0.0008522322       -0.0008196698       -0.0007674773       -0.0007246749
      208.0000000000       -0.0010293951       -0.0009849079       -0.0009704371       -0.0009172417       -0.0008879559       -0.0008612175       -0.0007845090       -0.0007143515
      209.0000000000       -0.0010793542       -0.0010247677       -0.0009612588       -0.0009250066       -0.0008569496       -0.0008478804       -0.0008035332       -0.0007330937
      210.0000000000       -0.0010320659       -0.0010137923       -0.0009785435       -0.0009348855       -0.0008867485       -0.0008067147       -0.0007835227       -0.0007022335
      211.0000000000       -0.0010635959       -0.0009998816       -0.0009517754       -0.0009751910       -0.0008807899       -0.0008265612       -0.0007997845       -0.0007422942
      212.0000000000       -0.0010015184       -0.0010135851       -0.0009630379       -0.0009329360       -0.0008744216       -0.0008537122       -0.0008089233       -0.0007501496
      213.0000000000       -0.0010022355       -0.0009994679       -0.0009452994       -0.0008970701       -0.0008717244       -0.0008387502       -0.0007949090       -0.0007474912
      214.0000000000       -0.0010144237       -0.0009779407       -0.0009532332       -0.0009213631       -0.0009074345       -0.0008677548       -0.0007825081       -0.0007697300
      215.0000000000       -0.0010424232       -0.0010027582       -0.0009251994       -0.0009118747       -0.0009114882       -0.0008457367       -0.0008034731       -0.0007447028
      216.0000000000       -0.0010457174       -0.0009975615       -0.0009595785       -0.0009269342       -0.0008792614       -0.0008656355       -0.0007872659       -0.0007412885
      217.0000000000       -0.0010427527       -0.0010081867       -0.0009550361       -0.0009393397       -0.0008973483       -0.0008452747       -0.0007822964       -0.0007233946
      218.0000000000       -0.0010338800       -0.0009991091       -0.0009589197       -0.0009131749       -0.0008787315       -0.0008386183       -0.0007723927       -0.0007708961
      219.0000000000       -0.0010349501       -0.0010383242       -0.0009721716       -0.0009053277       -0.0008890705       -0.0008098147       -0.0007661486       -0.0007767556
      220.0000000000       -0.0010390927       -0.0010072120       -0.0009665263       -0.0009141320       -0.0008866159       -0.0008587277       -0.0008085024       -0.0007387913
      221.0000000000       -0.0010120123       -0.0010006755       -0.0009666166       -0.0009187213       -0.0009041720       -0.0008443034       -0.0007870180       -0.0007452416
      222.0000000000       -0.0010243650       -0.0010336008       -0.0009536031       -0.0009253119       -0.0008513468       -0.0008446091       -0.0007897128       -0.0007597207
      223.0000000000       -0.0010125548       -0.0010106638       -0.0009735689       -0.0009497017       -0.0008718610       -0.0008304244       -0.0007853273       -0.0007699686
      224.0000000000       -0.0010407910       -0.0009858284       -0.0009754108       -0.0009021025       -0.0008788646       -0.0008336670       -0.0007888013       -0.0007513711
      225.0000000000       -0.0010256773       -0.0009888155       -0.0009822548       -0.0009361728       -0.0008845192       -0.0008458073       -0.0008098828       -0.0007619011
      226.0000000000       -0.0010246323       -0.0009963514       -0.0009784796       -0.0009271270       -0.0008692064       -0.0008534230       -0.0008091948       -0.0007455196
      227.0000000000       -0.0010071887       -0.0010110875       -0.0009713726       -0.0009261400       -0.0008814313       -0.0008475292       -0.0008154179       -0.0007570391
      228.0000000000       -0.0010189926       -0.0009970666       -0.0009530898       -0.0009312515       -0.0008756639       -0.0008471909       -0.0008249694       -0.0007456065
      229.0000000000       -0.0010116856       -0.0010084993       -0.0009813640       -0.0009303771       -0.0008894700       -0.0008510438       -0.0007972881       -0.0007658763
      230.0000000000       -0.0010064406       -0.0010135339       -0.0009625384       -0.0009362475       -0.0009267287       -0.0008158258       -0.0008008327       -0.0007753758
      231.0000000000       -0.0010017367       -0.0009880697       -0.0009721302       -0.0009223152       -0.0008858110       -0.0008524797       -0.0008227790       -0.0007612405
      232.0000000000       -0.0010199132       -0.0009892696       -0.0009758096       -0.0009214572       -0.0008750849       -0.0008732696       -0.0008177510       -0.0007645277
      233.0000000000       -0.0010438457       -0.0009857860       -0.0009395373       -0.0009423579       -0.0009299456       -0.0008660370       -0.0007873021       -0.0007670336
      234.0000000000       -0.0010480667       -0.0009945052       -0.0009784655       -0.0009591417       -0.0008941145       -0.0008366986       -0.0008206161       -0.0007891332
      235.0000000000       -0.0010477638       -0.0009883285       -0.0009337941       -0.0009356858       -0.0008992697       -0.0008320497       -0.0008059911       -0.0007785411
      236.0000000000       -0.0010269033       -0.0010026424       -0.0009541024       -0.0009194894       -0.0008937747       -0.0008506661       -0.0008055891       -0.0007858820
      237.0000000000       -0.0010162379       -0.0009791804       -0.0009487205       -0.0009381044       -0.0009021048       -0.0008317728       -0.0008093835       -0.0007875111
      238.0000000000       -0.0010171193       -0.0010014969       -0.0009748657       -0.0009354729       -0.0008803878       -0.0008537587       -0.0008026752       -0.0007697237
      239.0000000000       -0.0010192775       -0.0009835970       -0.0009891218       -0.0009162467       -0.0008700515       -0.0008211806       -0.0008027019       -0.0007755546
      240.0000000000       -0.0010164925       -0.0010093618       -0.0009864473       -0.0009219265       -0.0008990640       -0.0008229217       -0.0008392576       -0.0007481933
      241.0000000000       -0.0010218296       -0.0009854846       -0.0009670988       -0.0009362064       -0.0008645447       -0.0008315305       -0.0008331161       -0.0007952526
      242.0000000000       -0.0010279232       -0.0010119558       -0.0009776584       -0.0009144432       -0.0008794703       -0.0008768651       -0.0007968997       -0.0007532222
      243.0000000000       -0.0010051383       -0.0010058771       -0.0009688441       -0.0009058870       -0.0009044431       -0.0008713583       -0.0008028946       -0.0007666937
      244.0000000000       -0.0010282458       -0.0010199374       -0.0009860015       -0.0009421991       -0.0009165407       -0.0008583286       -0.0008067615       -0.0007726598
      245.0000000000       -0.0010299107       -0.0010125506       -0.0009653337       -0.0009439690       -0.0009068861       -0.0008348692       -0.0008251726       -0.0007727551
      246.0000000000       -0.0010192888       -0.0009851668       -0.0009715773       -0.0009427817       -0.0009106926       -0.0008387646       -0.0008102567       -0.0007588713
      247.0000000000       -0.0010264260       -0.0010009967       -0.0009582509       -0.0009350775       -0.0009020906       -0.0008481212       -0.0008166890       -0.0007615223
      248.0000000000       -0.0010234782       -0.0009791487       -0.0009580119       -0.0009310634       -0.0008900980       -0.0008580766       -0.0008245944       -0.0007754546
      249.0000000000       -0.0010090644       -0.0010200830       -0.0009602911       -0.0009478570       -0.0009133363       -0.0008716513       -0.0008428047       -0.0007773174
      250.0000000000       -0.0010135656       -0.0009847368       -0.0009569859       -0.0009370396       -0.0008947126       -0.0008747697       -0.0008472184       -0.0007854589
      251.0000000000       -0.0010319746       -0.0009759254       -0.0009535684       -0.0009276525       -0.0009065896       -0.0008708444       -0.0008431669       -0.0007742014
      252.0000000000       -0.0010054029       -0.0009972726       -0.0009573243       -0.0009527078       -0.0009128486       -0.0008513650       -0.0008126710       -0.0007847012
      253.0000000000       -0.0010106732       -0.0009871133       -0.0009676845       -0.0009336048       -0.0009057341       -0.0008746489       -0.0008225875       -0.0007868887
      254.0000000000       -0.0010433810       -0.0009931361       -0.0009837376       -0.0009278065       -0.0008838813       -0.0008721729       -0.0008267659       -0.0008083193
      255.0000000000       -0.0010101314       -0.0010062722       -0.0009452283       -0.0009203039       -0.0009001444       -0.0008406392       -0.0007982584       -0.0007742911
