        0.0000000000        0.0463788219
        1.0000000000        0.0221648620
        2.0000000000        0.0155394670
        3.0000000000        0.0122165479
        4.0000000000        0.0101509209
        5.0000000000        0.0087138201
        6.0000000000        0.0076407777
        7.0000000000        0.0068057101
        8.0000000000        0.0061343325
        9.0000000000        0.0055785603
       10.0000000000        0.0051113396
       11.0000000000        0.0047048171
       12.0000000000        0.0043559967
       13.0000000000        0.0040513521
       14.0000000000        0.0037805344
       15.0000000000        0.0035393302
       16.0000000000        0.0033206604
       17.0000000000        0.0031211089
       18.0000000000        0.0029416983
       19.0000000000        0.0027750659
       20.0000000000        0.0026254039
       21.0000000000        0.0024860609
       22.0000000000        0.0023577422
       23.0000000000        0.0022373832
       24.0000000000        0.0021268862
       25.0000000000        0.0020244271
       26.0000000000        0.0019295886
       27.0000000000        0.0018377191
       28.0000000000        0.0017515856
       29.0000000000        0.0016704267
       30.0000000000        0.0015950365
       31.0000000000        0.0015223770
       32.0000000000        0.0014575510
       33.0000000000        0.0013925834
       34.0000000000        0.0013328824
       35.0000000000        0.0012742409
       36.0000000000        0.0012211162
       37.0000000000        0.0011701352
       38.0000000000        0.0011201584
       39.0000000000        0.0010731178
       40.0000000000        0.0010291004
       41.0000000000        0.0009869887
       42.0000000000        0.0009470450
       43.0000000000        0.0009083858
       44.0000000000        0.0008695634
       45.0000000000        0.0008329663
       46.0000000000        0.0007985508
       47.0000000000        0.0007668164
       48.0000000000        0.0007363256
       49.0000000000        0.0007056352
       50.0000000000        0.0006773702
       51.0000000000        0.0006490345
       52.0000000000        0.0006223481
       53.0000000000        0.0005959803
       54.0000000000        0.0005734686
       55.0000000000        0.0005489554
       56.0000000000        0.0005258370
       57.0000000000        0.0005055015
       58.0000000000        0.0004854458
       59.0000000000        0.0004645465
       60.0000000000        0.0004478289
       61.0000000000        0.0004268639
       62.0000000000        0.0004065797
       63.0000000000        0.0003893836
       64.0000000000        0.0003722317
       65.0000000000        0.0003546165
       66.0000000000        0.0003410041
       67.0000000000        0.0003256171
       68.0000000000        0.0003116171
       69.0000000000        0.0002985343
       70.0000000000        0.0002853061
       71.0000000000        0.0002714500
       72.0000000000        0.0002591962
       73.0000000000        0.0002472824
       74.0000000000        0.0002369678
       75.0000000000        0.0002261006
       76.0000000000        0.0002136003
       77.0000000000        0.0002054424
       78.0000000000        0.0001960888
       79.0000000000        0.0001870862
       80.0000000000        0.0001777337
       81.0000000000        0.0001701389
       82.0000000000        0.0001596668
       83.0000000000        0.0001502643
       84.0000000000        0.0001418354
       85.0000000000        0.0001329053
       86.0000000000        0.0001255096
       87.0000000000        0.0001182752
       88.0000000000        0.0001120603
       89.0000000000        0.0001038997
       90.0000000000        0.0000968532
       91.0000000000        0.0000924937
       92.0000000000        0.0000877763
       93.0000000000        0.0000832299
       94.0000000000        0.0000762787
       95.0000000000        0.0000730710
       96.0000000000        0.0000686102
       97.0000000000        0.0000633768
       98.0000000000        0.0000595215
       99.0000000000        0.0000554490
      100.0000000000        0.0000508064
      101.0000000000        0.0000467299
      102.0000000000        0.0000430889
      103.0000000000        0.0000365871
      104.0000000000        0.0000334526
      105.0000000000        0.0000275023
      106.0000000000        0.0000265050
      107.0000000000        0.0000253357
      108.0000000000        0.0000222281
      109.0000000000        0.0000183807
      110.0000000000        0.0000166842
      111.0000000000        0.0000165216
      112.0000000000        0.0000132656
      113.0000000000        0.0000118249
      114.0000000000        0.0000093829
      115.0000000000        0.0000054609
      116.0000000000        0.0000029583
      117.0000000000        0.0000046253
      118.0000000000        0.0000028503
      119.0000000000        0.0000001020
      120.0000000000        0.0000010330
      121.0000000000        0.0000008631
      122.0000000000       -0.0000008275
      123.0000000000       -0.0000006958
      124.0000000000       -0.0000014866
      125.0000000000       -0.0000018459
      126.0000000000       -0.0000011855
      127.0000000000       -0.0000018506
      128.0000000000       -0.0000004989
