        0.0000000000        0.0165259435
        1.0000000000        0.0081820335
        2.0000000000        0.0058009449
        3.0000000000        0.0045881726
        4.0000000000        0.0038214318
        5.0000000000        0.0032863823
        6.0000000000        0.0028858499
        7.0000000000        0.0025737005
        8.0000000000        0.0023204191
        9.0000000000        0.0021109189
       10.0000000000        0.0019314523
       11.0000000000        0.0017793923
       12.0000000000        0.0016494360
       13.0000000000        0.0015347617
       14.0000000000        0.0014329463
       15.0000000000        0.0013415050
       16.0000000000        0.0012536443
       17.0000000000        0.0011766163
       18.0000000000        0.0011105653
       19.0000000000        0.0010448927
       20.0000000000        0.0009896801
       21.0000000000        0.0009432487
       22.0000000000        0.0008927375
       23.0000000000        0.0008530001
       24.0000000000        0.0008121429
       25.0000000000        0.0007705743
       26.0000000000        0.0007350645
       27.0000000000        0.0006969693
       28.0000000000        0.0006624643
       29.0000000000        0.0006306545
       30.0000000000        0.0006019738
       31.0000000000        0.0005764459
       32.0000000000        0.0005544061
       33.0000000000        0.0005250632
       34.0000000000        0.0004971456
       35.0000000000        0.0004779704
       36.0000000000        0.0004572760
       37.0000000000        0.0004389632
       38.0000000000        0.0004143976
       39.0000000000        0.0003980452
       40.0000000000        0.0003784408
       41.0000000000        0.0003604613
       42.0000000000        0.0003518695
       43.0000000000        0.0003321923
       44.0000000000        0.0003206970
       45.0000000000        0.0003093946
       46.0000000000        0.0002989797
       47.0000000000        0.0002865028
       48.0000000000        0.0002676435
       49.0000000000        0.0002548462
       50.0000000000        0.0002448790
       51.0000000000        0.0002365214
       52.0000000000        0.0002257885
       53.0000000000        0.0002196447
       54.0000000000        0.0002119671
       55.0000000000        0.0002030184
       56.0000000000        0.0001931373
       57.0000000000        0.0001838473
       58.0000000000        0.0001800346
       59.0000000000        0.0001710513
       60.0000000000        0.0001713940
       61.0000000000        0.0001600493
       62.0000000000        0.0001553822
       63.0000000000        0.0001537184
       64.0000000000        0.0001418062
       65.0000000000        0.0001309546
       66.0000000000        0.0001259225
       67.0000000000        0.0001184593
       68.0000000000        0.0001166969
       69.0000000000        0.0001100098
       70.0000000000        0.0001036676
       71.0000000000        0.0000995653
       72.0000000000        0.0000978859
       73.0000000000        0.0001011558
       74.0000000000        0.0000968794
       75.0000000000        0.0000926492
       76.0000000000        0.0000897648
       77.0000000000        0.0000812520
       78.0000000000        0.0000796455
       79.0000000000        0.0000757065
       80.0000000000        0.0000715847
       81.0000000000        0.0000771819
       82.0000000000        0.0000741818
       83.0000000000        0.0000652197
       84.0000000000        0.0000664225
       85.0000000000        0.0000610952
       86.0000000000        0.0000598451
       87.0000000000        0.0000610026
       88.0000000000        0.0000592947
       89.0000000000        0.0000517888
       90.0000000000        0.0000470990
       91.0000000000        0.0000471604
       92.0000000000        0.0000438412
       93.0000000000        0.0000486644
       94.0000000000        0.0000443528
       95.0000000000        0.0000360039
       96.0000000000        0.0000378992
       97.0000000000        0.0000364791
       98.0000000000        0.0000388560
       99.0000000000        0.0000267432
      100.0000000000        0.0000242624
      101.0000000000        0.0000255796
      102.0000000000        0.0000195792
      103.0000000000        0.0000230918
      104.0000000000        0.0000250130
      105.0000000000        0.0000144418
      106.0000000000        0.0000101930
      107.0000000000        0.0000084285
      108.0000000000        0.0000107900
      109.0000000000        0.0000139999
      110.0000000000        0.0000009373
      111.0000000000       -0.0000000226
      112.0000000000        0.0000005879
      113.0000000000        0.0000030478
      114.0000000000        0.0000044273
      115.0000000000        0.0000025499
      116.0000000000        0.0000019101
      117.0000000000        0.0000078457
      118.0000000000        0.0000105907
      119.0000000000        0.0000140909
      120.0000000000        0.0000134633
      121.0000000000        0.0000089374
      122.0000000000        0.0000110738
      123.0000000000        0.0000130017
      124.0000000000        0.0000097627
      125.0000000000        0.0000093630
      126.0000000000        0.0000140044
      127.0000000000        0.0000147927
      128.0000000000        0.0000200467
