        0.0000000000        0.0162308704
        1.0000000000        0.0080804113
        2.0000000000        0.0057398973
        3.0000000000        0.0045452029
        4.0000000000        0.0037986368
        5.0000000000        0.0032712636
        6.0000000000        0.0028677171
        7.0000000000        0.0025572386
        8.0000000000        0.0023029428
        9.0000000000        0.0020966245
       10.0000000000        0.0019199040
       11.0000000000        0.0017684570
       12.0000000000        0.0016444918
       13.0000000000        0.0015261829
       14.0000000000        0.0014208057
       15.0000000000        0.0013256907
       16.0000000000        0.0012469498
       17.0000000000        0.0011699615
       18.0000000000        0.0011031970
       19.0000000000        0.0010391414
       20.0000000000        0.0009900155
       21.0000000000        0.0009378493
       22.0000000000        0.0008918167
       23.0000000000        0.0008494186
       24.0000000000        0.0008166107
       25.0000000000        0.0007853371
       26.0000000000        0.0007486595
       27.0000000000        0.0007034731
       28.0000000000        0.0006754717
       29.0000000000        0.0006436192
       30.0000000000        0.0006023484
       31.0000000000        0.0005773094
       32.0000000000        0.0005537101
       33.0000000000        0.0005322081
       34.0000000000        0.0005050253
       35.0000000000        0.0004836762
       36.0000000000        0.0004741577
       37.0000000000        0.0004490329
       38.0000000000        0.0004201110
       39.0000000000        0.0004059063
       40.0000000000        0.0003910732
       41.0000000000        0.0003753504
       42.0000000000        0.0003682610
       43.0000000000        0.0003510680
       44.0000000000        0.0003285978
       45.0000000000        0.0003131698
       46.0000000000        0.0003042490
       47.0000000000        0.0002899289
       48.0000000000        0.0002686185
       49.0000000000        0.0002579428
       50.0000000000        0.0002493786
       51.0000000000        0.0002421082
       52.0000000000        0.0002245244
       53.0000000000        0.0002236678
       54.0000000000        0.0002149704
       55.0000000000        0.0002049575
       56.0000000000        0.0001881336
       57.0000000000        0.0001787225
       58.0000000000        0.0001648088
       59.0000000000        0.0001558097
       60.0000000000        0.0001648433
       61.0000000000        0.0001521200
       62.0000000000        0.0001537175
       63.0000000000        0.0001516245
       64.0000000000        0.0001373037
       65.0000000000        0.0001257890
       66.0000000000        0.0001255453
       67.0000000000        0.0001249388
       68.0000000000        0.0001257265
       69.0000000000        0.0001149471
       70.0000000000        0.0001054166
       71.0000000000        0.0000970613
       72.0000000000        0.0000976262
       73.0000000000        0.0001027918
       74.0000000000        0.0000957172
       75.0000000000        0.0000912945
       76.0000000000        0.0000781549
       77.0000000000        0.0000728756
       78.0000000000        0.0000686391
       79.0000000000        0.0000614211
       80.0000000000        0.0000613483
       81.0000000000        0.0000697967
       82.0000000000        0.0000636676
       83.0000000000        0.0000646547
       84.0000000000        0.0000611182
       85.0000000000        0.0000609069
       86.0000000000        0.0000598630
       87.0000000000        0.0000620351
       88.0000000000        0.0000622681
       89.0000000000        0.0000537068
       90.0000000000        0.0000466594
       91.0000000000        0.0000467565
       92.0000000000        0.0000403437
       93.0000000000        0.0000351283
       94.0000000000        0.0000232574
       95.0000000000        0.0000230345
       96.0000000000        0.0000374309
       97.0000000000        0.0000339460
       98.0000000000        0.0000390076
       99.0000000000        0.0000249343
      100.0000000000        0.0000173802
      101.0000000000        0.0000093403
      102.0000000000        0.0000027002
      103.0000000000        0.0000098451
      104.0000000000        0.0000133481
      105.0000000000        0.0000103238
      106.0000000000        0.0000079274
      107.0000000000        0.0000093498
      108.0000000000        0.0000062646
      109.0000000000        0.0000135175
      110.0000000000        0.0000015928
      111.0000000000       -0.0000013696
      112.0000000000       -0.0000044295
      113.0000000000        0.0000003261
      114.0000000000        0.0000003775
      115.0000000000        0.0000038397
      116.0000000000        0.0000009893
      117.0000000000        0.0000099476
      118.0000000000        0.0000159377
      119.0000000000        0.0000189982
      120.0000000000        0.0000167723
      121.0000000000        0.0000171598
      122.0000000000        0.0000234982
      123.0000000000        0.0000240371
      124.0000000000        0.0000185078
      125.0000000000        0.0000120713
      126.0000000000        0.0000099786
      127.0000000000        0.0000094746
      128.0000000000        0.0000120812
