        0.0000000000        0.0225069546
        1.0000000000        0.0068042731
        2.0000000000        0.0042212290
        3.0000000000        0.0031979903
        4.0000000000        0.0026302876
        5.0000000000        0.0022648360
        6.0000000000        0.0020032039
        7.0000000000        0.0018042077
        8.0000000000        0.0016479327
        9.0000000000        0.0015197326
       10.0000000000        0.0014134121
       11.0000000000        0.0013246838
       12.0000000000        0.0012458942
       13.0000000000        0.0011773090
       14.0000000000        0.0011151433
       15.0000000000        0.0010607141
       16.0000000000        0.0010119129
       17.0000000000        0.0009671998
       18.0000000000        0.0009267342
       19.0000000000        0.0008910971
       20.0000000000        0.0008579344
       21.0000000000        0.0008263473
       22.0000000000        0.0007987202
       23.0000000000        0.0007701356
       24.0000000000        0.0007454424
       25.0000000000        0.0007206866
       26.0000000000        0.0007000129
       27.0000000000        0.0006786851
       28.0000000000        0.0006587992
       29.0000000000        0.0006431091
       30.0000000000        0.0006248970
       31.0000000000        0.0006065400
       32.0000000000        0.0005909601
       33.0000000000        0.0005762612
       34.0000000000        0.0005611451
       35.0000000000        0.0005481478
       36.0000000000        0.0005329896
       37.0000000000        0.0005205592
       38.0000000000        0.0005103102
       39.0000000000        0.0004965242
       40.0000000000        0.0004871817
       41.0000000000        0.0004769748
       42.0000000000        0.0004679876
       43.0000000000        0.0004584114
       44.0000000000        0.0004499677
       45.0000000000        0.0004400206
       46.0000000000        0.0004319242
       47.0000000000        0.0004230022
       48.0000000000        0.0004168693
       49.0000000000        0.0004079855
       50.0000000000        0.0004001961
       51.0000000000        0.0003942835
       52.0000000000        0.0003864494
       53.0000000000        0.0003784231
       54.0000000000        0.0003711228
       55.0000000000        0.0003639833
       56.0000000000        0.0003576935
       57.0000000000        0.0003533034
       58.0000000000        0.0003470027
       59.0000000000        0.0003432292
       60.0000000000        0.0003362097
       61.0000000000        0.0003307543
       62.0000000000        0.0003266695
       63.0000000000        0.0003211767
       64.0000000000        0.0003163062
       65.0000000000        0.0003114150
       66.0000000000        0.0003054974
       67.0000000000        0.0003006126
       68.0000000000        0.0002958423
       69.0000000000        0.0002916965
       70.0000000000        0.0002857172
       71.0000000000        0.0002823025
       72.0000000000        0.0002778389
       73.0000000000        0.0002725200
       74.0000000000        0.0002685544
       75.0000000000        0.0002669460
       76.0000000000        0.0002618125
       77.0000000000        0.0002577434
       78.0000000000        0.0002548352
       79.0000000000        0.0002513283
       80.0000000000        0.0002484996
       81.0000000000        0.0002443695
       82.0000000000        0.0002404659
       83.0000000000        0.0002373906
       84.0000000000        0.0002352974
       85.0000000000        0.0002321526
       86.0000000000        0.0002276804
       87.0000000000        0.0002274321
       88.0000000000        0.0002228395
       89.0000000000        0.0002193829
       90.0000000000        0.0002180085
       91.0000000000        0.0002138718
       92.0000000000        0.0002109723
       93.0000000000        0.0002078939
       94.0000000000        0.0002029699
       95.0000000000        0.0002027952
       96.0000000000        0.0001987421
       97.0000000000        0.0001965409
       98.0000000000        0.0001948073
       99.0000000000        0.0001930114
      100.0000000000        0.0001918933
      101.0000000000        0.0001899272
      102.0000000000        0.0001849095
      103.0000000000        0.0001841529
      104.0000000000        0.0001824979
      105.0000000000        0.0001793334
      106.0000000000        0.0001769070
      107.0000000000        0.0001751052
      108.0000000000        0.0001710025
      109.0000000000        0.0001704549
      110.0000000000        0.0001683696
      111.0000000000        0.0001666933
      112.0000000000        0.0001643356
      113.0000000000        0.0001621897
      114.0000000000        0.0001612467
      115.0000000000        0.0001609155
      116.0000000000        0.0001574967
      117.0000000000        0.0001554270
      118.0000000000        0.0001537390
      119.0000000000        0.0001519457
      120.0000000000        0.0001500465
      121.0000000000        0.0001489300
      122.0000000000        0.0001468576
      123.0000000000        0.0001466838
      124.0000000000        0.0001421248
      125.0000000000        0.0001437296
      126.0000000000        0.0001406505
      127.0000000000        0.0001400898
      128.0000000000        0.0001383834
      129.0000000000        0.0001346068
      130.0000000000        0.0001356143
      131.0000000000        0.0001318790
      132.0000000000        0.0001315067
      133.0000000000        0.0001307134
      134.0000000000        0.0001283646
      135.0000000000        0.0001273539
      136.0000000000        0.0001234776
      137.0000000000        0.0001250402
      138.0000000000        0.0001229443
      139.0000000000        0.0001212461
      140.0000000000        0.0001202348
      141.0000000000        0.0001179741
      142.0000000000        0.0001155937
      143.0000000000        0.0001167796
      144.0000000000        0.0001155718
      145.0000000000        0.0001147655
      146.0000000000        0.0001120206
      147.0000000000        0.0001109854
      148.0000000000        0.0001114489
      149.0000000000        0.0001087280
      150.0000000000        0.0001067113
      151.0000000000        0.0001057896
      152.0000000000        0.0001052818
      153.0000000000        0.0001024990
      154.0000000000        0.0001013327
      155.0000000000        0.0000997212
      156.0000000000        0.0000997017
      157.0000000000        0.0000992017
      158.0000000000        0.0000978876
      159.0000000000        0.0000996026
      160.0000000000        0.0000974005
      161.0000000000        0.0000987353
      162.0000000000        0.0000962863
      163.0000000000        0.0000943678
      164.0000000000        0.0000945608
      165.0000000000        0.0000936644
      166.0000000000        0.0000907299
      167.0000000000        0.0000886216
      168.0000000000        0.0000896776
      169.0000000000        0.0000889159
      170.0000000000        0.0000893756
      171.0000000000        0.0000869532
      172.0000000000        0.0000862797
      173.0000000000        0.0000850500
      174.0000000000        0.0000843303
      175.0000000000        0.0000820660
      176.0000000000        0.0000812736
      177.0000000000        0.0000808917
      178.0000000000        0.0000794680
      179.0000000000        0.0000785472
      180.0000000000        0.0000766832
      181.0000000000        0.0000768389
      182.0000000000        0.0000765604
      183.0000000000        0.0000777029
      184.0000000000        0.0000745691
      185.0000000000        0.0000743624
      186.0000000000        0.0000718979
      187.0000000000        0.0000716821
      188.0000000000        0.0000716162
      189.0000000000        0.0000701954
      190.0000000000        0.0000693624
      191.0000000000        0.0000684575
      192.0000000000        0.0000668716
      193.0000000000        0.0000666773
      194.0000000000        0.0000676356
      195.0000000000        0.0000652027
      196.0000000000        0.0000627079
      197.0000000000        0.0000629878
      198.0000000000        0.0000620228
      199.0000000000        0.0000634291
      200.0000000000        0.0000630653
      201.0000000000        0.0000593987
      202.0000000000        0.0000593975
      203.0000000000        0.0000604887
      204.0000000000        0.0000587636
      205.0000000000        0.0000566806
      206.0000000000        0.0000573177
      207.0000000000        0.0000570482
      208.0000000000        0.0000579814
      209.0000000000        0.0000567754
      210.0000000000        0.0000551283
      211.0000000000        0.0000558906
      212.0000000000        0.0000554171
      213.0000000000        0.0000539168
      214.0000000000        0.0000534162
      215.0000000000        0.0000526467
      216.0000000000        0.0000515468
      217.0000000000        0.0000507339
      218.0000000000        0.0000506494
      219.0000000000        0.0000505289
      220.0000000000        0.0000549552
      221.0000000000        0.0000527403
      222.0000000000        0.0000505392
      223.0000000000        0.0000511689
      224.0000000000        0.0000515242
      225.0000000000        0.0000488002
      226.0000000000        0.0000491673
      227.0000000000        0.0000480693
      228.0000000000        0.0000491061
      229.0000000000        0.0000478090
      230.0000000000        0.0000472557
      231.0000000000        0.0000458129
      232.0000000000        0.0000444434
      233.0000000000        0.0000456019
      234.0000000000        0.0000439881
      235.0000000000        0.0000422596
      236.0000000000        0.0000420689
      237.0000000000        0.0000419795
      238.0000000000        0.0000429303
      239.0000000000        0.0000411008
      240.0000000000        0.0000413430
      241.0000000000        0.0000423036
      242.0000000000        0.0000404603
      243.0000000000        0.0000394737
      244.0000000000        0.0000396129
      245.0000000000        0.0000382061
      246.0000000000        0.0000387533
      247.0000000000        0.0000371189
      248.0000000000        0.0000384666
      249.0000000000        0.0000379486
      250.0000000000        0.0000371082
      251.0000000000        0.0000381088
      252.0000000000        0.0000370435
      253.0000000000        0.0000362056
      254.0000000000        0.0000356226
      255.0000000000        0.0000361011
      256.0000000000        0.0000352705
      257.0000000000        0.0000348536
      258.0000000000        0.0000348911
      259.0000000000        0.0000339317
      260.0000000000        0.0000356510
      261.0000000000        0.0000340279
      262.0000000000        0.0000336239
      263.0000000000        0.0000314006
      264.0000000000        0.0000295536
      265.0000000000        0.0000316067
      266.0000000000        0.0000298140
      267.0000000000        0.0000293561
      268.0000000000        0.0000288421
      269.0000000000        0.0000311269
      270.0000000000        0.0000317183
      271.0000000000        0.0000298963
      272.0000000000        0.0000280860
      273.0000000000        0.0000285373
      274.0000000000        0.0000295930
      275.0000000000        0.0000276194
      276.0000000000        0.0000269871
      277.0000000000        0.0000269926
      278.0000000000        0.0000288173
      279.0000000000        0.0000279983
      280.0000000000        0.0000285423
      281.0000000000        0.0000260003
      282.0000000000        0.0000270564
      283.0000000000        0.0000255702
      284.0000000000        0.0000257376
      285.0000000000        0.0000276613
      286.0000000000        0.0000245900
      287.0000000000        0.0000261531
      288.0000000000        0.0000244663
      289.0000000000        0.0000218261
      290.0000000000        0.0000228898
      291.0000000000        0.0000213257
      292.0000000000        0.0000238100
      293.0000000000        0.0000232969
      294.0000000000        0.0000227577
      295.0000000000        0.0000229665
      296.0000000000        0.0000208814
      297.0000000000        0.0000223732
      298.0000000000        0.0000190826
      299.0000000000        0.0000195867
      300.0000000000        0.0000197659
      301.0000000000        0.0000207163
      302.0000000000        0.0000212581
      303.0000000000        0.0000196625
      304.0000000000        0.0000202889
      305.0000000000        0.0000190087
      306.0000000000        0.0000172624
      307.0000000000        0.0000175274
      308.0000000000        0.0000160228
      309.0000000000        0.0000172144
      310.0000000000        0.0000165390
      311.0000000000        0.0000172471
      312.0000000000        0.0000178836
      313.0000000000        0.0000171453
      314.0000000000        0.0000182067
      315.0000000000        0.0000154765
      316.0000000000        0.0000171786
      317.0000000000        0.0000167911
      318.0000000000        0.0000171725
      319.0000000000        0.0000158760
      320.0000000000        0.0000166646
      321.0000000000        0.0000171365
      322.0000000000        0.0000172705
      323.0000000000        0.0000148334
      324.0000000000        0.0000173910
      325.0000000000        0.0000157086
      326.0000000000        0.0000156175
      327.0000000000        0.0000146307
      328.0000000000        0.0000158560
      329.0000000000        0.0000163426
      330.0000000000        0.0000163766
      331.0000000000        0.0000161941
      332.0000000000        0.0000170789
      333.0000000000        0.0000147887
      334.0000000000        0.0000153590
      335.0000000000        0.0000144475
      336.0000000000        0.0000152549
      337.0000000000        0.0000156666
      338.0000000000        0.0000147417
      339.0000000000        0.0000130888
      340.0000000000        0.0000124226
      341.0000000000        0.0000124744
      342.0000000000        0.0000120606
      343.0000000000        0.0000142956
      344.0000000000        0.0000141549
      345.0000000000        0.0000142076
      346.0000000000        0.0000118802
      347.0000000000        0.0000115149
      348.0000000000        0.0000099628
      349.0000000000        0.0000097055
      350.0000000000        0.0000105496
      351.0000000000        0.0000095215
      352.0000000000        0.0000074679
      353.0000000000        0.0000117188
      354.0000000000        0.0000122160
      355.0000000000        0.0000114477
      356.0000000000        0.0000103464
      357.0000000000        0.0000090018
      358.0000000000        0.0000088276
      359.0000000000        0.0000093959
      360.0000000000        0.0000103781
      361.0000000000        0.0000091400
      362.0000000000        0.0000090127
      363.0000000000        0.0000096211
      364.0000000000        0.0000100474
      365.0000000000        0.0000069072
      366.0000000000        0.0000082895
      367.0000000000        0.0000085240
      368.0000000000        0.0000085699
      369.0000000000        0.0000096567
      370.0000000000        0.0000085737
      371.0000000000        0.0000077624
      372.0000000000        0.0000084283
      373.0000000000        0.0000060692
      374.0000000000        0.0000071721
      375.0000000000        0.0000079717
      376.0000000000        0.0000064049
      377.0000000000        0.0000060413
      378.0000000000        0.0000052291
      379.0000000000        0.0000061285
      380.0000000000        0.0000051760
      381.0000000000        0.0000031244
      382.0000000000        0.0000021110
      383.0000000000        0.0000032343
      384.0000000000        0.0000034821
      385.0000000000        0.0000052291
      386.0000000000        0.0000038393
      387.0000000000        0.0000054582
      388.0000000000        0.0000047806
      389.0000000000        0.0000061709
      390.0000000000        0.0000041002
      391.0000000000        0.0000047521
      392.0000000000        0.0000053610
      393.0000000000        0.0000046238
      394.0000000000        0.0000051982
      395.0000000000        0.0000065395
      396.0000000000        0.0000083238
      397.0000000000        0.0000057131
      398.0000000000        0.0000060129
      399.0000000000        0.0000056924
      400.0000000000        0.0000056061
      401.0000000000        0.0000040835
      402.0000000000        0.0000054764
      403.0000000000        0.0000035334
      404.0000000000        0.0000031293
      405.0000000000        0.0000048893
      406.0000000000        0.0000024775
      407.0000000000        0.0000029925
      408.0000000000        0.0000019070
      409.0000000000        0.0000021209
      410.0000000000        0.0000006845
      411.0000000000        0.0000034413
      412.0000000000        0.0000033991
      413.0000000000        0.0000019724
      414.0000000000        0.0000022480
      415.0000000000        0.0000009314
      416.0000000000        0.0000027841
      417.0000000000        0.0000017143
      418.0000000000        0.0000029016
      419.0000000000        0.0000019245
      420.0000000000        0.0000010958
      421.0000000000        0.0000012767
      422.0000000000        0.0000021451
      423.0000000000        0.0000028099
      424.0000000000        0.0000018088
      425.0000000000        0.0000020355
      426.0000000000       -0.0000000274
      427.0000000000        0.0000004149
      428.0000000000        0.0000012631
      429.0000000000        0.0000016701
      430.0000000000        0.0000020471
      431.0000000000        0.0000013807
      432.0000000000        0.0000006834
      433.0000000000        0.0000018294
      434.0000000000        0.0000013435
      435.0000000000        0.0000001846
      436.0000000000       -0.0000008662
      437.0000000000        0.0000015579
      438.0000000000        0.0000006779
      439.0000000000        0.0000004217
      440.0000000000       -0.0000008894
      441.0000000000        0.0000007490
      442.0000000000       -0.0000010195
      443.0000000000       -0.0000000249
      444.0000000000        0.0000006216
      445.0000000000        0.0000013464
      446.0000000000        0.0000038507
      447.0000000000        0.0000024164
      448.0000000000        0.0000015305
      449.0000000000        0.0000021663
      450.0000000000        0.0000024193
      451.0000000000        0.0000032750
      452.0000000000        0.0000019586
      453.0000000000        0.0000021455
      454.0000000000        0.0000003054
      455.0000000000        0.0000012856
      456.0000000000        0.0000013887
      457.0000000000        0.0000024513
      458.0000000000       -0.0000011688
      459.0000000000        0.0000024445
      460.0000000000        0.0000011154
      461.0000000000        0.0000008434
      462.0000000000        0.0000005783
      463.0000000000        0.0000010348
      464.0000000000        0.0000010314
      465.0000000000        0.0000014679
      466.0000000000       -0.0000007281
      467.0000000000       -0.0000011568
      468.0000000000       -0.0000011376
      469.0000000000        0.0000007645
      470.0000000000        0.0000005012
      471.0000000000       -0.0000003575
      472.0000000000       -0.0000000307
      473.0000000000        0.0000001354
      474.0000000000        0.0000005252
      475.0000000000        0.0000010507
      476.0000000000        0.0000006129
      477.0000000000        0.0000011245
      478.0000000000       -0.0000007338
      479.0000000000        0.0000002235
      480.0000000000       -0.0000003242
      481.0000000000        0.0000002172
      482.0000000000        0.0000008652
      483.0000000000        0.0000001530
      484.0000000000       -0.0000008018
      485.0000000000       -0.0000005173
      486.0000000000       -0.0000004593
      487.0000000000       -0.0000012938
      488.0000000000       -0.0000027300
      489.0000000000       -0.0000019377
      490.0000000000       -0.0000003198
      491.0000000000       -0.0000001508
      492.0000000000       -0.0000010279
      493.0000000000        0.0000004627
      494.0000000000       -0.0000005987
      495.0000000000       -0.0000007415
      496.0000000000       -0.0000004600
      497.0000000000        0.0000004299
      498.0000000000       -0.0000002886
      499.0000000000       -0.0000006097
      500.0000000000        0.0000005596
      501.0000000000        0.0000002511
      502.0000000000       -0.0000000691
      503.0000000000       -0.0000001789
      504.0000000000        0.0000004292
      505.0000000000        0.0000011460
      506.0000000000       -0.0000010879
      507.0000000000        0.0000001868
      508.0000000000       -0.0000009333
      509.0000000000       -0.0000014946
      510.0000000000        0.0000001953
      511.0000000000       -0.0000015495
      512.0000000000       -0.0000019665
