     -255.0000000000       -0.0009723324       -0.0009514450       -0.0009376955       -0.0009361108       -0.0008687596       -0.0007785366       -0.0007726504       -0.0007017185
     -254.0000000000       -0.0009825153       -0.0009509978       -0.0009178085       -0.0008906215       -0.0008516648       -0.0008136634       -0.0007697143       -0.0007151145
     -253.0000000000       -0.0009368354       -0.0009416746       -0.0009332967       -0.0008903541       -0.0008675500       -0.0007958990       -0.0007725013       -0.0006766504
     -252.0000000000       -0.0009636530       -0.0009464939       -0.0009405815       -0.0008875286       -0.0008955610       -0.0008304713       -0.0007757703       -0.0007164277
     -251.0000000000       -0.0009732414       -0.0009086630       -0.0009243764       -0.0009172183       -0.0008695600       -0.0008520769       -0.0007697489       -0.0006817154
     -250.0000000000       -0.0009510652       -0.0009218671       -0.0009414952       -0.0008583524       -0.0008393229       -0.0008151185       -0.0007998256       -0.0007248472
     -249.0000000000       -0.0009575027       -0.0009389501       -0.0009391391       -0.0009262719       -0.0008642172       -0.0008441866       -0.0007368053       -0.0007037803
     -248.0000000000       -0.0009297894       -0.0009240763       -0.0009204270       -0.0008859740       -0.0008654682       -0.0007927150       -0.0007481651       -0.0007158986
     -247.0000000000       -0.0009771294       -0.0009274787       -0.0009061962       -0.0008864045       -0.0008764935       -0.0007996581       -0.0007493405       -0.0007051879
     -246.0000000000       -0.0009562724       -0.0009426280       -0.0009104505       -0.0009102812       -0.0008604318       -0.0008140759       -0.0007865819       -0.0007003884
     -245.0000000000       -0.0009421509       -0.0009365627       -0.0009156089       -0.0008877404       -0.0008427403       -0.0008001355       -0.0007592234       -0.0007016624
     -244.0000000000       -0.0009209310       -0.0009512509       -0.0009405374       -0.0009114405       -0.0008479048       -0.0007959140       -0.0007491044       -0.0007050592
     -243.0000000000       -0.0009655074       -0.0009718800       -0.0009002936       -0.0009277572       -0.0008779270       -0.0008400090       -0.0007849301       -0.0007000112
     -242.0000000000       -0.0009812161       -0.0009396759       -0.0009373176       -0.0008947937       -0.0008474734       -0.0008354554       -0.0007539981       -0.0007007142
     -241.0000000000       -0.0009560566       -0.0009345328       -0.0009638579       -0.0008858178       -0.0008667142       -0.0007918044       -0.0007456109       -0.0006829307
     -240.0000000000       -0.0009672354       -0.0009502216       -0.0009308813       -0.0008820597       -0.0008664584       -0.0008039434       -0.0007363743       -0.0007159459
     -239.0000000000       -0.0009364476       -0.0009528938       -0.0009103684       -0.0008940973       -0.0008621970       -0.0007881100       -0.0007716324       -0.0007134439
     -238.0000000000       -0.0009787423       -0.0009381252       -0.0009463558       -0.0008833111       -0.0008343510       -0.0008155398       -0.0007392056       -0.0006821489
     -237.0000000000       -0.0009438496       -0.0009152867       -0.0009218112       -0.0008784345       -0.0008495601       -0.0008122288       -0.0007721018       -0.0006852352
     -236.0000000000       -0.0009778609       -0.0009389073       -0.0009080067       -0.0009032333       -0.0008559954       -0.0008084076       -0.0007437080       -0.0006899860
     -235.0000000000       -0.0009551102       -0.0009692418       -0.0009335198       -0.0009063800       -0.0008647860       -0.0007920751       -0.0007674781       -0.0006967943
     -234.0000000000       -0.0009495788       -0.0009240221       -0.0009273598       -0.0008688299       -0.0008532170       -0.0008220569       -0.0007307575       -0.0006679751
     -233.0000000000       -0.0009695255       -0.0009475924       -0.0009241480       -0.0008906867       -0.0008231639       -0.0008115349       -0.0007797657       -0.0006893401
     -232.0000000000       -0.0009498254       -0.0009247013       -0.0009290357       -0.0008855632       -0.0008481630       -0.0008004805       -0.0007491864       -0.0006741129
     -231.0000000000       -0.0009634471       -0.0009295510       -0.0009005859       -0.0008656049       -0.0008479238       -0.0008382637       -0.0007580927       -0.0006962206
     -230.0000000000       -0.0009572541       -0.0009762268       -0.0008925042       -0.0009106730       -0.0008555810       -0.0008000071       -0.0007447836       -0.0007061144
     -229.0000000000       -0.0009673620       -0.0009463879       -0.0009286670       -0.0009085144       -0.0008365846       -0.0008186528       -0.0007289474       -0.0006780209
     -228.0000000000       -0.0009774955       -0.0009593070       -0.0009666739       -0.0008871822       -0.0008381822       -0.0008059405       -0.0007362170       -0.0007102086
     -227.0000000000       -0.0009859486       -0.0009530997       -0.0009104153       -0.0008826640       -0.0008105397       -0.0007934267       -0.0007371851       -0.0006701826
     -226.0000000000       -0.0009526312       -0.0009303088       -0.0009176044       -0.0008798990       -0.0008145725       -0.0007773976       -0.0007160259       -0.0006906822
     -225.0000000000       -0.0009600138       -0.0009507780       -0.0009049084       -0.0008640896       -0.0008301984       -0.0007561452       -0.0007086946       -0.0006761103
     -224.0000000000       -0.0009554253       -0.0009555861       -0.0009541976       -0.0008983395       -0.0008459345       -0.0007618045       -0.0007408102       -0.0006870211
     -223.0000000000       -0.0009704018       -0.0009303878       -0.0009160768       -0.0008914779       -0.0008522610       -0.0007858290       -0.0007360253       -0.0006889990
     -222.0000000000       -0.0009957444       -0.0009486866       -0.0009293012       -0.0008897151       -0.0008126855       -0.0007705630       -0.0007329189       -0.0006734222
     -221.0000000000       -0.0009563458       -0.0009585847       -0.0009119726       -0.0008751007       -0.0008273223       -0.0008179008       -0.0007517263       -0.0006836919
     -220.0000000000       -0.0009701171       -0.0009513401       -0.0009333840       -0.0008973223       -0.0008498184       -0.0007829859       -0.0007355815       -0.0006908997
     -219.0000000000       -0.0009666216       -0.0009317474       -0.0009089593       -0.0008649468       -0.0008390474       -0.0007864524       -0.0007234607       -0.0006372004
     -218.0000000000       -0.0009885713       -0.0009278970       -0.0009473796       -0.0008618785       -0.0008486230       -0.0007641242       -0.0007472401       -0.0006786174
     -217.0000000000       -0.0009910293       -0.0009619336       -0.0009430939       -0.0008665040       -0.0008306783       -0.0007896401       -0.0007342105       -0.0006799991
     -216.0000000000       -0.0009667776       -0.0009528252       -0.0009408885       -0.0008641032       -0.0008157509       -0.0007657786       -0.0007226034       -0.0006873132
     -215.0000000000       -0.0009396688       -0.0009424725       -0.0009263427       -0.0008851407       -0.0008152337       -0.0007747403       -0.0007366353       -0.0007009998
     -214.0000000000       -0.0009665685       -0.0009748853       -0.0009217145       -0.0008786572       -0.0008200894       -0.0007660223       -0.0007084572       -0.0006302283
     -213.0000000000       -0.0009664280       -0.0009537332       -0.0008946386       -0.0008915981       -0.0008043690       -0.0007622454       -0.0007218213       -0.0006420802
     -212.0000000000       -0.0009915922       -0.0009233039       -0.0009031728       -0.0008792889       -0.0007934488       -0.0007589825       -0.0007384169       -0.0006339155
     -211.0000000000       -0.0009667889       -0.0009653746       -0.0009246271       -0.0008817364       -0.0008172895       -0.0007561570       -0.0006973362       -0.0006760380
     -210.0000000000       -0.0009936628       -0.0009351021       -0.0008949883       -0.0008707679       -0.0008191979       -0.0007709618       -0.0007200186       -0.0006623976
     -209.0000000000       -0.0009594008       -0.0009406802       -0.0009196707       -0.0008899570       -0.0008236113       -0.0007584710       -0.0007029536       -0.0006347056
     -208.0000000000       -0.0009389260       -0.0009762175       -0.0009001420       -0.0008807163       -0.0008333017       -0.0007804305       -0.0006887567       -0.0006684788
     -207.0000000000       -0.0009946626       -0.0009478662       -0.0009141384       -0.0008676774       -0.0008350042       -0.0007469462       -0.0007154886       -0.0006181924
     -206.0000000000       -0.0009887929       -0.0009253401       -0.0008968996       -0.0008604218       -0.0008010248       -0.0007578080       -0.0007100717       -0.0006440807
     -205.0000000000       -0.0009622003       -0.0009303096       -0.0009261053       -0.0008763159       -0.0008001925       -0.0007654092       -0.0007100654       -0.0006012569
     -204.0000000000       -0.0009927135       -0.0009893203       -0.0009045251       -0.0008406470       -0.0007760945       -0.0007672664       -0.0006776875       -0.0006483551
     -203.0000000000       -0.0009851293       -0.0009668854       -0.0008820257       -0.0008772428       -0.0007939447       -0.0007376517       -0.0006710313       -0.0006524276
     -202.0000000000       -0.0009380862       -0.0009316375       -0.0009045638       -0.0008344599       -0.0007998469       -0.0007714488       -0.0006617346       -0.0006279253
     -201.0000000000       -0.0009322428       -0.0009383337       -0.0008879054       -0.0008559327       -0.0008188257       -0.0007328667       -0.0006627553       -0.0006636492
     -200.0000000000       -0.0009595327       -0.0009654417       -0.0008860078       -0.0008407359       -0.0008057150       -0.0007169131       -0.0006756009       -0.0006387568
     -199.0000000000       -0.0009715108       -0.0009517025       -0.0008698505       -0.0008635231       -0.0008233861       -0.0007277528       -0.0006626340       -0.0006135077
     -198.0000000000       -0.0009880396       -0.0009219131       -0.0008911589       -0.0008291943       -0.0007994598       -0.0007285492       -0.0006469149       -0.0006056111
     -197.0000000000       -0.0009628040       -0.0009228108       -0.0008792918       -0.0008739742       -0.0007831204       -0.0007572179       -0.0006784421       -0.0006255627
     -196.0000000000       -0.0009536230       -0.0009360686       -0.0008861264       -0.0008662532       -0.0008013972       -0.0007496265       -0.0006951393       -0.0006059491
     -195.0000000000       -0.0009996199       -0.0009485490       -0.0008722677       -0.0008680658       -0.0007744233       -0.0007261652       -0.0006728873       -0.0006278570
     -194.0000000000       -0.0009689988       -0.0009619570       -0.0008658518       -0.0008423939       -0.0007662949       -0.0007199525       -0.0006312226       -0.0006185122
     -193.0000000000       -0.0009791142       -0.0009752902       -0.0008912590       -0.0008415018       -0.0007701964       -0.0006965635       -0.0006571785       -0.0006108149
     -192.0000000000       -0.0009915894       -0.0009663081       -0.0008861836       -0.0008375912       -0.0007964796       -0.0007462028       -0.0006717100       -0.0005974554
     -191.0000000000       -0.0009531104       -0.0009546362       -0.0009162939       -0.0008290569       -0.0007664370       -0.0006974446       -0.0006821878       -0.0005761266
     -190.0000000000       -0.0009508785       -0.0009373203       -0.0009057946       -0.0008202694       -0.0007500254       -0.0007101922       -0.0006250197       -0.0005337990
     -189.0000000000       -0.0009460680       -0.0009381203       -0.0009025888       -0.0008366635       -0.0007857172       -0.0006907618       -0.0006119444       -0.0005551608
     -188.0000000000       -0.0009925418       -0.0009353428       -0.0008949365       -0.0008492967       -0.0007997221       -0.0007331023       -0.0006295158       -0.0005489490
     -187.0000000000       -0.0010031031       -0.0009283855       -0.0008784612       -0.0008492483       -0.0007646216       -0.0007046400       -0.0006053282       -0.0005707398
     -186.0000000000       -0.0009576166       -0.0009368749       -0.0009075373       -0.0008339655       -0.0007719692       -0.0006755890       -0.0006195291       -0.0005789555
     -185.0000000000       -0.0010176334       -0.0009672337       -0.0008893308       -0.0008350176       -0.0007781096       -0.0006807165       -0.0006037502       -0.0005542666
     -184.0000000000       -0.0009813234       -0.0009511857       -0.0008958315       -0.0008342149       -0.0007570877       -0.0006841447       -0.0005914916       -0.0005367634
     -183.0000000000       -0.0010101879       -0.0009218532       -0.0008881704       -0.0008017794       -0.0007237217       -0.0006995345       -0.0006455311       -0.0005621340
     -182.0000000000       -0.0009849277       -0.0009385595       -0.0008838779       -0.0008466858       -0.0007461732       -0.0006845582       -0.0006229289       -0.0005366084
     -181.0000000000       -0.0009545308       -0.0009253728       -0.0008895578       -0.0008312882       -0.0007339410       -0.0006440355       -0.0006247631       -0.0005385329
     -180.0000000000       -0.0009601742       -0.0009661904       -0.0008644309       -0.0008375172       -0.0007532092       -0.0006554544       -0.0005961255       -0.0005512830
     -179.0000000000       -0.0009599854       -0.0009215797       -0.0008538481       -0.0008172825       -0.0007376839       -0.0006827607       -0.0005971264       -0.0004866580
     -178.0000000000       -0.0010053385       -0.0009016255       -0.0009027781       -0.0008432265       -0.0007459636       -0.0006125365       -0.0005620889       -0.0005609037
     -177.0000000000       -0.0009659839       -0.0009341687       -0.0008717169       -0.0008436373       -0.0007474207       -0.0006803046       -0.0005734765       -0.0005005615
     -176.0000000000       -0.0009662775       -0.0009234840       -0.0009152203       -0.0008266666       -0.0007360648       -0.0006513949       -0.0005774207       -0.0005112976
     -175.0000000000       -0.0009593405       -0.0009343307       -0.0009007238       -0.0008259178       -0.0007233663       -0.0006488877       -0.0005468400       -0.0005121932
     -174.0000000000       -0.0009451311       -0.0009169864       -0.0008724872       -0.0008063885       -0.0007345943       -0.0006371167       -0.0005632932       -0.0005082153
     -173.0000000000       -0.0009919297       -0.0009380708       -0.0008680407       -0.0008133316       -0.0007212711       -0.0006803594       -0.0005688775       -0.0004981104
     -172.0000000000       -0.0010051996       -0.0009217603       -0.0008696229       -0.0007818657       -0.0007067370       -0.0006598889       -0.0005470384       -0.0004924744
     -171.0000000000       -0.0009526227       -0.0009395302       -0.0008684080       -0.0007779280       -0.0007049493       -0.0006389442       -0.0005128940       -0.0004344668
     -170.0000000000       -0.0009686923       -0.0008819427       -0.0008831325       -0.0008001024       -0.0007001660       -0.0006151281       -0.0005204967       -0.0004736910
     -169.0000000000       -0.0009605357       -0.0009466041       -0.0008924138       -0.0008123704       -0.0007017057       -0.0005829510       -0.0005730647       -0.0004857331
     -168.0000000000       -0.0009615073       -0.0009042714       -0.0008555391       -0.0007912979       -0.0006974279       -0.0005910673       -0.0005194307       -0.0004578111
     -167.0000000000       -0.0009630780       -0.0009184097       -0.0008735012       -0.0007676151       -0.0007064878       -0.0006015496       -0.0005203688       -0.0004706982
     -166.0000000000       -0.0009540969       -0.0009228747       -0.0008513199       -0.0007738198       -0.0006851252       -0.0005914533       -0.0005088720       -0.0004460081
     -165.0000000000       -0.0009774089       -0.0009334134       -0.0008271608       -0.0007792245       -0.0007493508       -0.0005993268       -0.0005278109       -0.0004802956
     -164.0000000000       -0.0009903871       -0.0009148826       -0.0008642416       -0.0007745901       -0.0007217265       -0.0006224534       -0.0005063193       -0.0004446058
     -163.0000000000       -0.0009966497       -0.0009298560       -0.0008426017       -0.0008180496       -0.0007074181       -0.0006049863       -0.0005290798       -0.0004243443
     -162.0000000000       -0.0009806820       -0.0009397699       -0.0008705590       -0.0007879505       -0.0006843467       -0.0005994772       -0.0005386537       -0.0004149481
     -161.0000000000       -0.0009753977       -0.0009349901       -0.0008607232       -0.0007533308       -0.0007022603       -0.0005639146       -0.0005047537       -0.0004368957
     -160.0000000000       -0.0009613564       -0.0009134118       -0.0008598924       -0.0007538342       -0.0006842552       -0.0005834825       -0.0004942831       -0.0003925254
     -159.0000000000       -0.0009534489       -0.0009377832       -0.0008739971       -0.0007683162       -0.0006554154       -0.0005590075       -0.0005169696       -0.0004298807
     -158.0000000000       -0.0009710827       -0.0009116730       -0.0008540140       -0.0007384006       -0.0006501124       -0.0005516309       -0.0004829686       -0.0004143081
     -157.0000000000       -0.0009727401       -0.0008890943       -0.0008020966       -0.0007438473       -0.0006775586       -0.0005373846       -0.0004651531       -0.0003973860
     -156.0000000000       -0.0009700954       -0.0008934638       -0.0007993767       -0.0007351548       -0.0006365325       -0.0005336983       -0.0004529333       -0.0004078040
     -155.0000000000       -0.0009659242       -0.0009296491       -0.0008593073       -0.0007239825       -0.0006496950       -0.0005343194       -0.0004927103       -0.0003817904
     -154.0000000000       -0.0009606413       -0.0009025519       -0.0008521419       -0.0007237841       -0.0006289629       -0.0005380250       -0.0004597520       -0.0003872054
     -153.0000000000       -0.0009419650       -0.0008799684       -0.0008143192       -0.0007353464       -0.0006277199       -0.0005398923       -0.0004514916       -0.0003620323
     -152.0000000000       -0.0009643015       -0.0008932155       -0.0008295993       -0.0007200490       -0.0006273021       -0.0005169377       -0.0004174037       -0.0003595108
     -151.0000000000       -0.0009930919       -0.0008987209       -0.0008185937       -0.0007256051       -0.0005817270       -0.0005170586       -0.0004403462       -0.0003562775
     -150.0000000000       -0.0009814105       -0.0008943811       -0.0008417321       -0.0007635468       -0.0005936970       -0.0005260982       -0.0004302974       -0.0003376759
     -149.0000000000       -0.0009639982       -0.0009122735       -0.0008390777       -0.0006976996       -0.0006154207       -0.0005038826       -0.0004134330       -0.0003310418
     -148.0000000000       -0.0009536536       -0.0009210394       -0.0008217872       -0.0007074842       -0.0005908727       -0.0004442134       -0.0003983845       -0.0003373579
     -147.0000000000       -0.0009944672       -0.0009152093       -0.0008075477       -0.0006825198       -0.0005668874       -0.0004814068       -0.0003991688       -0.0003299627
     -146.0000000000       -0.0009901619       -0.0008898576       -0.0007985051       -0.0007177170       -0.0005813323       -0.0004641006       -0.0003855708       -0.0003106163
     -145.0000000000       -0.0009720035       -0.0009101472       -0.0008002326       -0.0006748341       -0.0005522723       -0.0004602541       -0.0003891499       -0.0003134285
     -144.0000000000       -0.0009969585       -0.0008884173       -0.0008454851       -0.0007197555       -0.0005605350       -0.0004894521       -0.0003731710       -0.0002986138
     -143.0000000000       -0.0009780998       -0.0009098837       -0.0008022463       -0.0007183590       -0.0005562717       -0.0004372700       -0.0003958102       -0.0002873697
     -142.0000000000       -0.0009561585       -0.0008911020       -0.0008062722       -0.0006838575       -0.0005717881       -0.0004672394       -0.0003615019       -0.0002919505
     -141.0000000000       -0.0009545120       -0.0009099057       -0.0008052428       -0.0006776041       -0.0005842516       -0.0004280157       -0.0003264136       -0.0002719779
     -140.0000000000       -0.0009381413       -0.0009280804       -0.0007854847       -0.0006826150       -0.0005156400       -0.0004260800       -0.0003104776       -0.0002489386
     -139.0000000000       -0.0009791697       -0.0009102158       -0.0007532295       -0.0006322115       -0.0005397927       -0.0004165467       -0.0003152215       -0.0002655513
     -138.0000000000       -0.0009674633       -0.0008950519       -0.0007951314       -0.0006421383       -0.0005602182       -0.0004184132       -0.0003323338       -0.0002538476
     -137.0000000000       -0.0009641047       -0.0009041210       -0.0007931938       -0.0006425153       -0.0005211280       -0.0003734490       -0.0003144090       -0.0002494265
     -136.0000000000       -0.0009751332       -0.0008974373       -0.0007605902       -0.0006285152       -0.0005100777       -0.0003770279       -0.0003161581       -0.0002335342
     -135.0000000000       -0.0009808447       -0.0008720981       -0.0007520481       -0.0006177889       -0.0004762133       -0.0003640439       -0.0003084886       -0.0002292030
     -134.0000000000       -0.0009817028       -0.0008742813       -0.0007323026       -0.0006070821       -0.0004942447       -0.0003736438       -0.0002708462       -0.0002240482
     -133.0000000000       -0.0009960500       -0.0008989019       -0.0007481034       -0.0006326722       -0.0004741885       -0.0003350591       -0.0002523765       -0.0002007088
     -132.0000000000       -0.0010044010       -0.0008965326       -0.0007944287       -0.0006130064       -0.0004373629       -0.0003176205       -0.0002758824       -0.0001867327
     -131.0000000000       -0.0009555958       -0.0008778000       -0.0007334394       -0.0005476187       -0.0004755817       -0.0003203408       -0.0002222434       -0.0001847464
     -130.0000000000       -0.0009876292       -0.0008802022       -0.0007706443       -0.0005834877       -0.0004508854       -0.0003237996       -0.0001994561       -0.0001663200
     -129.0000000000       -0.0009584745       -0.0008828092       -0.0007539497       -0.0005764618       -0.0004339632       -0.0003378614       -0.0002219499       -0.0001546188
     -128.0000000000       -0.0009429816       -0.0008962436       -0.0007412307       -0.0005732615       -0.0004242264       -0.0003336924       -0.0002135859       -0.0001327114
     -127.0000000000       -0.0009675929       -0.0008399064       -0.0007172096       -0.0005786173       -0.0004373743       -0.0002748555       -0.0002015024       -0.0001508598
     -126.0000000000       -0.0009619330       -0.0008813348       -0.0007261664       -0.0005752988       -0.0003949031       -0.0002712457       -0.0001835398       -0.0001348901
     -125.0000000000       -0.0009513773       -0.0008789788       -0.0007255221       -0.0005100776       -0.0003972861       -0.0003168983       -0.0002053693       -0.0001459192
     -124.0000000000       -0.0009710528       -0.0009032038       -0.0007314327       -0.0005400585       -0.0003691590       -0.0002687107       -0.0001713433       -0.0001571853
     -123.0000000000       -0.0009654813       -0.0009023743       -0.0007008129       -0.0005228711       -0.0003533558       -0.0002514392       -0.0001556448       -0.0000765848
     -122.0000000000       -0.0009659559       -0.0008776465       -0.0007008200       -0.0005135710       -0.0003775085       -0.0002768185       -0.0001592360       -0.0001032009
     -121.0000000000       -0.0009682663       -0.0008730159       -0.0006829805       -0.0005487337       -0.0003915900       -0.0002479659       -0.0001239520       -0.0000923389
     -120.0000000000       -0.0009661307       -0.0008847889       -0.0006700563       -0.0005135132       -0.0003602739       -0.0002180020       -0.0001220189       -0.0000758911
     -119.0000000000       -0.0009953353       -0.0008317015       -0.0006846452       -0.0005340091       -0.0003247832       -0.0002022589       -0.0001114110       -0.0000521601
     -118.0000000000       -0.0009605544       -0.0008244974       -0.0007140551       -0.0004737635       -0.0002869682       -0.0001886480       -0.0000856062       -0.0000517143
     -117.0000000000       -0.0009663778       -0.0008439531       -0.0006757598       -0.0004326317       -0.0003042508       -0.0001886636       -0.0000981384       -0.0000356364
     -116.0000000000       -0.0009680063       -0.0008472861       -0.0006671757       -0.0004537043       -0.0003025660       -0.0001617979       -0.0000787865       -0.0000187600
     -115.0000000000       -0.0009749803       -0.0008301860       -0.0006470869       -0.0004307545       -0.0002696351       -0.0001381112       -0.0000747089       -0.0000081314
     -114.0000000000       -0.0009630038       -0.0008318751       -0.0006413529       -0.0004199539       -0.0002803800       -0.0001458795       -0.0000364425       -0.0000117148
     -113.0000000000       -0.0009702243       -0.0008484028       -0.0006193079       -0.0003975133       -0.0002518300       -0.0001130203       -0.0000410903        0.0000313721
     -112.0000000000       -0.0009354715       -0.0008184256       -0.0006342212       -0.0003964979       -0.0002293768       -0.0001443096       -0.0000206885        0.0000148014
     -111.0000000000       -0.0009618373       -0.0008486240       -0.0006020954       -0.0003986196       -0.0001912083       -0.0001077812       -0.0000029404        0.0000375855
     -110.0000000000       -0.0009572125       -0.0008292054       -0.0006065508       -0.0003643111       -0.0001964380       -0.0000744050       -0.0000203908        0.0000437524
     -109.0000000000       -0.0009829738       -0.0008155930       -0.0006141954       -0.0003412940       -0.0001842460       -0.0000549776        0.0000112019        0.0000530049
     -108.0000000000       -0.0010175249       -0.0007977037       -0.0005883107       -0.0003514154       -0.0001895276       -0.0000584390        0.0000140467        0.0000784661
     -107.0000000000       -0.0009495929       -0.0008196938       -0.0005673951       -0.0003547878       -0.0001385915       -0.0000411224       -0.0000055392        0.0000526319
     -106.0000000000       -0.0009683778       -0.0008082548       -0.0005670847       -0.0003138163       -0.0001375559       -0.0000106174        0.0000551396        0.0000273720
     -105.0000000000       -0.0009604861       -0.0007676258       -0.0005463534       -0.0002969191       -0.0001317376       -0.0000348165        0.0000846338        0.0000837969
     -104.0000000000       -0.0009729974       -0.0008121348       -0.0005290610       -0.0003062942       -0.0001289407       -0.0000110622        0.0000603225        0.0000797548
     -103.0000000000       -0.0009458370       -0.0007939072       -0.0005132198       -0.0002503689       -0.0000645533        0.0000083455        0.0000791629        0.0000932789
     -102.0000000000       -0.0009610577       -0.0007998481       -0.0004940880       -0.0002639452       -0.0000791466        0.0000206468        0.0000592380        0.0001235804
     -101.0000000000       -0.0009558407       -0.0007533477       -0.0005133695       -0.0002464249       -0.0000453837        0.0000340874        0.0001094981        0.0001414534
     -100.0000000000       -0.0009767047       -0.0007330075       -0.0005076043       -0.0002598258       -0.0000347671        0.0000695678        0.0001148251        0.0001665388
      -99.0000000000       -0.0009342388       -0.0007584152       -0.0004839300       -0.0002419551       -0.0000451130        0.0000977876        0.0001369988        0.0001492032
      -98.0000000000       -0.0009588944       -0.0007511221       -0.0004665366       -0.0001971612       -0.0000101223        0.0000800892        0.0001237227        0.0002026959
      -97.0000000000       -0.0009744736       -0.0007765180       -0.0004448623       -0.0001711635       -0.0000105988        0.0001160169        0.0001491711        0.0002119881
      -96.0000000000       -0.0009722569       -0.0007352744       -0.0004261812       -0.0001679666        0.0000244918        0.0001494135        0.0001681087        0.0001962805
      -95.0000000000       -0.0009624535       -0.0007225626       -0.0004172674       -0.0001453689        0.0000547909        0.0001211153        0.0001552297        0.0002277708
      -94.0000000000       -0.0009475527       -0.0007335304       -0.0003910534       -0.0001329707        0.0000582443        0.0001568764        0.0002053186        0.0002372501
      -93.0000000000       -0.0009732011       -0.0006951985       -0.0003617312       -0.0000787306        0.0000700539        0.0001927606        0.0002306938        0.0002253106
      -92.0000000000       -0.0009488783       -0.0007036473       -0.0003428587       -0.0000783392        0.0000791522        0.0001680642        0.0002236327        0.0002345036
      -91.0000000000       -0.0009616586       -0.0006910010       -0.0003868783       -0.0000731570        0.0000867290        0.0001944635        0.0002558838        0.0002582420
      -90.0000000000       -0.0009508187       -0.0007141735       -0.0003515037       -0.0000433753        0.0001369318        0.0002382366        0.0002864688        0.0002588245
      -89.0000000000       -0.0009451520       -0.0006685046       -0.0003104238       -0.0000115452        0.0001627837        0.0002414423        0.0002569572        0.0002750405
      -88.0000000000       -0.0009566457       -0.0007026941       -0.0002719775        0.0000018137        0.0001878563        0.0002609600        0.0002960902        0.0002866024
      -87.0000000000       -0.0009843549       -0.0006549846       -0.0002651597        0.0000213072        0.0001881023        0.0002831515        0.0002927322        0.0002839065
      -86.0000000000       -0.0009500310       -0.0006634356       -0.0002316806        0.0000345135        0.0002129288        0.0002799918        0.0003238129        0.0002997384
      -85.0000000000       -0.0009504134       -0.0006500127       -0.0002353350        0.0000827292        0.0002207066        0.0003118705        0.0003337714        0.0003514862
      -84.0000000000       -0.0009410483       -0.0006227555       -0.0001946090        0.0000954148        0.0002439019        0.0003203053        0.0003442847        0.0003547034
      -83.0000000000       -0.0009692105       -0.0006187415       -0.0001840875        0.0001407491        0.0003138043        0.0003154267        0.0003639573        0.0003745520
      -82.0000000000       -0.0009403827       -0.0005951219       -0.0001546940        0.0001586229        0.0003193393        0.0003419171        0.0003685363        0.0003568294
      -81.0000000000       -0.0009347600       -0.0006111680       -0.0001242153        0.0001989156        0.0003227852        0.0003744680        0.0003987771        0.0003877587
      -80.0000000000       -0.0009670392       -0.0005926488       -0.0000975841        0.0001897844        0.0003569212        0.0004140160        0.0004153590        0.0003949153
      -79.0000000000       -0.0009641504       -0.0005492858       -0.0000724999        0.0002052640        0.0004015615        0.0004090969        0.0004704470        0.0004032145
      -78.0000000000       -0.0009664497       -0.0005800424       -0.0000403796        0.0002535582        0.0004212730        0.0004380678        0.0004168061        0.0004211279
      -77.0000000000       -0.0009349842       -0.0005344429       -0.0000061759        0.0003071479        0.0004275864        0.0004518810        0.0004533604        0.0004514242
      -76.0000000000       -0.0009769267       -0.0004889477       -0.0000074588        0.0003164368        0.0004519605        0.0004610049        0.0004799976        0.0004539562
      -75.0000000000       -0.0009464906       -0.0005045814        0.0000571418        0.0003523620        0.0004887721        0.0004933272        0.0004846476        0.0004307843
      -74.0000000000       -0.0009728138       -0.0004977646        0.0000791368        0.0003788418        0.0004527109        0.0005474959        0.0005200802        0.0004947891
      -73.0000000000       -0.0009631413       -0.0004416462        0.0001117471        0.0003829890        0.0004849863        0.0005301195        0.0005285304        0.0004879756
      -72.0000000000       -0.0009612109       -0.0004216667        0.0001415154        0.0004279070        0.0004929384        0.0006006723        0.0005172542        0.0005013002
      -71.0000000000       -0.0009682291       -0.0004259539        0.0001796646        0.0004816042        0.0005456229        0.0005698500        0.0005540401        0.0005104630
      -70.0000000000       -0.0009298667       -0.0004296515        0.0002021818        0.0005017920        0.0005666618        0.0006038228        0.0005484036        0.0005449280
      -69.0000000000       -0.0009720963       -0.0003823144        0.0002376173        0.0005139210        0.0005980387        0.0006098185        0.0005354061        0.0005409772
      -68.0000000000       -0.0009553681       -0.0003519811        0.0002858500        0.0004887607        0.0006153012        0.0006302335        0.0005797312        0.0005352338
      -67.0000000000       -0.0009625160       -0.0003402604        0.0003330700        0.0005916895        0.0006464902        0.0006332756        0.0006015966        0.0005251767
      -66.0000000000       -0.0009565510       -0.0002953067        0.0003427173        0.0006214069        0.0006544822        0.0006375508        0.0006362467        0.0005643096
      -65.0000000000       -0.0009717326       -0.0002714055        0.0003647601        0.0006703124        0.0007043948        0.0006779278        0.0006346096        0.0005821624
      -64.0000000000       -0.0009343921       -0.0002376713        0.0004541744        0.0006941122        0.0007234352        0.0006871361        0.0006243303        0.0005819497
      -63.0000000000       -0.0009493251       -0.0001993037        0.0005015900        0.0007327543        0.0007365602        0.0007442259        0.0006311469        0.0005995280
      -62.0000000000       -0.0009753846       -0.0001691231        0.0005381360        0.0007354245        0.0007613355        0.0007320806        0.0006722859        0.0006412819
      -61.0000000000       -0.0009783681       -0.0001280189        0.0005750517        0.0007652078        0.0008143789        0.0007597854        0.0006969582        0.0006278732
      -60.0000000000       -0.0009871509       -0.0000893584        0.0006050708        0.0008043503        0.0008107900        0.0007643880        0.0007137906        0.0006520620
      -59.0000000000       -0.0009639230       -0.0000760603        0.0006545594        0.0008707685        0.0008569335        0.0008125709        0.0007345934        0.0006001513
      -58.0000000000       -0.0009910553       -0.0000041171        0.0007133769        0.0008617786        0.0008736025        0.0008092939        0.0007090450        0.0006499440
      -57.0000000000       -0.0009334254        0.0000436312        0.0007460044        0.0009097801        0.0008757195        0.0008133161        0.0007291886        0.0006564250
      -56.0000000000       -0.0009765178        0.0000771151        0.0008204497        0.0009353269        0.0009451912        0.0008309634        0.0007647100        0.0006702795
      -55.0000000000       -0.0009741060        0.0001483266        0.0008170311        0.0010169668        0.0009798269        0.0008462982        0.0007648997        0.0006940880
      -54.0000000000       -0.0009977780        0.0001906713        0.0008842678        0.0010386186        0.0010216787        0.0008915175        0.0008015529        0.0006739824
      -53.0000000000       -0.0009825030        0.0002299443        0.0009283766        0.0010665984        0.0010099471        0.0009268802        0.0008080827        0.0006734702
      -52.0000000000       -0.0009472483        0.0002982378        0.0009726097        0.0011195836        0.0010333934        0.0009227969        0.0008196738        0.0007076789
      -51.0000000000       -0.0009898441        0.0003633410        0.0010456493        0.0010965033        0.0010491731        0.0009492954        0.0008336484        0.0007276298
      -50.0000000000       -0.0009798558        0.0004366031        0.0010734130        0.0011491132        0.0010752215        0.0009491786        0.0008279148        0.0007543138
      -49.0000000000       -0.0009647800        0.0005191701        0.0011596732        0.0011878336        0.0011375709        0.0009827406        0.0008416893        0.0007533377
      -48.0000000000       -0.0009658800        0.0005719561        0.0012218160        0.0012290923        0.0011373651        0.0009925860        0.0009042194        0.0007819747
      -47.0000000000       -0.0009826920        0.0006247647        0.0012386342        0.0012734535        0.0011297547        0.0010162917        0.0008764250        0.0007766243
      -46.0000000000       -0.0009638984        0.0007046620        0.0013389092        0.0013165442        0.0011733441        0.0010323073        0.0008665307        0.0007810452
      -45.0000000000       -0.0009698461        0.0008056976        0.0013850618        0.0013572474        0.0011885529        0.0010416091        0.0009067012        0.0007773320
      -44.0000000000       -0.0009687513        0.0008715616        0.0014494242        0.0013933158        0.0012078743        0.0010979367        0.0008949323        0.0007957432
      -43.0000000000       -0.0009728011        0.0009959310        0.0015202482        0.0014096488        0.0012633097        0.0011091700        0.0009532467        0.0007757860
      -42.0000000000       -0.0009769276        0.0010983879        0.0015385739        0.0014577382        0.0013082305        0.0010748128        0.0009288001        0.0008099706
      -41.0000000000       -0.0009669466        0.0011777929        0.0016276875        0.0015004226        0.0012971855        0.0010741276        0.0009290976        0.0008482663
      -40.0000000000       -0.0009721166        0.0013014648        0.0016894295        0.0015277776        0.0013274642        0.0010867549        0.0009515121        0.0008421078
      -39.0000000000       -0.0009393013        0.0013515981        0.0017639356        0.0015502350        0.0013682746        0.0011603622        0.0009915277        0.0008352600
      -38.0000000000       -0.0009650607        0.0014946677        0.0018267205        0.0016353540        0.0013589007        0.0011676568        0.0009761256        0.0008424900
      -37.0000000000       -0.0009467503        0.0015717564        0.0018813949        0.0016525488        0.0013734458        0.0011608836        0.0010183120        0.0008545645
      -36.0000000000       -0.0009621204        0.0017438359        0.0019477802        0.0016769778        0.0014159337        0.0012041098        0.0010020037        0.0008473821
      -35.0000000000       -0.0009383657        0.0018357968        0.0019786782        0.0017098743        0.0014308981        0.0012054101        0.0010276532        0.0008654949
      -34.0000000000       -0.0009554613        0.0019549151        0.0020424183        0.0017699826        0.0014440303        0.0012321543        0.0010383655        0.0008541222
      -33.0000000000       -0.0009614150        0.0020824744        0.0021139617        0.0017940428        0.0014913165        0.0012587031        0.0010710084        0.0008814895
      -32.0000000000       -0.0009699503        0.0021974105        0.0021793414        0.0018003857        0.0014941548        0.0012430550        0.0010679202        0.0009381657
      -31.0000000000       -0.0009757158        0.0023769746        0.0022602954        0.0018297783        0.0014945076        0.0013016950        0.0010766985        0.0009126030
      -30.0000000000       -0.0009609833        0.0025171570        0.0022931976        0.0018339475        0.0015238301        0.0012703071        0.0010404897        0.0009264638
      -29.0000000000       -0.0009642839        0.0026488661        0.0023576725        0.0018925284        0.0015511376        0.0012562176        0.0010504897        0.0009380485
      -28.0000000000       -0.0009405396        0.0028161897        0.0024263303        0.0019116263        0.0015770494        0.0012642102        0.0010578805        0.0009440288
      -27.0000000000       -0.0009609625        0.0029542180        0.0024879493        0.0019384952        0.0015650501        0.0012747989        0.0010994941        0.0009158701
      -26.0000000000       -0.0009408170        0.0030625105        0.0025405159        0.0019927405        0.0016193871        0.0013296452        0.0010863421        0.0009494129
      -25.0000000000       -0.0009449088        0.0032124375        0.0026028519        0.0020092719        0.0016308020        0.0013170859        0.0011257007        0.0009457917
      -24.0000000000       -0.0009151784        0.0033660465        0.0026635823        0.0020748147        0.0016316587        0.0013531285        0.0011322699        0.0009656010
      -23.0000000000       -0.0009606994        0.0035268804        0.0026806591        0.0020973424        0.0016275043        0.0013565695        0.0011327537        0.0009594650
      -22.0000000000       -0.0009408961        0.0036798309        0.0027346865        0.0020975958        0.0016693943        0.0013440877        0.0011571703        0.0009753383
      -21.0000000000       -0.0009494863        0.0038105197        0.0027551849        0.0021084102        0.0016671899        0.0013833354        0.0011288465        0.0009676557
      -20.0000000000       -0.0009705134        0.0039927601        0.0028339789        0.0021324652        0.0017047063        0.0013823471        0.0011537610        0.0009876269
      -19.0000000000       -0.0009377217        0.0041563893        0.0029106858        0.0021703002        0.0016844604        0.0014006272        0.0011494267        0.0009703284
      -18.0000000000       -0.0009334577        0.0042711468        0.0029534266        0.0021919608        0.0017246448        0.0014169929        0.0011563225        0.0009949601
      -17.0000000000       -0.0009597599        0.0044265360        0.0030233670        0.0022169967        0.0017058903        0.0014079893        0.0011748950        0.0009724390
      -16.0000000000       -0.0009405066        0.0045786149        0.0030491203        0.0022331470        0.0017241393        0.0014273726        0.0011647858        0.0009744182
      -15.0000000000       -0.0008860079        0.0046943393        0.0030586528        0.0022858456        0.0017645224        0.0014519859        0.0011942739        0.0009662862
      -14.0000000000       -0.0009266450        0.0047984467        0.0031003230        0.0022800590        0.0017863292        0.0014494012        0.0012058092        0.0009812650
      -13.0000000000       -0.0009025674        0.0049652850        0.0031084981        0.0023038434        0.0018070699        0.0014382062        0.0012047059        0.0009979914
      -12.0000000000       -0.0008919353        0.0051173988        0.0032011166        0.0022935414        0.0017775247        0.0014069684        0.0012132354        0.0009978495
      -11.0000000000       -0.0008895306        0.0051977562        0.0031713508        0.0023000446        0.0017844291        0.0014391285        0.0011811064        0.0010115679
      -10.0000000000       -0.0008111322        0.0053039080        0.0032161655        0.0023513252        0.0018082811        0.0014658455        0.0011726858        0.0009956081
       -9.0000000000       -0.0008094518        0.0054183046        0.0032427200        0.0023522250        0.0017946073        0.0014702596        0.0011923135        0.0010190546
       -8.0000000000       -0.0007470499        0.0054896478        0.0032886723        0.0023506933        0.0017953030        0.0014480348        0.0012093410        0.0010353170
       -7.0000000000       -0.0006409076        0.0055830449        0.0033164177        0.0023527039        0.0018154581        0.0014372975        0.0011992909        0.0010403050
       -6.0000000000       -0.0005115864        0.0056754845        0.0033428217        0.0023758009        0.0017990244        0.0014649660        0.0012203367        0.0010099473
       -5.0000000000       -0.0002826267        0.0057338191        0.0033431286        0.0023717773        0.0018031197        0.0014587721        0.0012205199        0.0010200088
       -4.0000000000        0.0002094960        0.0057375213        0.0033599808        0.0023593428        0.0018076861        0.0014621626        0.0012041176        0.0010160192
       -3.0000000000        0.0014111354        0.0058221819        0.0033587750        0.0023544889        0.0018253351        0.0014528383        0.0012021300        0.0010160282
       -2.0000000000        0.0052349878        0.0058015278        0.0033959758        0.0023594974        0.0018220186        0.0014554483        0.0012185658        0.0010331131
       -1.0000000000        0.0293960123        0.0058624658        0.0033781658        0.0023882815        0.0018371661        0.0014669271        0.0012305441        0.0010562938
        0.0000000000        0.4085059273        0.0058562822        0.0033562018        0.0023795291        0.0018078388        0.0014793772        0.0012255920        0.0010400711
        1.0000000000        0.0293960123        0.0058114011        0.0033740248        0.0023842094        0.0018481177        0.0014754182        0.0012383687        0.0010156031
        2.0000000000        0.0052349878        0.0058325923        0.0033440509        0.0023587722        0.0018115768        0.0014811632        0.0012312983        0.0010329498
        3.0000000000        0.0014111354        0.0058038589        0.0033452142        0.0023752355        0.0018275886        0.0014155769        0.0012330036        0.0010591739
        4.0000000000        0.0002094960        0.0057615676        0.0033449594        0.0023582264        0.0018199685        0.0014417342        0.0012289691        0.0010338257
        5.0000000000       -0.0002826267        0.0057044757        0.0033384419        0.0023398463        0.0018392542        0.0014816119        0.0012108009        0.0010279518
        6.0000000000       -0.0005115864        0.0056425065        0.0033465425        0.0023643565        0.0018186763        0.0014607543        0.0012002797        0.0010321230
        7.0000000000       -0.0006409076        0.0055738998        0.0033000244        0.0023524517        0.0018090992        0.0014460298        0.0012014103        0.0010153901
        8.0000000000       -0.0007470499        0.0054786656        0.0032739527        0.0022963371        0.0018212368        0.0014553942        0.0011800175        0.0009943532
        9.0000000000       -0.0008094518        0.0054178868        0.0032905198        0.0023228261        0.0018211412        0.0014416303        0.0011956926        0.0010074123
       10.0000000000       -0.0008111322        0.0053002580        0.0032467108        0.0023241890        0.0017843037        0.0014209775        0.0012274688        0.0010196993
       11.0000000000       -0.0008895306        0.0051953968        0.0032156415        0.0023256584        0.0017942602        0.0014268300        0.0011791837        0.0010311512
       12.0000000000       -0.0008919353        0.0050859552        0.0031713053        0.0022856668        0.0017758879        0.0014236597        0.0011860506        0.0010336202
       13.0000000000       -0.0009025674        0.0049712709        0.0031644536        0.0022884085        0.0017575258        0.0014544771        0.0011946196        0.0009857426
       14.0000000000       -0.0009266450        0.0048406717        0.0031168958        0.0022693243        0.0017445015        0.0014296250        0.0011728695        0.0010083704
       15.0000000000       -0.0008860079        0.0047044028        0.0030786818        0.0022287640        0.0017658255        0.0013990625        0.0011508169        0.0010057101
       16.0000000000       -0.0009405066        0.0045522983        0.0030270167        0.0022075189        0.0017319040        0.0013924444        0.0011621319        0.0009954482
       17.0000000000       -0.0009597599        0.0044236044        0.0030109318        0.0021927882        0.0017447697        0.0013999594        0.0011615824        0.0009646787
       18.0000000000       -0.0009334577        0.0042814286        0.0029512348        0.0022103084        0.0017225559        0.0013962649        0.0011391807        0.0009751217
       19.0000000000       -0.0009377217        0.0041775340        0.0028739254        0.0021609646        0.0016678033        0.0013830288        0.0011710086        0.0009784921
       20.0000000000       -0.0009705134        0.0040030302        0.0028611033        0.0021430227        0.0016760654        0.0013925893        0.0011300307        0.0009475539
       21.0000000000       -0.0009494863        0.0038119823        0.0028082544        0.0021269003        0.0016841628        0.0013564187        0.0011229910        0.0009362252
       22.0000000000       -0.0009408961        0.0036422126        0.0027403482        0.0020886351        0.0016500023        0.0013504008        0.0011461058        0.0009564151
       23.0000000000       -0.0009606994        0.0035137169        0.0027201174        0.0020475701        0.0016585776        0.0013522974        0.0011254902        0.0009420062
       24.0000000000       -0.0009151784        0.0033744515        0.0026492559        0.0020412293        0.0016256563        0.0013325887        0.0011186135        0.0009579303
       25.0000000000       -0.0009449088        0.0032157120        0.0025792782        0.0020028846        0.0016009618        0.0013661040        0.0010981062        0.0009536987
       26.0000000000       -0.0009408170        0.0030482988        0.0025439724        0.0019929941        0.0015647817        0.0013093083        0.0010867707        0.0009321575
       27.0000000000       -0.0009609625        0.0029258322        0.0024687121        0.0019408833        0.0015659169        0.0013164165        0.0011050777        0.0009409119
       28.0000000000       -0.0009405396        0.0027965406        0.0023950946        0.0019741066        0.0015370755        0.0012721466        0.0010753281        0.0009543740
       29.0000000000       -0.0009642839        0.0026484730        0.0023733571        0.0018815712        0.0014922110        0.0012778570        0.0010695198        0.0009552148
       30.0000000000       -0.0009609833        0.0024803249        0.0023085455        0.0018472385        0.0015002910        0.0012703754        0.0010876745        0.0009457698
       31.0000000000       -0.0009757158        0.0023493200        0.0022309479        0.0018065831        0.0015284359        0.0012500004        0.0010543292        0.0009506638
       32.0000000000       -0.0009699503        0.0022036417        0.0021593811        0.0017926208        0.0014784624        0.0012177403        0.0010717107        0.0008808249
       33.0000000000       -0.0009614150        0.0020919803        0.0021147955        0.0017451796        0.0014732542        0.0012243663        0.0010531142        0.0009125156
       34.0000000000       -0.0009554613        0.0019353356        0.0020467830        0.0017364824        0.0014384445        0.0012031537        0.0010333364        0.0008729779
       35.0000000000       -0.0009383657        0.0017899444        0.0019993520        0.0017035273        0.0014386003        0.0012277365        0.0010392371        0.0008457229
       36.0000000000       -0.0009621204        0.0016936904        0.0019655590        0.0016647297        0.0014146358        0.0012027992        0.0009966526        0.0008647273
       37.0000000000       -0.0009467503        0.0015688599        0.0018726515        0.0016334686        0.0013901749        0.0011779162        0.0010005912        0.0008778186
       38.0000000000       -0.0009650607        0.0014855978        0.0018045978        0.0016216634        0.0013302644        0.0011700164        0.0009674041        0.0008374941
       39.0000000000       -0.0009393013        0.0013711785        0.0017280052        0.0015381240        0.0013467785        0.0011085573        0.0009652496        0.0008575262
       40.0000000000       -0.0009721166        0.0012818097        0.0016900883        0.0015114384        0.0013116475        0.0011196539        0.0009768764        0.0008459810
       41.0000000000       -0.0009669466        0.0011705883        0.0016295948        0.0014823718        0.0013053299        0.0011290939        0.0009540243        0.0008110194
       42.0000000000       -0.0009769276        0.0010553427        0.0015425839        0.0014374336        0.0012385563        0.0010774915        0.0009486780        0.0008049508
       43.0000000000       -0.0009728011        0.0009886301        0.0015295862        0.0013981558        0.0012517670        0.0010747658        0.0009484594        0.0008121034
       44.0000000000       -0.0009687513        0.0008882266        0.0014474109        0.0013978921        0.0012386668        0.0010493471        0.0008990221        0.0008043593
       45.0000000000       -0.0009698461        0.0008374294        0.0013809220        0.0013481918        0.0012160649        0.0010400426        0.0009106500        0.0007960168
       46.0000000000       -0.0009638984        0.0007347466        0.0013062560        0.0013311947        0.0011915161        0.0010391626        0.0008782519        0.0007706317
       47.0000000000       -0.0009826920        0.0006510095        0.0012890842        0.0012600829        0.0011579217        0.0009973978        0.0008669854        0.0007613785
       48.0000000000       -0.0009658800        0.0005761549        0.0012214546        0.0012455933        0.0011377121        0.0010100879        0.0008899567        0.0007592953
       49.0000000000       -0.0009647800        0.0004994320        0.0011861994        0.0012008946        0.0011025240        0.0009703895        0.0008543023        0.0007386931
       50.0000000000       -0.0009798558        0.0004392378        0.0011037292        0.0011865063        0.0010481558        0.0009677484        0.0008583478        0.0007338840
       51.0000000000       -0.0009898441        0.0003609489        0.0010529251        0.0011376602        0.0010475808        0.0009210279        0.0008630364        0.0007058548
       52.0000000000       -0.0009472483        0.0003069057        0.0009940112        0.0011309439        0.0010407029        0.0009123873        0.0008197298        0.0007078804
       53.0000000000       -0.0009825030        0.0002300484        0.0009279714        0.0010774774        0.0009919280        0.0008971296        0.0008093214        0.0006774600
       54.0000000000       -0.0009977780        0.0002052352        0.0009000238        0.0010258879        0.0009835930        0.0008992323        0.0008286434        0.0007020715
       55.0000000000       -0.0009741060        0.0001368060        0.0008355638        0.0010049439        0.0009624888        0.0008629065        0.0007882736        0.0007077687
       56.0000000000       -0.0009765178        0.0000995544        0.0007578497        0.0009712357        0.0009344021        0.0008184864        0.0007667948        0.0007014113
       57.0000000000       -0.0009334254        0.0000041144        0.0007510279        0.0009206020        0.0009209331        0.0008217019        0.0007355616        0.0006827882
       58.0000000000       -0.0009910553       -0.0000382614        0.0007122827        0.0008957993        0.0008661220        0.0008159849        0.0007513768        0.0006745663
       59.0000000000       -0.0009639230       -0.0000572399        0.0006740210        0.0008669454        0.0008415173        0.0008092667        0.0007050291        0.0006514428
       60.0000000000       -0.0009871509       -0.0001120702        0.0005852785        0.0008011338        0.0008293438        0.0007704008        0.0006852628        0.0006286575
       61.0000000000       -0.0009783681       -0.0001238403        0.0005587357        0.0007536669        0.0008045592        0.0007854257        0.0007102505        0.0006035199
       62.0000000000       -0.0009753846       -0.0001508646        0.0004918935        0.0007549525        0.0007962585        0.0007471723        0.0006448587        0.0006000445
       63.0000000000       -0.0009493251       -0.0001873854        0.0005048058        0.0007284831        0.0007810211        0.0007373620        0.0006546060        0.0005661166
       64.0000000000       -0.0009343921       -0.0002329024        0.0004317851        0.0007092001        0.0007253823        0.0007367427        0.0006404582        0.0005695970
       65.0000000000       -0.0009717326       -0.0002732516        0.0003674070        0.0006655159        0.0006984232        0.0007005867        0.0006391853        0.0005917841
       66.0000000000       -0.0009565510       -0.0002998622        0.0003196692        0.0006450481        0.0006763398        0.0006990739        0.0006240606        0.0005517036
       67.0000000000       -0.0009625160       -0.0003396361        0.0003070017        0.0005810247        0.0006869264        0.0006603169        0.0006146505        0.0005482413
       68.0000000000       -0.0009553681       -0.0003475895        0.0002767572        0.0005182886        0.0006446948        0.0006451978        0.0005857837        0.0005237925
       69.0000000000       -0.0009720963       -0.0003555451        0.0002470326        0.0005146817        0.0006443925        0.0005891095        0.0005691892        0.0005092055
       70.0000000000       -0.0009298667       -0.0003764726        0.0001911130        0.0004630523        0.0006092550        0.0005520237        0.0005606206        0.0005007022
       71.0000000000       -0.0009682291       -0.0004242595        0.0001886089        0.0004464245        0.0005615973        0.0005464289        0.0005679396        0.0005189858
       72.0000000000       -0.0009612109       -0.0004659613        0.0001270269        0.0004319472        0.0005534715        0.0005235508        0.0005320382        0.0004892993
       73.0000000000       -0.0009631413       -0.0004801568        0.0000870292        0.0004198391        0.0004893529        0.0005445616        0.0005250668        0.0004920634
       74.0000000000       -0.0009728138       -0.0004837914        0.0000723071        0.0003982474        0.0004574468        0.0005280874        0.0004931386        0.0004959852
       75.0000000000       -0.0009464906       -0.0004925852        0.0000477250        0.0003385595        0.0004750216        0.0004892227        0.0004872741        0.0004829081
       76.0000000000       -0.0009769267       -0.0005225317        0.0000127913        0.0003303301        0.0004550236        0.0004779697        0.0004804970        0.0004715304
       77.0000000000       -0.0009349842       -0.0005353921       -0.0000076937        0.0003108707        0.0004160622        0.0004279221        0.0004436495        0.0004152261
       78.0000000000       -0.0009664497       -0.0005562873       -0.0000476329        0.0002587476        0.0003844649        0.0004376025        0.0004548217        0.0004226995
       79.0000000000       -0.0009641504       -0.0005576957       -0.0000808191        0.0002505282        0.0003856017        0.0004290331        0.0004713755        0.0003952416
       80.0000000000       -0.0009670392       -0.0005779829       -0.0001145017        0.0002156292        0.0003258253        0.0004043907        0.0004239022        0.0003721736
       81.0000000000       -0.0009347600       -0.0006065916       -0.0001092443        0.0001740282        0.0003116593        0.0003880382        0.0004041598        0.0003613213
       82.0000000000       -0.0009403827       -0.0006141664       -0.0001482794        0.0001181011        0.0002876931        0.0003495854        0.0003507220        0.0003822483
       83.0000000000       -0.0009692105       -0.0006167809       -0.0001592684        0.0001136953        0.0002928357        0.0003564843        0.0003549364        0.0003592914
       84.0000000000       -0.0009410483       -0.0006084725       -0.0001871334        0.0001218871        0.0002717226        0.0003207389        0.0003388412        0.0003588812
       85.0000000000       -0.0009504134       -0.0006374195       -0.0002140798        0.0001081497        0.0002470861        0.0003188563        0.0002957837        0.0003573607
       86.0000000000       -0.0009500310       -0.0006518204       -0.0002504618        0.0000852438        0.0001994781        0.0002691829        0.0003119071        0.0003360332
       87.0000000000       -0.0009843549       -0.0006603753       -0.0002534047        0.0000538886        0.0002002690        0.0002861466        0.0003115920        0.0002900473
       88.0000000000       -0.0009566457       -0.0006862245       -0.0002743782        0.0000165547        0.0001736489        0.0002635515        0.0002808795        0.0003051402
       89.0000000000       -0.0009451520       -0.0006846756       -0.0003052159       -0.0000222405        0.0001488500        0.0002262472        0.0002636839        0.0003079979
       90.0000000000       -0.0009508187       -0.0007246553       -0.0003332792       -0.0000357184        0.0001334150        0.0002077468        0.0002831897        0.0002847404
       91.0000000000       -0.0009616586       -0.0007245991       -0.0003240818       -0.0000738140        0.0000854327        0.0001813254        0.0002554712        0.0002344450
       92.0000000000       -0.0009488783       -0.0007201719       -0.0003676199       -0.0000861531        0.0000783403        0.0001952186        0.0002580530        0.0002311887
       93.0000000000       -0.0009732011       -0.0007259433       -0.0003871156       -0.0001186302        0.0000624141        0.0001927619        0.0002255293        0.0002406211
       94.0000000000       -0.0009475527       -0.0007267956       -0.0004083750       -0.0001342348        0.0000553603        0.0001666263        0.0002173238        0.0002392296
       95.0000000000       -0.0009624535       -0.0007626619       -0.0004234168       -0.0001530728        0.0000303021        0.0001526718        0.0001804453        0.0002036616
       96.0000000000       -0.0009722569       -0.0007800229       -0.0004805301       -0.0001477377        0.0000095427        0.0001019054        0.0001818756        0.0001883680
       97.0000000000       -0.0009744736       -0.0007295201       -0.0004132189       -0.0001861796        0.0000112362        0.0001108264        0.0001765170        0.0001842467
       98.0000000000       -0.0009588944       -0.0007581948       -0.0004437660       -0.0002017972       -0.0000205619        0.0001032195        0.0001525118        0.0001452782
       99.0000000000       -0.0009342388       -0.0007450099       -0.0004750271       -0.0001982567       -0.0000679543        0.0000638282        0.0001350595        0.0001726018
      100.0000000000       -0.0009767047       -0.0007703690       -0.0004899334       -0.0002330562       -0.0000765041        0.0000604439        0.0001167834        0.0001338610
      101.0000000000       -0.0009558407       -0.0007793042       -0.0004899952       -0.0002304451       -0.0000784820        0.0000546908        0.0000896811        0.0001352740
      102.0000000000       -0.0009610577       -0.0007423960       -0.0005295119       -0.0002750554       -0.0000985853        0.0000272497        0.0001186144        0.0001184409
      103.0000000000       -0.0009458370       -0.0007726790       -0.0005399699       -0.0002746469       -0.0000826845        0.0000241138        0.0000938851        0.0001161605
      104.0000000000       -0.0009729974       -0.0007612837       -0.0005518354       -0.0003010699       -0.0000992769       -0.0000213672        0.0000869231        0.0001056925
      105.0000000000       -0.0009604861       -0.0007976486       -0.0005305692       -0.0002815992       -0.0001177840       -0.0000363155        0.0000559064        0.0001027954
      106.0000000000       -0.0009683778       -0.0008130550       -0.0005792174       -0.0003165942       -0.0001403481       -0.0000318250        0.0000381560        0.0000804128
      107.0000000000       -0.0009495929       -0.0008051178       -0.0005968561       -0.0003327348       -0.0001524895       -0.0000706843        0.0000503289        0.0000489729
      108.0000000000       -0.0010175249       -0.0008175935       -0.0005663562       -0.0003533894       -0.0002008959       -0.0000664121        0.0000141696        0.0000594455
      109.0000000000       -0.0009829738       -0.0008062195       -0.0005524219       -0.0003675315       -0.0001942975       -0.0000596089        0.0000002071        0.0000576332
      110.0000000000       -0.0009572125       -0.0008125348       -0.0006087601       -0.0003684736       -0.0002246947       -0.0000892924       -0.0000253516        0.0000508200
      111.0000000000       -0.0009618373       -0.0008219149       -0.0005934800       -0.0003946542       -0.0002094186       -0.0001220910       -0.0000298757        0.0000448670
      112.0000000000       -0.0009354715       -0.0008112044       -0.0006491208       -0.0003673867       -0.0002276629       -0.0000904279        0.0000045117       -0.0000055591
      113.0000000000       -0.0009702243       -0.0008295007       -0.0006355044       -0.0004240101       -0.0002226910       -0.0001240519       -0.0000402448       -0.0000173965
      114.0000000000       -0.0009630038       -0.0008304267       -0.0006515948       -0.0004348978       -0.0002602147       -0.0001168673       -0.0000383349       -0.0000012029
      115.0000000000       -0.0009749803       -0.0008587334       -0.0006607537       -0.0004345601       -0.0002803335       -0.0001364622       -0.0000758843       -0.0000129288
      116.0000000000       -0.0009680063       -0.0008557850       -0.0006409736       -0.0004677428       -0.0002847767       -0.0001757088       -0.0001268001       -0.0000589728
      117.0000000000       -0.0009663778       -0.0008483741       -0.0006732974       -0.0004747626       -0.0002827443       -0.0002031224       -0.0001443956       -0.0000442153
      118.0000000000       -0.0009605544       -0.0008330548       -0.0006659098       -0.0004606510       -0.0003197225       -0.0001854921       -0.0001183936       -0.0000529354
      119.0000000000       -0.0009953353       -0.0008542780       -0.0006703067       -0.0005158921       -0.0003067051       -0.0001970713       -0.0001194834       -0.0000732629
      120.0000000000       -0.0009661307       -0.0008356169       -0.0006879557       -0.0005139654       -0.0003355341       -0.0002063177       -0.0001490522       -0.0000638160
      121.0000000000       -0.0009682663       -0.0008743626       -0.0006773831       -0.0005089295       -0.0003508013       -0.0001952379       -0.0001454828       -0.0000708307
      122.0000000000       -0.0009659559       -0.0008638690       -0.0006948556       -0.0005371674       -0.0003274043       -0.0002365306       -0.0001666279       -0.0000515434
      123.0000000000       -0.0009654813       -0.0008513357       -0.0007004808       -0.0005313366       -0.0003909660       -0.0002385000       -0.0001695202       -0.0001055414
      124.0000000000       -0.0009710528       -0.0008827385       -0.0007157584       -0.0005425346       -0.0003885776       -0.0002613363       -0.0001694489       -0.0001029010
      125.0000000000       -0.0009513773       -0.0008646450       -0.0007070818       -0.0005606627       -0.0004217405       -0.0002693276       -0.0001675508       -0.0001114741
      126.0000000000       -0.0009619330       -0.0008706887       -0.0007232499       -0.0005723624       -0.0004306080       -0.0002893323       -0.0002043176       -0.0001303259
      127.0000000000       -0.0009675929       -0.0008905009       -0.0007426060       -0.0005986509       -0.0004129482       -0.0002791952       -0.0002075423       -0.0001491090
      128.0000000000       -0.0009429816       -0.0008835454       -0.0007301708       -0.0005727546       -0.0004286734       -0.0002833473       -0.0002074080       -0.0001685853
      129.0000000000       -0.0009584745       -0.0008714291       -0.0007380341       -0.0006024018       -0.0004151191       -0.0002963861       -0.0002491796       -0.0001668504
      130.0000000000       -0.0009876292       -0.0008889572       -0.0007299832       -0.0005810181       -0.0004478456       -0.0003503260       -0.0002654204       -0.0001847165
      131.0000000000       -0.0009555958       -0.0008749769       -0.0007637037       -0.0006119050       -0.0004516365       -0.0003830464       -0.0002747326       -0.0002134289
      132.0000000000       -0.0010044010       -0.0008967513       -0.0007543131       -0.0006315996       -0.0004745676       -0.0003775614       -0.0002556649       -0.0002167939
      133.0000000000       -0.0009960500       -0.0008949411       -0.0007766136       -0.0006140958       -0.0004678332       -0.0003707714       -0.0002644166       -0.0002192409
      134.0000000000       -0.0009817028       -0.0008690288       -0.0007902608       -0.0006560184       -0.0004614263       -0.0003781467       -0.0002724371       -0.0002119016
      135.0000000000       -0.0009808447       -0.0009078116       -0.0007876476       -0.0006538084       -0.0004943287       -0.0003540738       -0.0002979765       -0.0001977699
      136.0000000000       -0.0009751332       -0.0009081864       -0.0007655948       -0.0006287550       -0.0005108006       -0.0004028813       -0.0003009448       -0.0002131592
      137.0000000000       -0.0009641047       -0.0008916635       -0.0007575569       -0.0006421393       -0.0005333558       -0.0004078825       -0.0003288417       -0.0002686913
      138.0000000000       -0.0009674633       -0.0008943992       -0.0008188298       -0.0006586530       -0.0005061518       -0.0004115194       -0.0003147338       -0.0002601426
      139.0000000000       -0.0009791697       -0.0008981010       -0.0007918356       -0.0006623838       -0.0005356713       -0.0004242509       -0.0003167500       -0.0002486399
      140.0000000000       -0.0009381413       -0.0009032932       -0.0008019106       -0.0006516992       -0.0005513890       -0.0004415034       -0.0003164398       -0.0002821631
      141.0000000000       -0.0009545120       -0.0008981562       -0.0008404268       -0.0006752781       -0.0005645162       -0.0004516614       -0.0003337434       -0.0002743829
      142.0000000000       -0.0009561585       -0.0009000704       -0.0008226195       -0.0006760088       -0.0005605147       -0.0004428790       -0.0003266048       -0.0002909034
      143.0000000000       -0.0009780998       -0.0009005891       -0.0008122390       -0.0006458721       -0.0005550719       -0.0004559897       -0.0003715081       -0.0002920803
      144.0000000000       -0.0009969585       -0.0008822865       -0.0008114042       -0.0006960714       -0.0005743618       -0.0004327787       -0.0004114803       -0.0003106954
      145.0000000000       -0.0009720035       -0.0008887356       -0.0008049724       -0.0007068932       -0.0005685523       -0.0004463395       -0.0004000070       -0.0003090618
      146.0000000000       -0.0009901619       -0.0009102049       -0.0008006046       -0.0006870127       -0.0005702668       -0.0004920145       -0.0003686783       -0.0003396631
      147.0000000000       -0.0009944672       -0.0009218697       -0.0008404720       -0.0006898237       -0.0005816675       -0.0005115286       -0.0003937963       -0.0003290779
      148.0000000000       -0.0009536536       -0.0009107940       -0.0008326511       -0.0006954343       -0.0006519493       -0.0005498549       -0.0004052125       -0.0003266857
      149.0000000000       -0.0009639982       -0.0009151524       -0.0008063069       -0.0007088348       -0.0006230205       -0.0004744196       -0.0004367447       -0.0003435897
      150.0000000000       -0.0009814105       -0.0009229985       -0.0008315726       -0.0007036112       -0.0005986690       -0.0005268419       -0.0004259071       -0.0003489737
      151.0000000000       -0.0009930919       -0.0008936094       -0.0008355577       -0.0007369490       -0.0006287685       -0.0005123205       -0.0004241877       -0.0003668585
      152.0000000000       -0.0009643015       -0.0009092734       -0.0008247929       -0.0007151056       -0.0006636067       -0.0005362919       -0.0004314001       -0.0003225185
      153.0000000000       -0.0009419650       -0.0009460331       -0.0008154417       -0.0007019744       -0.0006202802       -0.0005197262       -0.0004484732       -0.0003486094
      154.0000000000       -0.0009606413       -0.0009353635       -0.0008325872       -0.0007266519       -0.0006353768       -0.0005307464       -0.0004235013       -0.0003430777
      155.0000000000       -0.0009659242       -0.0009143688       -0.0008366113       -0.0007299286       -0.0006312620       -0.0005281001       -0.0004446241       -0.0003882912
      156.0000000000       -0.0009700954       -0.0009177784       -0.0008415119       -0.0007212984       -0.0006438007       -0.0005446926       -0.0004559746       -0.0003775051
      157.0000000000       -0.0009727401       -0.0009093165       -0.0008489722       -0.0007368761       -0.0006490247       -0.0005344753       -0.0004618721       -0.0004175574
      158.0000000000       -0.0009710827       -0.0009325531       -0.0008688266       -0.0007584634       -0.0006518458       -0.0005689194       -0.0004680757       -0.0004010383
      159.0000000000       -0.0009534489       -0.0009245995       -0.0008694115       -0.0007703507       -0.0006696212       -0.0005677564       -0.0004716281       -0.0004487492
      160.0000000000       -0.0009613564       -0.0009539577       -0.0008599224       -0.0007342538       -0.0006825411       -0.0005620407       -0.0005035598       -0.0004072092
      161.0000000000       -0.0009753977       -0.0009143588       -0.0008419321       -0.0007662793       -0.0006717943       -0.0005830284       -0.0005083742       -0.0004434265
      162.0000000000       -0.0009806820       -0.0009412570       -0.0008506898       -0.0007814396       -0.0006784401       -0.0005752651       -0.0005352740       -0.0004287954
      163.0000000000       -0.0009966497       -0.0009491200       -0.0008907512       -0.0007985688       -0.0006770183       -0.0006183972       -0.0005138500       -0.0004681857
      164.0000000000       -0.0009903871       -0.0009347663       -0.0008675996       -0.0007732365       -0.0006868341       -0.0005974690       -0.0005213138       -0.0004520657
      165.0000000000       -0.0009774089       -0.0009238670       -0.0008541831       -0.0007618809       -0.0007220353       -0.0005957092       -0.0005352573       -0.0005006631
      166.0000000000       -0.0009540969       -0.0009181026       -0.0008343512       -0.0008193653       -0.0007257676       -0.0006229882       -0.0005494462       -0.0004601138
      167.0000000000       -0.0009630780       -0.0009488076       -0.0008579973       -0.0007835727       -0.0006859681       -0.0006446678       -0.0005198964       -0.0004372565
      168.0000000000       -0.0009615073       -0.0009505929       -0.0008789574       -0.0007869930       -0.0007210716       -0.0006350799       -0.0005342027       -0.0004239804
      169.0000000000       -0.0009605357       -0.0009213892       -0.0008604731       -0.0008072574       -0.0006928868       -0.0006331254       -0.0005394046       -0.0004747403
      170.0000000000       -0.0009686923       -0.0009489071       -0.0008550742       -0.0007821214       -0.0006925118       -0.0006224573       -0.0005750153       -0.0004770688
      171.0000000000       -0.0009526227       -0.0009277332       -0.0008768550       -0.0007912992       -0.0007286628       -0.0006748721       -0.0005933175       -0.0005029151
      172.0000000000       -0.0010051996       -0.0009382652       -0.0008597703       -0.0008015697       -0.0007312220       -0.0006487712       -0.0005732991       -0.0004606721
      173.0000000000       -0.0009919297       -0.0009201268       -0.0008588350       -0.0008334192       -0.0007436653       -0.0006444966       -0.0005644060       -0.0004907122
      174.0000000000       -0.0009451311       -0.0009103636       -0.0008553839       -0.0008310995       -0.0007368725       -0.0006563393       -0.0005874932       -0.0005218431
      175.0000000000       -0.0009593405       -0.0009407247       -0.0008807001       -0.0008116577       -0.0007675406       -0.0006382581       -0.0005621287       -0.0005159863
      176.0000000000       -0.0009662775       -0.0009342305       -0.0008836035       -0.0008344175       -0.0007210748       -0.0006575005       -0.0005988182       -0.0005000620
      177.0000000000       -0.0009659839       -0.0009536313       -0.0009103088       -0.0008147633       -0.0007307347       -0.0006904771       -0.0005845448       -0.0005152342
      178.0000000000       -0.0010053385       -0.0009337968       -0.0009206972       -0.0008389797       -0.0007184699       -0.0006481665       -0.0006241755       -0.0005062634
      179.0000000000       -0.0009599854       -0.0009291257       -0.0008763797       -0.0008097317       -0.0007180955       -0.0007084315       -0.0006047143       -0.0005230914
      180.0000000000       -0.0009601742       -0.0009847971       -0.0008934711       -0.0008489552       -0.0007404372       -0.0006743706       -0.0006227483       -0.0005472266
      181.0000000000       -0.0009545308       -0.0009331123       -0.0009059948       -0.0008242427       -0.0007413176       -0.0006682030       -0.0006119902       -0.0005300171
      182.0000000000       -0.0009849277       -0.0009304140       -0.0009081832       -0.0008393826       -0.0007844739       -0.0006707144       -0.0006350774       -0.0005581871
      183.0000000000       -0.0010101879       -0.0009333135       -0.0008940647       -0.0008520445       -0.0007438948       -0.0006687673       -0.0006233404       -0.0005723393
      184.0000000000       -0.0009813234       -0.0009089721       -0.0008774835       -0.0008349619       -0.0007503994       -0.0007270849       -0.0006259053       -0.0005648385
      185.0000000000       -0.0010176334       -0.0009110123       -0.0009185103       -0.0008535887       -0.0007550377       -0.0007136618       -0.0006171314       -0.0005505319
      186.0000000000       -0.0009576166       -0.0009271879       -0.0008790631       -0.0008312980       -0.0007822313       -0.0007418903       -0.0006358564       -0.0005819116
      187.0000000000       -0.0010031031       -0.0009399897       -0.0008946401       -0.0008415185       -0.0007950322       -0.0006787896       -0.0006427817       -0.0005786645
      188.0000000000       -0.0009925418       -0.0009466713       -0.0008932906       -0.0008195212       -0.0007966275       -0.0006916545       -0.0006266302       -0.0005529972
      189.0000000000       -0.0009460680       -0.0009449594       -0.0008924398       -0.0008177864       -0.0008139168       -0.0007298612       -0.0006330234       -0.0005804133
      190.0000000000       -0.0009508785       -0.0009369940       -0.0009162300       -0.0008528376       -0.0007871623       -0.0007049622       -0.0006261982       -0.0005952040
      191.0000000000       -0.0009531104       -0.0009316434       -0.0008977312       -0.0008658814       -0.0007663886       -0.0007256619       -0.0006766367       -0.0005679767
      192.0000000000       -0.0009915894       -0.0009481258       -0.0009037685       -0.0008606830       -0.0008176934       -0.0007326069       -0.0006672949       -0.0005936758
      193.0000000000       -0.0009791142       -0.0009447792       -0.0009301276       -0.0008548223       -0.0008126177       -0.0007134278       -0.0006844857       -0.0005852995
      194.0000000000       -0.0009689988       -0.0009390844       -0.0009067353       -0.0008590352       -0.0007581015       -0.0007203048       -0.0006802632       -0.0005902994
      195.0000000000       -0.0009996199       -0.0009325258       -0.0008861113       -0.0008702155       -0.0008047111       -0.0007223135       -0.0006473884       -0.0005895580
      196.0000000000       -0.0009536230       -0.0009462165       -0.0008744296       -0.0008775780       -0.0008039576       -0.0007190199       -0.0006755881       -0.0006121158
      197.0000000000       -0.0009628040       -0.0009457723       -0.0009045246       -0.0008837373       -0.0007910714       -0.0007619490       -0.0006688446       -0.0006314561
      198.0000000000       -0.0009880396       -0.0009691836       -0.0009007989       -0.0008531477       -0.0008058253       -0.0007342434       -0.0006715929       -0.0006139939
      199.0000000000       -0.0009715108       -0.0009468724       -0.0009053625       -0.0008691997       -0.0008187454       -0.0007463222       -0.0006531144       -0.0006343851
      200.0000000000       -0.0009595327       -0.0009090899       -0.0009065766       -0.0008718248       -0.0008407339       -0.0007555036       -0.0006759398       -0.0006159968
      201.0000000000       -0.0009322428       -0.0009716600       -0.0008902137       -0.0008882614       -0.0008366597       -0.0007759145       -0.0006826865       -0.0005970343
      202.0000000000       -0.0009380862       -0.0009590072       -0.0008932621       -0.0008785079       -0.0008013944       -0.0007532082       -0.0006801776       -0.0006137464
      203.0000000000       -0.0009851293       -0.0009831622       -0.0009105774       -0.0008949986       -0.0008152496       -0.0007416083       -0.0006879468       -0.0006318240
      204.0000000000       -0.0009927135       -0.0009672109       -0.0008887737       -0.0008247317       -0.0007756502       -0.0007406454       -0.0006917742       -0.0006630453
      205.0000000000       -0.0009622003       -0.0009361696       -0.0008811990       -0.0008802076       -0.0008065705       -0.0007473185       -0.0006880050       -0.0006322269
      206.0000000000       -0.0009887929       -0.0009342483       -0.0009354653       -0.0008863113       -0.0008488550       -0.0007462583       -0.0007199778       -0.0006419410
      207.0000000000       -0.0009946626       -0.0009406869       -0.0009610879       -0.0008905622       -0.0008053406       -0.0007641973       -0.0007101306       -0.0006511604
      208.0000000000       -0.0009389260       -0.0009440349       -0.0009272702       -0.0008704116       -0.0007924436       -0.0007427415       -0.0007228630       -0.0006469753
      209.0000000000       -0.0009594008       -0.0009596816       -0.0009108046       -0.0008783602       -0.0008374534       -0.0007272834       -0.0007136319       -0.0006364179
      210.0000000000       -0.0009936628       -0.0009257761       -0.0009310721       -0.0008792765       -0.0008140095       -0.0007633246       -0.0007111781       -0.0006354089
      211.0000000000       -0.0009667889       -0.0009648911       -0.0009182171       -0.0008889938       -0.0008178276       -0.0007675545       -0.0006973064       -0.0006318842
      212.0000000000       -0.0009915922       -0.0009628642       -0.0009149350       -0.0008753465       -0.0008166486       -0.0007684456       -0.0007010492       -0.0006480825
      213.0000000000       -0.0009664280       -0.0009494011       -0.0009165288       -0.0008648302       -0.0008226491       -0.0007872439       -0.0006993691       -0.0006709580
      214.0000000000       -0.0009665685       -0.0009245970       -0.0009192404       -0.0008451473       -0.0008312904       -0.0007541710       -0.0007204377       -0.0006642518
      215.0000000000       -0.0009396688       -0.0009330368       -0.0009285746       -0.0008761620       -0.0007901069       -0.0007945002       -0.0007153028       -0.0006906424
      216.0000000000       -0.0009667776       -0.0009736771       -0.0009050368       -0.0008532705       -0.0008654788       -0.0007949178       -0.0007043577       -0.0006903590
      217.0000000000       -0.0009910293       -0.0009251586       -0.0009186781       -0.0008741538       -0.0008227707       -0.0007727173       -0.0007294192       -0.0006749867
      218.0000000000       -0.0009885713       -0.0009263033       -0.0009312170       -0.0008594211       -0.0008286501       -0.0007623144       -0.0007104926       -0.0006743764
      219.0000000000       -0.0009666216       -0.0009330640       -0.0009170765       -0.0008650922       -0.0008358284       -0.0007663465       -0.0007488837       -0.0006618977
      220.0000000000       -0.0009701171       -0.0009420522       -0.0009226630       -0.0008508243       -0.0008483279       -0.0007892716       -0.0007481831       -0.0006577048
      221.0000000000       -0.0009563458       -0.0009634222       -0.0009036727       -0.0009066709       -0.0008745117       -0.0008032073       -0.0007327355       -0.0006543155
      222.0000000000       -0.0009957444       -0.0009445688       -0.0009182875       -0.0009156140       -0.0008393089       -0.0007895710       -0.0007479807       -0.0006746008
      223.0000000000       -0.0009704018       -0.0009355795       -0.0009245702       -0.0009031352       -0.0008536647       -0.0008088004       -0.0007164304       -0.0006529986
      224.0000000000       -0.0009554253       -0.0009518122       -0.0009185385       -0.0008902288       -0.0008458452       -0.0008372554       -0.0007295576       -0.0006750600
      225.0000000000       -0.0009600138       -0.0009795060       -0.0009192068       -0.0008535321       -0.0008534774       -0.0008109372       -0.0007667583       -0.0006681890
      226.0000000000       -0.0009526312       -0.0009478983       -0.0009417154       -0.0008839308       -0.0008384830       -0.0008121779       -0.0007452341       -0.0006773369
      227.0000000000       -0.0009859486       -0.0009377999       -0.0009315064       -0.0008748679       -0.0008600204       -0.0008003943       -0.0007621660       -0.0007044229
      228.0000000000       -0.0009774955       -0.0009817772       -0.0009253375       -0.0008699366       -0.0008433930       -0.0007858738       -0.0007532424       -0.0007130505
      229.0000000000       -0.0009673620       -0.0009343511       -0.0009151598       -0.0009308483       -0.0008659910       -0.0007902552       -0.0007512140       -0.0006870411
      230.0000000000       -0.0009572541       -0.0009208612       -0.0009189275       -0.0008968809       -0.0008590032       -0.0007951242       -0.0007395146       -0.0006863970
      231.0000000000       -0.0009634471       -0.0009263313       -0.0009451092       -0.0008684134       -0.0008629406       -0.0008161443       -0.0007394149       -0.0006911682
      232.0000000000       -0.0009498254       -0.0009771547       -0.0009174053       -0.0009077746       -0.0008368890       -0.0008203921       -0.0007639795       -0.0006919342
      233.0000000000       -0.0009695255       -0.0009251063       -0.0009450628       -0.0008680811       -0.0008506227       -0.0007879223       -0.0007688750       -0.0006839007
      234.0000000000       -0.0009495788       -0.0009590248       -0.0009020132       -0.0008830199       -0.0008275398       -0.0007926688       -0.0007374031       -0.0006968885
      235.0000000000       -0.0009551102       -0.0009602980       -0.0008950152       -0.0008556464       -0.0008383268       -0.0008176274       -0.0007293944       -0.0006723195
      236.0000000000       -0.0009778609       -0.0009263669       -0.0009050189       -0.0008498330       -0.0008316835       -0.0007931483       -0.0007742221       -0.0006909066
      237.0000000000       -0.0009438496       -0.0009598937       -0.0009333544       -0.0008847418       -0.0008238768       -0.0008083084       -0.0007531757       -0.0006706547
      238.0000000000       -0.0009787423       -0.0009875919       -0.0009392775       -0.0008906586       -0.0008515948       -0.0008266781       -0.0007713803       -0.0007100038
      239.0000000000       -0.0009364476       -0.0009522457       -0.0009300833       -0.0008971756       -0.0008534328       -0.0008114487       -0.0007571948       -0.0007108594
      240.0000000000       -0.0009672354       -0.0009600445       -0.0009138731       -0.0009134387       -0.0008687784       -0.0007976392       -0.0007273626       -0.0007119237
      241.0000000000       -0.0009560566       -0.0009415062       -0.0008847377       -0.0009053064       -0.0008614416       -0.0008084310       -0.0007518156       -0.0006991428
      242.0000000000       -0.0009812161       -0.0009399491       -0.0008830840       -0.0008658259       -0.0008600247       -0.0008202646       -0.0007257739       -0.0007099811
      243.0000000000       -0.0009655074       -0.0009464547       -0.0008961333       -0.0009132927       -0.0008473505       -0.0008200640       -0.0007432289       -0.0007173187
      244.0000000000       -0.0009209310       -0.0009296015       -0.0009368127       -0.0008849167       -0.0008763140       -0.0008112782       -0.0007821732       -0.0007044796
      245.0000000000       -0.0009421509       -0.0009521825       -0.0009241157       -0.0008807423       -0.0008670862       -0.0007874573       -0.0007567546       -0.0006947788
      246.0000000000       -0.0009562724       -0.0009573199       -0.0009338545       -0.0008892181       -0.0008420686       -0.0008116005       -0.0007836769       -0.0006972340
      247.0000000000       -0.0009771294       -0.0009440190       -0.0009326087       -0.0009212019       -0.0008394448       -0.0008219300       -0.0007519269       -0.0006804164
      248.0000000000       -0.0009297894       -0.0009571573       -0.0008933125       -0.0008811679       -0.0008690618       -0.0007960620       -0.0007592976       -0.0007016613
      249.0000000000       -0.0009575027       -0.0009433147       -0.0008990150       -0.0008956559       -0.0008555620       -0.0007737599       -0.0007254421       -0.0007166326
      250.0000000000       -0.0009510652       -0.0009413405       -0.0009237979       -0.0008897353       -0.0008628975       -0.0008223231       -0.0007656333       -0.0007113578
      251.0000000000       -0.0009732414       -0.0009174323       -0.0009176380       -0.0008814987       -0.0008530598       -0.0008170368       -0.0007443967       -0.0007143535
      252.0000000000       -0.0009636530       -0.0009467887       -0.0009079827       -0.0009074251       -0.0008591357       -0.0008471066       -0.0007543817       -0.0006787170
      253.0000000000       -0.0009368354       -0.0009361633       -0.0009080955       -0.0008861518       -0.0008737685       -0.0008262506       -0.0007863498       -0.0007258433
      254.0000000000       -0.0009825153       -0.0009428537       -0.0009116372       -0.0008736217       -0.0008379185       -0.0008216955       -0.0007651650       -0.0007320715
      255.0000000000       -0.0009723324       -0.0009536558       -0.0009318731       -0.0008662592       -0.0008254505       -0.0008316595       -0.0007796595       -0.0007053923
