        0.0000000000        0.1230014782
        1.0000000000        0.0501708377
        2.0000000000        0.0331143479
        3.0000000000        0.0252404336
        4.0000000000        0.0205816960
        5.0000000000        0.0174426222
        6.0000000000        0.0151575004
        7.0000000000        0.0134066321
        8.0000000000        0.0120137621
        9.0000000000        0.0108775026
       10.0000000000        0.0099246684
       11.0000000000        0.0091178188
       12.0000000000        0.0084184785
       13.0000000000        0.0078066409
       14.0000000000        0.0072708417
       15.0000000000        0.0067905158
       16.0000000000        0.0063609020
       17.0000000000        0.0059721392
       18.0000000000        0.0056160496
       19.0000000000        0.0052955209
       20.0000000000        0.0050016219
       21.0000000000        0.0047361126
       22.0000000000        0.0044880157
       23.0000000000        0.0042572139
       24.0000000000        0.0040408985
       25.0000000000        0.0038419611
       26.0000000000        0.0036565968
       27.0000000000        0.0034785979
       28.0000000000        0.0033140563
       29.0000000000        0.0031636838
       30.0000000000        0.0030204231
       31.0000000000        0.0028855565
       32.0000000000        0.0027573858
       33.0000000000        0.0026356411
       34.0000000000        0.0025200468
       35.0000000000        0.0024092398
       36.0000000000        0.0023037657
       37.0000000000        0.0022061083
       38.0000000000        0.0021106137
       39.0000000000        0.0020257533
       40.0000000000        0.0019397633
       41.0000000000        0.0018598663
       42.0000000000        0.0017815270
       43.0000000000        0.0017071315
       44.0000000000        0.0016357217
       45.0000000000        0.0015681702
       46.0000000000        0.0015053410
       47.0000000000        0.0014443536
       48.0000000000        0.0013799261
       49.0000000000        0.0013205912
       50.0000000000        0.0012665828
       51.0000000000        0.0012159447
       52.0000000000        0.0011679992
       53.0000000000        0.0011181734
       54.0000000000        0.0010730375
       55.0000000000        0.0010291340
       56.0000000000        0.0009847608
       57.0000000000        0.0009419527
       58.0000000000        0.0009035588
       59.0000000000        0.0008652212
       60.0000000000        0.0008300806
       61.0000000000        0.0007914649
       62.0000000000        0.0007538297
       63.0000000000        0.0007205819
       64.0000000000        0.0006868726
       65.0000000000        0.0006555209
       66.0000000000        0.0006274411
       67.0000000000        0.0005979366
       68.0000000000        0.0005768454
       69.0000000000        0.0005479040
       70.0000000000        0.0005236356
       71.0000000000        0.0004989918
       72.0000000000        0.0004742603
       73.0000000000        0.0004489404
       74.0000000000        0.0004267438
       75.0000000000        0.0004052138
       76.0000000000        0.0003832472
       77.0000000000        0.0003630087
       78.0000000000        0.0003466460
       79.0000000000        0.0003266454
       80.0000000000        0.0003070838
       81.0000000000        0.0002886522
       82.0000000000        0.0002763507
       83.0000000000        0.0002594438
       84.0000000000        0.0002422906
       85.0000000000        0.0002284627
       86.0000000000        0.0002127524
       87.0000000000        0.0001976043
       88.0000000000        0.0001832644
       89.0000000000        0.0001727754
       90.0000000000        0.0001636500
       91.0000000000        0.0001520182
       92.0000000000        0.0001434872
       93.0000000000        0.0001349347
       94.0000000000        0.0001199346
       95.0000000000        0.0001104662
       96.0000000000        0.0000975007
       97.0000000000        0.0000898618
       98.0000000000        0.0000816060
       99.0000000000        0.0000733628
      100.0000000000        0.0000610841
      101.0000000000        0.0000571343
      102.0000000000        0.0000483530
      103.0000000000        0.0000426601
      104.0000000000        0.0000369211
      105.0000000000        0.0000306668
      106.0000000000        0.0000225521
      107.0000000000        0.0000167629
      108.0000000000        0.0000076099
      109.0000000000        0.0000033574
      110.0000000000        0.0000012804
      111.0000000000       -0.0000059244
      112.0000000000       -0.0000063124
      113.0000000000       -0.0000065474
      114.0000000000       -0.0000145291
      115.0000000000       -0.0000180732
      116.0000000000       -0.0000212567
      117.0000000000       -0.0000183865
      118.0000000000       -0.0000196105
      119.0000000000       -0.0000218189
      120.0000000000       -0.0000234439
      121.0000000000       -0.0000283133
      122.0000000000       -0.0000288290
      123.0000000000       -0.0000320417
      124.0000000000       -0.0000348887
      125.0000000000       -0.0000386309
      126.0000000000       -0.0000392566
      127.0000000000       -0.0000383970
      128.0000000000       -0.0000375029
