        0.0000000000        0.1751356654
        1.0000000000        0.0766593342
        2.0000000000        0.0511936969
        3.0000000000        0.0390933961
        4.0000000000        0.0319347608
        5.0000000000        0.0270145128
        6.0000000000        0.0233840551
        7.0000000000        0.0206713989
        8.0000000000        0.0185291063
        9.0000000000        0.0167745863
       10.0000000000        0.0152362834
       11.0000000000        0.0140100017
       12.0000000000        0.0129310479
       13.0000000000        0.0119249205
       14.0000000000        0.0110699226
       15.0000000000        0.0104082111
       16.0000000000        0.0097143806
       17.0000000000        0.0091203705
       18.0000000000        0.0085856301
       19.0000000000        0.0080310200
       20.0000000000        0.0076055348
       21.0000000000        0.0071973327
       22.0000000000        0.0068142099
       23.0000000000        0.0064167296
       24.0000000000        0.0061374249
       25.0000000000        0.0058440048
       26.0000000000        0.0055722443
       27.0000000000        0.0053080319
       28.0000000000        0.0051223040
       29.0000000000        0.0049541559
       30.0000000000        0.0047459556
       31.0000000000        0.0045530007
       32.0000000000        0.0043104310
       33.0000000000        0.0041397994
       34.0000000000        0.0039368332
       35.0000000000        0.0037382096
       36.0000000000        0.0035828174
       37.0000000000        0.0034391876
       38.0000000000        0.0032796742
       39.0000000000        0.0031560727
       40.0000000000        0.0030131372
       41.0000000000        0.0029088706
       42.0000000000        0.0027525854
       43.0000000000        0.0026503157
       44.0000000000        0.0025226238
       45.0000000000        0.0024044657
       46.0000000000        0.0022879833
       47.0000000000        0.0021540757
       48.0000000000        0.0020458807
       49.0000000000        0.0019861087
       50.0000000000        0.0018928903
       51.0000000000        0.0017986438
       52.0000000000        0.0016551509
       53.0000000000        0.0016120756
       54.0000000000        0.0015899008
       55.0000000000        0.0015377419
       56.0000000000        0.0014584792
       57.0000000000        0.0013697040
       58.0000000000        0.0013659498
       59.0000000000        0.0013342804
       60.0000000000        0.0012526623
       61.0000000000        0.0012082468
       62.0000000000        0.0011555771
       63.0000000000        0.0010729434
       64.0000000000        0.0010579979
       65.0000000000        0.0010208125
       66.0000000000        0.0010108667
       67.0000000000        0.0009651193
       68.0000000000        0.0009028574
       69.0000000000        0.0008499679
       70.0000000000        0.0007887948
       71.0000000000        0.0007525208
       72.0000000000        0.0007270359
       73.0000000000        0.0006448018
       74.0000000000        0.0005896585
       75.0000000000        0.0005827923
       76.0000000000        0.0005707823
       77.0000000000        0.0005563815
       78.0000000000        0.0005339047
       79.0000000000        0.0004823645
       80.0000000000        0.0004513441
       81.0000000000        0.0003767650
       82.0000000000        0.0003156505
       83.0000000000        0.0003560515
       84.0000000000        0.0002785012
       85.0000000000        0.0003238305
       86.0000000000        0.0003502834
       87.0000000000        0.0003131946
       88.0000000000        0.0003126448
       89.0000000000        0.0003017638
       90.0000000000        0.0002657652
       91.0000000000        0.0001894710
       92.0000000000        0.0002076360
       93.0000000000        0.0002158094
       94.0000000000        0.0002027497
       95.0000000000        0.0001618013
       96.0000000000        0.0001413510
       97.0000000000        0.0002276567
       98.0000000000        0.0001366487
       99.0000000000        0.0001759958
      100.0000000000        0.0001031952
      101.0000000000        0.0001008579
      102.0000000000        0.0000651065
      103.0000000000        0.0000735763
      104.0000000000        0.0000654293
      105.0000000000        0.0000729938
      106.0000000000        0.0000272390
      107.0000000000       -0.0000457121
      108.0000000000       -0.0000075163
      109.0000000000        0.0000091526
      110.0000000000       -0.0000292980
      111.0000000000       -0.0000340681
      112.0000000000        0.0000002146
      113.0000000000        0.0000320565
      114.0000000000       -0.0000005678
      115.0000000000       -0.0000445346
      116.0000000000       -0.0001177078
      117.0000000000       -0.0001514321
      118.0000000000       -0.0001316877
      119.0000000000       -0.0001057029
      120.0000000000       -0.0001128792
      121.0000000000       -0.0001366852
      122.0000000000       -0.0001689390
      123.0000000000       -0.0001632031
      124.0000000000       -0.0001381433
      125.0000000000       -0.0001051818
      126.0000000000       -0.0001259521
      127.0000000000       -0.0001242887
      128.0000000000       -0.0001495770
