     -255.0000000000       -0.0008391416       -0.0008614727       -0.0009383104       -0.0009801011       -0.0008752639       -0.0008437257       -0.0008662861       -0.0008845047
     -254.0000000000       -0.0009577182       -0.0009984623       -0.0010212552       -0.0009806294       -0.0009169700       -0.0007995264       -0.0009683228       -0.0008197605
     -253.0000000000       -0.0010217098       -0.0008357159       -0.0010078824       -0.0009496065       -0.0008315334       -0.0009632902       -0.0008898225       -0.0007968961
     -252.0000000000       -0.0009023627       -0.0007882151       -0.0009955070       -0.0009578966       -0.0008618993       -0.0008764279       -0.0009176203       -0.0008619799
     -251.0000000000       -0.0008006931       -0.0007557690       -0.0009631023       -0.0008718955       -0.0008452041       -0.0008297049       -0.0007436047       -0.0007042791
     -250.0000000000       -0.0009244783       -0.0009744902       -0.0009908147       -0.0009042668       -0.0007838460       -0.0008405499       -0.0008077316       -0.0007365011
     -249.0000000000       -0.0009091955       -0.0008439081       -0.0009179591       -0.0009194735       -0.0007485301       -0.0008640222       -0.0009490825       -0.0008244624
     -248.0000000000       -0.0008606368       -0.0009770838       -0.0008289380       -0.0009193178       -0.0009559558       -0.0008539432       -0.0009365030       -0.0009189986
     -247.0000000000       -0.0009364178       -0.0009708716       -0.0009615701       -0.0010436556       -0.0009123284       -0.0008237377       -0.0007722529       -0.0008796539
     -246.0000000000       -0.0008158400       -0.0009428940       -0.0009241097       -0.0008845885       -0.0008496627       -0.0008587808       -0.0008746667       -0.0008528282
     -245.0000000000       -0.0008356224       -0.0008488512       -0.0009580433       -0.0008593943       -0.0007633699       -0.0008886681       -0.0008675834       -0.0009257689
     -244.0000000000       -0.0009508039       -0.0009077526       -0.0010128166       -0.0008034522       -0.0009860383       -0.0009679325       -0.0008784978       -0.0009061377
     -243.0000000000       -0.0010726973       -0.0009302454       -0.0008430845       -0.0011046896       -0.0008693399       -0.0009987464       -0.0008586694       -0.0008317743
     -242.0000000000       -0.0008904096       -0.0010131978       -0.0009223735       -0.0009877898       -0.0008451169       -0.0009702846       -0.0009888951       -0.0008951996
     -241.0000000000       -0.0010477847       -0.0008620386       -0.0007481689       -0.0008961131       -0.0008323284       -0.0009250206       -0.0010137268       -0.0009998727
     -240.0000000000       -0.0010227271       -0.0009909229       -0.0008189967       -0.0008683478       -0.0009608057       -0.0009474286       -0.0009178124       -0.0008040793
     -239.0000000000       -0.0010367029       -0.0008960621       -0.0009633493       -0.0009615064       -0.0008637229       -0.0007706183       -0.0008038579       -0.0008662544
     -238.0000000000       -0.0010550925       -0.0009756203       -0.0009962207       -0.0009670310       -0.0008555827       -0.0008540604       -0.0008740887       -0.0008493277
     -237.0000000000       -0.0008051984       -0.0010639171       -0.0008151061       -0.0010237038       -0.0008254527       -0.0009717648       -0.0008719316       -0.0007193900
     -236.0000000000       -0.0008243438       -0.0008745274       -0.0010009063       -0.0009255919       -0.0008512796       -0.0010627347       -0.0007515091       -0.0009204298
     -235.0000000000       -0.0009217899       -0.0008592179       -0.0008249853       -0.0007847787       -0.0008446576       -0.0009122600       -0.0008838096       -0.0009525631
     -234.0000000000       -0.0007819048       -0.0008219896       -0.0009910111       -0.0009287382       -0.0009180493       -0.0009883049       -0.0008310200       -0.0010507474
     -233.0000000000       -0.0009293912       -0.0009219829       -0.0009110527       -0.0008776094       -0.0009734797       -0.0008237938       -0.0008990087       -0.0008910622
     -232.0000000000       -0.0008359653       -0.0009758613       -0.0008995880       -0.0009724328       -0.0008812513       -0.0009854593       -0.0009835046       -0.0009562910
     -231.0000000000       -0.0009774342       -0.0007937598       -0.0008746296       -0.0008631229       -0.0009279623       -0.0009691942       -0.0008598088       -0.0008814396
     -230.0000000000       -0.0009507543       -0.0008338414       -0.0009628607       -0.0008829388       -0.0008914875       -0.0008790052       -0.0009321337       -0.0007965380
     -229.0000000000       -0.0009629041       -0.0009131197       -0.0010749593       -0.0009343250       -0.0008844742       -0.0009862104       -0.0007626244       -0.0007803506
     -228.0000000000       -0.0009421170       -0.0009010339       -0.0009266120       -0.0009823177       -0.0009161113       -0.0009495970       -0.0008691388       -0.0009677948
     -227.0000000000       -0.0008113116       -0.0009893636       -0.0008160014       -0.0007841113       -0.0008723138       -0.0009115192       -0.0008082254       -0.0008710680
     -226.0000000000       -0.0009498464       -0.0008480168       -0.0008799244       -0.0009576381       -0.0009258560       -0.0009299359       -0.0009958206       -0.0010532175
     -225.0000000000       -0.0009474340       -0.0008347413       -0.0009102835       -0.0009256965       -0.0009082522       -0.0010607686       -0.0009118608       -0.0009426846
     -224.0000000000       -0.0008903207       -0.0009497755       -0.0009370837       -0.0009172039       -0.0009170904       -0.0008956850       -0.0008655976       -0.0008842296
     -223.0000000000       -0.0010850423       -0.0009166035       -0.0010364987       -0.0008572707       -0.0009652141       -0.0008409912       -0.0010008355       -0.0009617326
     -222.0000000000       -0.0007972859       -0.0009784557       -0.0009598133       -0.0007472807       -0.0009236908       -0.0009200511       -0.0009698676       -0.0008968023
     -221.0000000000       -0.0009742286       -0.0010367366       -0.0009659088       -0.0010025300       -0.0009342758       -0.0009479990       -0.0009603988       -0.0009071368
     -220.0000000000       -0.0008273146       -0.0008713120       -0.0009484818       -0.0008953268       -0.0009091538       -0.0007214019       -0.0008317276       -0.0008139042
     -219.0000000000       -0.0008672983       -0.0009211271       -0.0009817800       -0.0007861470       -0.0009152640       -0.0008871404       -0.0008713288       -0.0008401742
     -218.0000000000       -0.0009990220       -0.0008512943       -0.0009391022       -0.0008377664       -0.0009047619       -0.0008414422       -0.0010483468       -0.0007076098
     -217.0000000000       -0.0009291371       -0.0009259947       -0.0008398721       -0.0008278595       -0.0009150036       -0.0009084364       -0.0009533473       -0.0009218063
     -216.0000000000       -0.0008762600       -0.0007740927       -0.0008465548       -0.0009630523       -0.0009412723       -0.0008894165       -0.0009175072       -0.0009466489
     -215.0000000000       -0.0008411097       -0.0009110027       -0.0009455251       -0.0008610678       -0.0007543396       -0.0009417487       -0.0008844702       -0.0009564277
     -214.0000000000       -0.0009529584       -0.0009069735       -0.0009283457       -0.0008057204       -0.0009339623       -0.0009900321       -0.0007966238       -0.0009795968
     -213.0000000000       -0.0009182842       -0.0009195111       -0.0009126808       -0.0009462239       -0.0010467503       -0.0009655564       -0.0008373638       -0.0008747489
     -212.0000000000       -0.0008165439       -0.0009209073       -0.0009068797       -0.0007948892       -0.0008803180       -0.0008678312       -0.0009491981       -0.0009144048
     -211.0000000000       -0.0009444081       -0.0008403092       -0.0008699147       -0.0010154477       -0.0009341428       -0.0008427746       -0.0008032416       -0.0008265299
     -210.0000000000       -0.0009315940       -0.0009524983       -0.0008744007       -0.0008305892       -0.0009464217       -0.0008328955       -0.0007206872       -0.0008875384
     -209.0000000000       -0.0009162418       -0.0009315694       -0.0008461036       -0.0009038850       -0.0008069744       -0.0008255008       -0.0009211737       -0.0008856368
     -208.0000000000       -0.0008599248       -0.0010396671       -0.0009253972       -0.0008098064       -0.0009244461       -0.0008581606       -0.0010136326       -0.0007737435
     -207.0000000000       -0.0009222037       -0.0008891128       -0.0008091752       -0.0009978913       -0.0007741455       -0.0007156857       -0.0009996370       -0.0008279996
     -206.0000000000       -0.0009807126       -0.0008445631       -0.0007455752       -0.0009490466       -0.0010054482       -0.0008072556       -0.0008035635       -0.0009021111
     -205.0000000000       -0.0008955545       -0.0009638141       -0.0008572422       -0.0007815603       -0.0008854959       -0.0008470215       -0.0008977034       -0.0008654145
     -204.0000000000       -0.0009542346       -0.0009944737       -0.0009398264       -0.0009267797       -0.0008888287       -0.0009254076       -0.0008244096       -0.0008457597
     -203.0000000000       -0.0007697502       -0.0009112971       -0.0008558139       -0.0008946076       -0.0008085107       -0.0009287656       -0.0008517515       -0.0007776384
     -202.0000000000       -0.0008786169       -0.0009878707       -0.0007894800       -0.0008445914       -0.0009048297       -0.0009057961       -0.0008544526       -0.0008584575
     -201.0000000000       -0.0008293889       -0.0009954767       -0.0008694583       -0.0009077986       -0.0009213522       -0.0008192435       -0.0008420282       -0.0008187441
     -200.0000000000       -0.0008719995       -0.0011089912       -0.0008282547       -0.0009444113       -0.0009689182       -0.0009361331       -0.0010564942       -0.0008959833
     -199.0000000000       -0.0008552582       -0.0008929172       -0.0009020936       -0.0010024908       -0.0009526301       -0.0009259529       -0.0008996056       -0.0008513594
     -198.0000000000       -0.0009667142       -0.0009566059       -0.0007984125       -0.0010273416       -0.0010340513       -0.0008339969       -0.0008432258       -0.0008848893
     -197.0000000000       -0.0008255463       -0.0008543831       -0.0008501655       -0.0009820737       -0.0010173357       -0.0008605941       -0.0007918860       -0.0008051376
     -196.0000000000       -0.0009174263       -0.0008009361       -0.0008137287       -0.0008532020       -0.0008459506       -0.0008511329       -0.0008569894       -0.0008352640
     -195.0000000000       -0.0009141643       -0.0009075999       -0.0009762849       -0.0009533647       -0.0008498624       -0.0008212829       -0.0008345493       -0.0008790307
     -194.0000000000       -0.0010175522       -0.0007974373       -0.0008462503       -0.0008808726       -0.0009927230       -0.0008554313       -0.0010243439       -0.0008111643
     -193.0000000000       -0.0010145255       -0.0009338348       -0.0008528246       -0.0009502775       -0.0009485564       -0.0008893913       -0.0008996446       -0.0008585482
     -192.0000000000       -0.0008396297       -0.0009562467       -0.0007458607       -0.0008778139       -0.0008106185       -0.0008700673       -0.0009286591       -0.0008695687
     -191.0000000000       -0.0008667471       -0.0008320815       -0.0009021541       -0.0009774133       -0.0009980285       -0.0009002000       -0.0007964991       -0.0009179519
     -190.0000000000       -0.0009018975       -0.0009518234       -0.0010743012       -0.0008874903       -0.0009264912       -0.0009482729       -0.0008842952       -0.0007765622
     -189.0000000000       -0.0011047105       -0.0010475731       -0.0009754907       -0.0009848776       -0.0006966700       -0.0009323728       -0.0008289491       -0.0007923039
     -188.0000000000       -0.0010206508       -0.0009697484       -0.0010002641       -0.0010588928       -0.0008756732       -0.0009270372       -0.0007954464       -0.0008377902
     -187.0000000000       -0.0010267720       -0.0008828795       -0.0008778747       -0.0008091945       -0.0008949795       -0.0010284168       -0.0008525042       -0.0008142270
     -186.0000000000       -0.0008888233       -0.0009181396       -0.0010609866       -0.0009425872       -0.0008920838       -0.0008514015       -0.0008357446       -0.0007838712
     -185.0000000000       -0.0008644223       -0.0008973823       -0.0009536438       -0.0008879397       -0.0009906033       -0.0009303484       -0.0009068056       -0.0008546308
     -184.0000000000       -0.0008412746       -0.0009048162       -0.0010851643       -0.0009248740       -0.0008527362       -0.0007865286       -0.0008478329       -0.0008062578
     -183.0000000000       -0.0008028741       -0.0008778349       -0.0010749464       -0.0008520145       -0.0008720918       -0.0009365774       -0.0008667286       -0.0008156563
     -182.0000000000       -0.0009178366       -0.0007840104       -0.0010149561       -0.0008956615       -0.0010252929       -0.0008759120       -0.0009254298       -0.0007632207
     -181.0000000000       -0.0008428887       -0.0008490569       -0.0009893856       -0.0010226015       -0.0009318256       -0.0008767204       -0.0007885395       -0.0008333119
     -180.0000000000       -0.0010058204       -0.0009570907       -0.0009384271       -0.0009459605       -0.0009190394       -0.0008715814       -0.0008587120       -0.0007573307
     -179.0000000000       -0.0009319558       -0.0009749770       -0.0008979049       -0.0009059517       -0.0008456611       -0.0009388387       -0.0010198625       -0.0007997809
     -178.0000000000       -0.0008577684       -0.0009910216       -0.0008813575       -0.0010098597       -0.0008918645       -0.0008472274       -0.0008284383       -0.0009023047
     -177.0000000000       -0.0007340621       -0.0008430948       -0.0010326626       -0.0009657298       -0.0008490718       -0.0008989159       -0.0008110804       -0.0007796444
     -176.0000000000       -0.0008444265       -0.0008227662       -0.0010279355       -0.0008698798       -0.0009511461       -0.0008463476       -0.0008667575       -0.0008135572
     -175.0000000000       -0.0008189926       -0.0007735904       -0.0008975866       -0.0009325845       -0.0007700692       -0.0009274428       -0.0009651416       -0.0007128993
     -174.0000000000       -0.0009973545       -0.0008209234       -0.0010586496       -0.0009527810       -0.0008682766       -0.0008874787       -0.0007746268       -0.0008539486
     -173.0000000000       -0.0009921935       -0.0008722601       -0.0008662451       -0.0008319240       -0.0010051401       -0.0008603829       -0.0006900655       -0.0007237491
     -172.0000000000       -0.0007600984       -0.0008838645       -0.0007792289       -0.0008834929       -0.0008370474       -0.0008695515       -0.0007507881       -0.0008623169
     -171.0000000000       -0.0009695240       -0.0008827438       -0.0009748395       -0.0009384694       -0.0007103787       -0.0007602081       -0.0008643963       -0.0007042334
     -170.0000000000       -0.0009028730       -0.0008840190       -0.0009957589       -0.0010318555       -0.0008317777       -0.0009329780       -0.0007633595       -0.0008374957
     -169.0000000000       -0.0009378621       -0.0009153366       -0.0009037285       -0.0010060419       -0.0009404646       -0.0008397841       -0.0008547047       -0.0007897881
     -168.0000000000       -0.0009267872       -0.0008931172       -0.0009288594       -0.0008853381       -0.0008669906       -0.0007034498       -0.0006864032       -0.0008152300
     -167.0000000000       -0.0009926814       -0.0008186791       -0.0008774491       -0.0008530695       -0.0008789031       -0.0007230679       -0.0007099205       -0.0007812239
     -166.0000000000       -0.0009948775       -0.0008814577       -0.0009049106       -0.0007590092       -0.0010288397       -0.0006947898       -0.0008950002       -0.0007641210
     -165.0000000000       -0.0010359987       -0.0010161948       -0.0009182640       -0.0009023614       -0.0008968751       -0.0009847876       -0.0008649911       -0.0007856317
     -164.0000000000       -0.0008581580       -0.0009200730       -0.0008654852       -0.0009308132       -0.0007772858       -0.0009764416       -0.0008199514       -0.0007266925
     -163.0000000000       -0.0008971892       -0.0008871738       -0.0007458537       -0.0008604898       -0.0008053183       -0.0008233062       -0.0008280171       -0.0006531739
     -162.0000000000       -0.0008236601       -0.0008669921       -0.0008212966       -0.0009016871       -0.0008843114       -0.0007890807       -0.0007855474       -0.0006994948
     -161.0000000000       -0.0008671147       -0.0007963819       -0.0010262668       -0.0009157462       -0.0008033809       -0.0008536922       -0.0007628553       -0.0007250171
     -160.0000000000       -0.0008153798       -0.0008806945       -0.0009923139       -0.0010523213       -0.0007895265       -0.0008902028       -0.0007750804       -0.0006966397
     -159.0000000000       -0.0007620505       -0.0009109142       -0.0010637679       -0.0008833431       -0.0007621529       -0.0009724120       -0.0007912614       -0.0006018065
     -158.0000000000       -0.0007999579       -0.0008843302       -0.0010024062       -0.0007849566       -0.0006800948       -0.0007588807       -0.0006693561       -0.0005666845
     -157.0000000000       -0.0009686488       -0.0008738437       -0.0008820870       -0.0008273032       -0.0008941218       -0.0008230101       -0.0007853529       -0.0007295050
     -156.0000000000       -0.0008822986       -0.0010240228       -0.0009355938       -0.0009996512       -0.0008127277       -0.0006772625       -0.0005891073       -0.0006386342
     -155.0000000000       -0.0008862958       -0.0009960709       -0.0008757810       -0.0008314205       -0.0008874322       -0.0007986039       -0.0007264461       -0.0006601696
     -154.0000000000       -0.0008906039       -0.0009979163       -0.0008124674       -0.0008309493       -0.0008618357       -0.0008344108       -0.0007062543       -0.0006022689
     -153.0000000000       -0.0008548256       -0.0010352654       -0.0009904196       -0.0009250469       -0.0009025696       -0.0007284967       -0.0007318611       -0.0004374588
     -152.0000000000       -0.0010425609       -0.0010001843       -0.0009696713       -0.0008859849       -0.0009463661       -0.0007123332       -0.0006997745       -0.0006530756
     -151.0000000000       -0.0009494528       -0.0009503944       -0.0009913152       -0.0008752285       -0.0008142460       -0.0007115528       -0.0006928764       -0.0006946116
     -150.0000000000       -0.0009709355       -0.0009048499       -0.0009251066       -0.0008902731       -0.0007386310       -0.0006910269       -0.0007766375       -0.0005036562
     -149.0000000000       -0.0010220057       -0.0009682327       -0.0007807616       -0.0007603257       -0.0009210529       -0.0007124861       -0.0006573031       -0.0006093944
     -148.0000000000       -0.0008607282       -0.0008826851       -0.0007941255       -0.0009405823       -0.0007173286       -0.0006455384       -0.0007643860       -0.0007325276
     -147.0000000000       -0.0008525399       -0.0008452251       -0.0008732813       -0.0008932003       -0.0008001718       -0.0007960974       -0.0006300731       -0.0004973386
     -146.0000000000       -0.0008975487       -0.0008416919       -0.0009277032       -0.0008067211       -0.0008200619       -0.0007202864       -0.0007496386       -0.0005507060
     -145.0000000000       -0.0009398372       -0.0008073412       -0.0009270629       -0.0008560847       -0.0009537948       -0.0006311294       -0.0005893977       -0.0006105524
     -144.0000000000       -0.0009666313       -0.0008633921       -0.0007595723       -0.0008621280       -0.0006743449       -0.0006302784       -0.0005231897       -0.0004985984
     -143.0000000000       -0.0009346147       -0.0009621937       -0.0007629099       -0.0009122134       -0.0007647859       -0.0006498947       -0.0005757533       -0.0005566327
     -142.0000000000       -0.0010588220       -0.0010762113       -0.0007720511       -0.0008569518       -0.0007033711       -0.0006425365       -0.0005540250       -0.0005576386
     -141.0000000000       -0.0010347486       -0.0010143427       -0.0009115711       -0.0008607146       -0.0008220925       -0.0006715654       -0.0006252582       -0.0005384137
     -140.0000000000       -0.0010317181       -0.0009302337       -0.0009155652       -0.0007881455       -0.0008084425       -0.0006739514       -0.0005982047       -0.0005530709
     -139.0000000000       -0.0009602816       -0.0009847921       -0.0008424347       -0.0008988009       -0.0008289837       -0.0006962482       -0.0004816104       -0.0005085635
     -138.0000000000       -0.0009464587       -0.0009135450       -0.0007728638       -0.0009105482       -0.0006773117       -0.0006827000       -0.0005160370       -0.0005472571
     -137.0000000000       -0.0009765379       -0.0010120995       -0.0008300643       -0.0007608261       -0.0007382892       -0.0006989186       -0.0005451115       -0.0006276950
     -136.0000000000       -0.0009624380       -0.0009759100       -0.0007910090       -0.0008133353       -0.0007082056       -0.0006351683       -0.0005213090       -0.0005659387
     -135.0000000000       -0.0008296184       -0.0008990889       -0.0007970855       -0.0008521358       -0.0007628904       -0.0006825762       -0.0004703124       -0.0005056775
     -134.0000000000       -0.0010545432       -0.0008198243       -0.0008321396       -0.0007266251       -0.0007637107       -0.0006513229       -0.0005586584       -0.0005007569
     -133.0000000000       -0.0009817530       -0.0010216666       -0.0009243961       -0.0007944376       -0.0008370329       -0.0006065158       -0.0006082826       -0.0003014580
     -132.0000000000       -0.0009816277       -0.0008819424       -0.0009728323       -0.0008014433       -0.0007151528       -0.0006613521       -0.0004514383       -0.0004666120
     -131.0000000000       -0.0009466976       -0.0009339861       -0.0009268168       -0.0008149253       -0.0008427136       -0.0007157892       -0.0006367322       -0.0003191652
     -130.0000000000       -0.0008856008       -0.0008894050       -0.0008274178       -0.0007071814       -0.0008098094       -0.0005835450       -0.0004574042       -0.0004246853
     -129.0000000000       -0.0009100502       -0.0008196632       -0.0008743094       -0.0007763224       -0.0007615910       -0.0005252597       -0.0005660870       -0.0004494340
     -128.0000000000       -0.0009769461       -0.0010122582       -0.0007712221       -0.0009176717       -0.0007978873       -0.0005983819       -0.0004700744       -0.0004199073
     -127.0000000000       -0.0010278717       -0.0009108997       -0.0007621236       -0.0008923476       -0.0006437662       -0.0005199490       -0.0005123396       -0.0003495949
     -126.0000000000       -0.0008968694       -0.0008968091       -0.0008852863       -0.0007653004       -0.0006488055       -0.0005917562       -0.0004871452       -0.0003414507
     -125.0000000000       -0.0009935572       -0.0010513645       -0.0009332651       -0.0005831035       -0.0006221824       -0.0003861580       -0.0005091621       -0.0003999292
     -124.0000000000       -0.0010891143       -0.0009494709       -0.0008373937       -0.0008356814       -0.0007108037       -0.0004141873       -0.0004770872       -0.0004038749
     -123.0000000000       -0.0010295413       -0.0009476771       -0.0008753533       -0.0007425792       -0.0004435572       -0.0006115686       -0.0003710001       -0.0003447552
     -122.0000000000       -0.0009667285       -0.0010274765       -0.0007675739       -0.0006289751       -0.0004995861       -0.0007348781       -0.0002362722       -0.0003185281
     -121.0000000000       -0.0009909574       -0.0009052982       -0.0009161618       -0.0007096528       -0.0006266793       -0.0003246167       -0.0003449609       -0.0003416535
     -120.0000000000       -0.0009404017       -0.0008459280       -0.0009717088       -0.0007975121       -0.0007196521       -0.0005509027       -0.0004106931       -0.0002883538
     -119.0000000000       -0.0009094622       -0.0007868206       -0.0007957199       -0.0007339873       -0.0005664224       -0.0003837853       -0.0004165311       -0.0003630081
     -118.0000000000       -0.0009191496       -0.0009460573       -0.0009764002       -0.0005556812       -0.0005769285       -0.0005285711       -0.0003608528       -0.0001677640
     -117.0000000000       -0.0009679214       -0.0008841035       -0.0008817058       -0.0006769983       -0.0006749187       -0.0005447132       -0.0004009853       -0.0002887612
     -116.0000000000       -0.0009756915       -0.0008284270       -0.0009468168       -0.0006543742       -0.0006293523       -0.0004653412       -0.0004228947       -0.0002429269
     -115.0000000000       -0.0010113151       -0.0009334357       -0.0008797801       -0.0006880510       -0.0005556744       -0.0005533112       -0.0002748037       -0.0001504320
     -114.0000000000       -0.0008129952       -0.0008853416       -0.0009189666       -0.0006834347       -0.0005712544       -0.0003708398       -0.0002227819       -0.0001812311
     -113.0000000000       -0.0008304771       -0.0008525057       -0.0008828660       -0.0007878037       -0.0006564189       -0.0002538244       -0.0002134975       -0.0001775231
     -112.0000000000       -0.0008687736       -0.0007873199       -0.0009365508       -0.0007314911       -0.0006310561       -0.0004881986       -0.0002011127       -0.0001877374
     -111.0000000000       -0.0009139295       -0.0010334590       -0.0009108199       -0.0006958197       -0.0004622086       -0.0002639446       -0.0002867859       -0.0000683226
     -110.0000000000       -0.0008643660       -0.0008737651       -0.0008974504       -0.0006506045       -0.0004325622       -0.0003098691       -0.0001752534       -0.0001505627
     -109.0000000000       -0.0008835963       -0.0007528670       -0.0007577621       -0.0005718277       -0.0003410850       -0.0003120009       -0.0001871196       -0.0000942638
     -108.0000000000       -0.0008433690       -0.0008914973       -0.0009262876       -0.0006189674       -0.0004649478       -0.0002816966       -0.0001693584       -0.0000354147
     -107.0000000000       -0.0009752863       -0.0008510571       -0.0008120977       -0.0005824181       -0.0004918949       -0.0002182149       -0.0001323839       -0.0000405188
     -106.0000000000       -0.0008233446       -0.0008470765       -0.0008540519       -0.0005632644       -0.0003984096       -0.0003401858       -0.0000793709       -0.0000312956
     -105.0000000000       -0.0008070804       -0.0007685366       -0.0006837347       -0.0005741778       -0.0003813074       -0.0002562343       -0.0001613038       -0.0000564319
     -104.0000000000       -0.0010304935       -0.0008427782       -0.0007296170       -0.0005228518       -0.0002928261       -0.0002919523        0.0000209093       -0.0000443373
     -103.0000000000       -0.0008923685       -0.0008363316       -0.0008517875       -0.0004993696       -0.0004023463       -0.0001290131       -0.0000857534        0.0000400005
     -102.0000000000       -0.0008431044       -0.0008552840       -0.0008134762       -0.0005474765       -0.0003400141       -0.0001960510       -0.0001243409       -0.0000640446
     -101.0000000000       -0.0007958520       -0.0009307463       -0.0008431723       -0.0005257062       -0.0002543421       -0.0000873630       -0.0000452312       -0.0000537318
     -100.0000000000       -0.0010054875       -0.0008294328       -0.0007951068       -0.0004438443       -0.0003857261       -0.0001433743        0.0000420520        0.0000282222
      -99.0000000000       -0.0009581473       -0.0009176940       -0.0006204377       -0.0004486240       -0.0004526874       -0.0000644686        0.0001221961        0.0000843371
      -98.0000000000       -0.0008512634       -0.0008917627       -0.0007346062       -0.0005257163       -0.0004674475       -0.0000629287        0.0000393736        0.0001231587
      -97.0000000000       -0.0008506450       -0.0009683805       -0.0007791873       -0.0005234173       -0.0002338016       -0.0001101755        0.0001229236        0.0001768118
      -96.0000000000       -0.0008063639       -0.0008695224       -0.0006728877       -0.0003817675       -0.0002136586       -0.0002389663        0.0001011209        0.0001122975
      -95.0000000000       -0.0008450208       -0.0009308682       -0.0007349789       -0.0005190124       -0.0002752133        0.0001812965        0.0000758382        0.0001571190
      -94.0000000000       -0.0008539433       -0.0009892435       -0.0007081026       -0.0005029277       -0.0001958411        0.0000462721        0.0001031735        0.0002728538
      -93.0000000000       -0.0009151106       -0.0008659666       -0.0005972501       -0.0002553195       -0.0000505784        0.0001721939        0.0002027737        0.0003645002
      -92.0000000000       -0.0009491940       -0.0009999573       -0.0005459152       -0.0003975647       -0.0001091872       -0.0000704217        0.0001598829        0.0001711197
      -91.0000000000       -0.0009514022       -0.0009089835       -0.0007441687       -0.0004110463       -0.0001463198        0.0000597793        0.0002351029        0.0001714868
      -90.0000000000       -0.0008189954       -0.0008512826       -0.0007945988       -0.0002645382       -0.0000217479        0.0000827319        0.0001832740        0.0002746872
      -89.0000000000       -0.0009949133       -0.0008673095       -0.0006548770       -0.0003642708        0.0000196647        0.0001066784        0.0003710274        0.0003358039
      -88.0000000000       -0.0008374635       -0.0008613184       -0.0004744421       -0.0002675529        0.0000935594        0.0000997011        0.0001127139        0.0003331158
      -87.0000000000       -0.0009919409       -0.0007982297       -0.0004721754       -0.0002677148       -0.0000222389        0.0002162785        0.0002051551        0.0004252951
      -86.0000000000       -0.0010093818       -0.0008567476       -0.0003619498       -0.0002779513        0.0000452499        0.0002370121        0.0002513324        0.0003261022
      -85.0000000000       -0.0008878560       -0.0008744840       -0.0004871098       -0.0003148879        0.0001494376        0.0002758265        0.0002837846        0.0003035378
      -84.0000000000       -0.0009322179       -0.0007733917       -0.0005455790       -0.0001385226        0.0001473575        0.0002506823        0.0003192192        0.0003021008
      -83.0000000000       -0.0009209431       -0.0009135907       -0.0005265527       -0.0002462603        0.0000498762        0.0002692688        0.0001905694        0.0004801275
      -82.0000000000       -0.0010127659       -0.0007858037       -0.0002971389       -0.0001478194        0.0001674771        0.0002647104        0.0003288733        0.0005770975
      -81.0000000000       -0.0009262423       -0.0008813479       -0.0003623825       -0.0001197916        0.0003244423        0.0002748329        0.0003637594        0.0003139424
      -80.0000000000       -0.0009226123       -0.0008943316       -0.0004079110       -0.0000017922        0.0003203522        0.0003840449        0.0004391267        0.0002877466
      -79.0000000000       -0.0010126142       -0.0008752125       -0.0003518922        0.0001013779        0.0002798711        0.0002821319        0.0004516770        0.0005861546
      -78.0000000000       -0.0009794410       -0.0008471491       -0.0003022477        0.0000497807        0.0003092426        0.0004310749        0.0004088053        0.0006479036
      -77.0000000000       -0.0009381968       -0.0008274256       -0.0003834029        0.0000630659        0.0002329518        0.0004876669        0.0005153859        0.0005471321
      -76.0000000000       -0.0009618814       -0.0007890480       -0.0003548154        0.0000744094        0.0003375821        0.0005079304        0.0004892384        0.0005639306
      -75.0000000000       -0.0009591872       -0.0007674762       -0.0002066741        0.0000840122        0.0004087503        0.0005379077        0.0005274307        0.0004926122
      -74.0000000000       -0.0009734114       -0.0006688564       -0.0002830545        0.0000648190        0.0003435364        0.0004540825        0.0006187511        0.0006322483
      -73.0000000000       -0.0009921390       -0.0006631327       -0.0002125132        0.0002944971        0.0005303089        0.0005661982        0.0005724197        0.0005049461
      -72.0000000000       -0.0007914892       -0.0007546583       -0.0000307585        0.0002869268        0.0006599278        0.0005184507        0.0006080427        0.0005612707
      -71.0000000000       -0.0009338987       -0.0006423565       -0.0001843492        0.0002741242        0.0005898325        0.0006542306        0.0006625455        0.0005625528
      -70.0000000000       -0.0007420805       -0.0006344472       -0.0000677797        0.0001983866        0.0004007779        0.0006642052        0.0007611675        0.0006198282
      -69.0000000000       -0.0008218167       -0.0005519283        0.0000184219        0.0002885360        0.0005848290        0.0007139260        0.0005978585        0.0008277533
      -68.0000000000       -0.0007784291       -0.0007268946        0.0000118177        0.0003472665        0.0005463627        0.0006619477        0.0006813589        0.0006679311
      -67.0000000000       -0.0009535826       -0.0005353514        0.0001316729        0.0005774703        0.0005176186        0.0007730347        0.0006294260        0.0007519190
      -66.0000000000       -0.0009758436       -0.0006698886        0.0001835567        0.0004494447        0.0005909236        0.0007695767        0.0007406878        0.0007504958
      -65.0000000000       -0.0008379094       -0.0006914738        0.0001250807        0.0005486018        0.0006945564        0.0007799434        0.0008360156        0.0007481159
      -64.0000000000       -0.0009933757       -0.0005463432        0.0002738642        0.0005862721        0.0006407176        0.0006722016        0.0008650531        0.0008023051
      -63.0000000000       -0.0010073050       -0.0005961456        0.0003007773        0.0006371599        0.0007839743        0.0009137749        0.0009547504        0.0008043346
      -62.0000000000       -0.0009769469       -0.0005575055        0.0003942848        0.0008340606        0.0008440946        0.0009538025        0.0009193701        0.0008880009
      -61.0000000000       -0.0008641561       -0.0003855918        0.0002999663        0.0009385391        0.0008952110        0.0009004869        0.0007993117        0.0007712862
      -60.0000000000       -0.0008712252       -0.0004181349        0.0004812432        0.0007238116        0.0007778161        0.0008949645        0.0008168887        0.0009808844
      -59.0000000000       -0.0008935199       -0.0004167191        0.0006443901        0.0008487058        0.0009752755        0.0009392813        0.0010525089        0.0011146430
      -58.0000000000       -0.0010316003       -0.0002768532        0.0005345409        0.0009033864        0.0009664884        0.0009922439        0.0009534269        0.0010493431
      -57.0000000000       -0.0009140048       -0.0000931994        0.0005113273        0.0008127573        0.0009210341        0.0010042423        0.0010403047        0.0009119411
      -56.0000000000       -0.0009055185       -0.0002969383        0.0006603685        0.0009442648        0.0012508515        0.0010774305        0.0009886700        0.0008613030
      -55.0000000000       -0.0008767350       -0.0002207830        0.0008284623        0.0011151706        0.0011545019        0.0010371618        0.0010871089        0.0008410688
      -54.0000000000       -0.0008914146       -0.0001742918        0.0007514584        0.0011740430        0.0011961910        0.0011219816        0.0011394267        0.0010452730
      -53.0000000000       -0.0009709395       -0.0000843524        0.0007567178        0.0010923262        0.0011397346        0.0011077977        0.0012114196        0.0011519617
      -52.0000000000       -0.0009908873        0.0000873947        0.0010160991        0.0011971752        0.0012346200        0.0011474763        0.0010439059        0.0010402507
      -51.0000000000       -0.0009369259        0.0000460758        0.0010817518        0.0012096291        0.0013172824        0.0010502776        0.0011343736        0.0010402190
      -50.0000000000       -0.0008030032        0.0001122662        0.0011765398        0.0013027906        0.0013395957        0.0012157999        0.0013039504        0.0011712635
      -49.0000000000       -0.0009446666        0.0000958365        0.0011792866        0.0012054281        0.0012913116        0.0012219550        0.0012009591        0.0010968077
      -48.0000000000       -0.0009682845        0.0003504121        0.0010907106        0.0014641986        0.0014890740        0.0012835428        0.0011332566        0.0011542590
      -47.0000000000       -0.0009929039        0.0005277009        0.0011415151        0.0014655215        0.0015485970        0.0011443699        0.0012944812        0.0011976228
      -46.0000000000       -0.0009892126        0.0005526970        0.0012706100        0.0015521764        0.0015378011        0.0013408833        0.0012642828        0.0012510206
      -45.0000000000       -0.0009444012        0.0007808348        0.0014154017        0.0016884101        0.0014253927        0.0014867884        0.0013673708        0.0011468502
      -44.0000000000       -0.0008928276        0.0007927699        0.0015655857        0.0016578541        0.0014643824        0.0015021873        0.0012057761        0.0010639082
      -43.0000000000       -0.0010424741        0.0008876823        0.0016175548        0.0017818297        0.0015091929        0.0014304606        0.0012109738        0.0012181104
      -42.0000000000       -0.0009745669        0.0009825268        0.0017400831        0.0018051609        0.0015721923        0.0014560037        0.0012730594        0.0011932924
      -41.0000000000       -0.0009862900        0.0010372458        0.0016968827        0.0018407724        0.0015978749        0.0014758857        0.0013725663        0.0012583641
      -40.0000000000       -0.0010252786        0.0012453471        0.0019279201        0.0019059293        0.0017138187        0.0015715907        0.0013472303        0.0012439136
      -39.0000000000       -0.0009441880        0.0013648460        0.0020250556        0.0018643954        0.0017416308        0.0015581558        0.0014829812        0.0012619062
      -38.0000000000       -0.0010648924        0.0014440081        0.0020295267        0.0019810574        0.0017415687        0.0015968239        0.0015113921        0.0012491983
      -37.0000000000       -0.0009091091        0.0015957574        0.0020405587        0.0019889074        0.0019493802        0.0016131334        0.0014779592        0.0013567768
      -36.0000000000       -0.0009101838        0.0017296849        0.0021293734        0.0020408569        0.0018761594        0.0018250749        0.0014957215        0.0014238357
      -35.0000000000       -0.0008817205        0.0019040700        0.0023604612        0.0021543270        0.0018620266        0.0018317008        0.0015752232        0.0014366709
      -34.0000000000       -0.0008549138        0.0021404135        0.0023950185        0.0021030376        0.0018100902        0.0017816326        0.0014841106        0.0014386611
      -33.0000000000       -0.0008962617        0.0022202588        0.0023409564        0.0020491889        0.0019491032        0.0018196828        0.0014562142        0.0013086491
      -32.0000000000       -0.0009487651        0.0023036156        0.0024627835        0.0023216962        0.0019579448        0.0017591060        0.0017029002        0.0014867529
      -31.0000000000       -0.0009144708        0.0026062450        0.0026498141        0.0023289153        0.0019834382        0.0018627939        0.0016781815        0.0016768647
      -30.0000000000       -0.0010113807        0.0025987937        0.0026440531        0.0022986361        0.0020261340        0.0017205221        0.0015842349        0.0015756628
      -29.0000000000       -0.0008852833        0.0026928005        0.0027847157        0.0023144876        0.0020999196        0.0018102954        0.0017021909        0.0016108896
      -28.0000000000       -0.0009924525        0.0029829035        0.0027601088        0.0024661715        0.0021609071        0.0018935528        0.0016115136        0.0014742098
      -27.0000000000       -0.0010440374        0.0032408461        0.0029486493        0.0025656370        0.0022772116        0.0018923545        0.0016315404        0.0014684846
      -26.0000000000       -0.0008689711        0.0034022384        0.0029583584        0.0023817532        0.0021550381        0.0018884495        0.0015880190        0.0014705799
      -25.0000000000       -0.0009281722        0.0035975513        0.0029759805        0.0024860573        0.0021695686        0.0020360736        0.0016565315        0.0016244260
      -24.0000000000       -0.0009663484        0.0038363871        0.0031105798        0.0025744511        0.0022381401        0.0019516841        0.0017512302        0.0016215818
      -23.0000000000       -0.0008952879        0.0039320717        0.0032172428        0.0025441924        0.0022492856        0.0020304911        0.0016899229        0.0015487414
      -22.0000000000       -0.0009302701        0.0040056097        0.0033488416        0.0026846264        0.0023143863        0.0019572309        0.0017343055        0.0015312939
      -21.0000000000       -0.0010198280        0.0042116530        0.0034575790        0.0026996777        0.0024005934        0.0018893874        0.0017212428        0.0016647582
      -20.0000000000       -0.0009315385        0.0044852790        0.0032484273        0.0027290120        0.0023931307        0.0019706927        0.0018716578        0.0015394643
      -19.0000000000       -0.0007887064        0.0046959208        0.0034390880        0.0025832644        0.0023319728        0.0019458154        0.0017940614        0.0016088882
      -18.0000000000       -0.0009331347        0.0048151302        0.0035258751        0.0027889088        0.0024825813        0.0020511628        0.0017949509        0.0015050304
      -17.0000000000       -0.0009389527        0.0048549092        0.0035420307        0.0027657424        0.0023778107        0.0021331417        0.0017043948        0.0016489094
      -16.0000000000       -0.0009281720        0.0050220661        0.0036220237        0.0028834857        0.0023842699        0.0020906735        0.0017124368        0.0016596362
      -15.0000000000       -0.0011305643        0.0050493721        0.0037383295        0.0029271888        0.0023403924        0.0022250765        0.0017501681        0.0017835548
      -14.0000000000       -0.0009022260        0.0053934478        0.0038516691        0.0029300985        0.0023299208        0.0020422530        0.0018308135        0.0016931234
      -13.0000000000       -0.0009440407        0.0054539452        0.0038181940        0.0030171045        0.0023765594        0.0019999317        0.0019191940        0.0015480449
      -12.0000000000       -0.0010052265        0.0055820179        0.0037349645        0.0029220503        0.0024282873        0.0021243003        0.0019381634        0.0015818508
      -11.0000000000       -0.0010122572        0.0056880852        0.0038680918        0.0029629278        0.0023445587        0.0020237888        0.0018599428        0.0016206747
      -10.0000000000       -0.0009538875        0.0058591461        0.0037804882        0.0030993187        0.0025964349        0.0022067970        0.0018555677        0.0016787568
       -9.0000000000       -0.0007587331        0.0060428878        0.0039196294        0.0031001011        0.0025301137        0.0020826787        0.0018226706        0.0016327515
       -8.0000000000       -0.0009545430        0.0059935311        0.0041017260        0.0031786459        0.0023572894        0.0021634964        0.0019090057        0.0017666679
       -7.0000000000       -0.0007171390        0.0060105630        0.0041113482        0.0031449132        0.0026599853        0.0020805808        0.0019585134        0.0017195771
       -6.0000000000       -0.0009300166        0.0060379494        0.0040558895        0.0032249143        0.0025734870        0.0021266316        0.0018849583        0.0016172102
       -5.0000000000       -0.0006875111        0.0061348955        0.0040502987        0.0031169469        0.0025818020        0.0019877187        0.0019048409        0.0015927325
       -4.0000000000       -0.0003741200        0.0064203489        0.0040848013        0.0030729054        0.0024991308        0.0021418126        0.0019797281        0.0016851665
       -3.0000000000        0.0004270221        0.0061985168        0.0040669351        0.0032640348        0.0026062226        0.0020052697        0.0018514938        0.0017351597
       -2.0000000000        0.0032081188        0.0064207466        0.0040557982        0.0033099524        0.0025301241        0.0020494365        0.0019378332        0.0017688227
       -1.0000000000        0.0288720806        0.0063699781        0.0041734883        0.0031454704        0.0025329721        0.0021273829        0.0019125924        0.0016273331
        0.0000000000        0.3992105325        0.0063113652        0.0040613810        0.0031268622        0.0025995237        0.0020896560        0.0020915893        0.0018045235
        1.0000000000        0.0288720806        0.0062642572        0.0040686561        0.0031556023        0.0025762879        0.0021405174        0.0018464879        0.0016643192
        2.0000000000        0.0032081188        0.0062905463        0.0041208425        0.0031243435        0.0026359277        0.0021661302        0.0017841455        0.0015698121
        3.0000000000        0.0004270221        0.0062621803        0.0041482457        0.0030590942        0.0026361927        0.0022443344        0.0019043674        0.0017389170
        4.0000000000       -0.0003741200        0.0062292361        0.0042010033        0.0030325321        0.0026332409        0.0022308837        0.0020654346        0.0017535583
        5.0000000000       -0.0006875111        0.0061726822        0.0041360554        0.0030654974        0.0025188601        0.0022181722        0.0020079366        0.0016651276
        6.0000000000       -0.0009300166        0.0061920071        0.0040507702        0.0030014883        0.0024702773        0.0022667358        0.0017325348        0.0016054000
        7.0000000000       -0.0007171390        0.0060992469        0.0040465136        0.0031881114        0.0026346252        0.0022214231        0.0019724764        0.0017143820
        8.0000000000       -0.0009545430        0.0059301877        0.0041144732        0.0031244474        0.0023597093        0.0022884314        0.0017954831        0.0016508690
        9.0000000000       -0.0007587331        0.0060784118        0.0039542192        0.0030061671        0.0024701951        0.0020632862        0.0019493221        0.0016117631
       10.0000000000       -0.0009538875        0.0058347925        0.0039889055        0.0030398488        0.0024948817        0.0021351224        0.0016875307        0.0016742284
       11.0000000000       -0.0010122572        0.0057591402        0.0038424101        0.0030755731        0.0024515247        0.0021916997        0.0018752351        0.0017583258
       12.0000000000       -0.0010052265        0.0056453594        0.0039161176        0.0029886112        0.0024069090        0.0022718887        0.0018390945        0.0016965302
       13.0000000000       -0.0009440407        0.0054943644        0.0037502097        0.0029380242        0.0023949704        0.0019975379        0.0018451308        0.0016492226
       14.0000000000       -0.0009022260        0.0053904905        0.0038261316        0.0029080984        0.0024935962        0.0020410441        0.0018361286        0.0017283485
       15.0000000000       -0.0011305643        0.0050408718        0.0035638638        0.0028608297        0.0024304946        0.0019602538        0.0018306025        0.0016286187
       16.0000000000       -0.0009281720        0.0048854327        0.0036413258        0.0029394807        0.0025591936        0.0021212140        0.0018415591        0.0015441265
       17.0000000000       -0.0009389527        0.0048651708        0.0035418620        0.0027725731        0.0025263528        0.0020958469        0.0018206535        0.0015939984
       18.0000000000       -0.0009331347        0.0046767405        0.0036433126        0.0028390765        0.0025653564        0.0021256458        0.0017717952        0.0015355867
       19.0000000000       -0.0007887064        0.0045923307        0.0034936317        0.0028054086        0.0024079177        0.0020730281        0.0017575351        0.0016203583
       20.0000000000       -0.0009315385        0.0043405000        0.0034231274        0.0026926264        0.0022670865        0.0020534202        0.0018057731        0.0016680438
       21.0000000000       -0.0010198280        0.0042400527        0.0032671124        0.0027549787        0.0022858407        0.0020899223        0.0017857248        0.0016769609
       22.0000000000       -0.0009302701        0.0041196598        0.0031061611        0.0026610377        0.0023262650        0.0018137835        0.0017956429        0.0016224093
       23.0000000000       -0.0008952879        0.0038124607        0.0031140984        0.0026568275        0.0023018162        0.0020922427        0.0017012049        0.0015058005
       24.0000000000       -0.0009663484        0.0036522196        0.0030636766        0.0026982850        0.0021728376        0.0020058688        0.0016662262        0.0015721640
       25.0000000000       -0.0009281722        0.0035093721        0.0030407624        0.0026620623        0.0022354499        0.0018538554        0.0016935429        0.0015649471
       26.0000000000       -0.0008689711        0.0032542642        0.0030201622        0.0025101496        0.0021733131        0.0018541959        0.0016623159        0.0014655179
       27.0000000000       -0.0010440374        0.0031555249        0.0029957768        0.0023453286        0.0021289737        0.0017533412        0.0017380315        0.0015568436
       28.0000000000       -0.0009924525        0.0029519566        0.0028000280        0.0024167933        0.0020639885        0.0018692556        0.0017028579        0.0014156522
       29.0000000000       -0.0008852833        0.0028880279        0.0027055925        0.0023853325        0.0020083584        0.0017621031        0.0016777511        0.0014972468
       30.0000000000       -0.0010113807        0.0026221121        0.0025311123        0.0023035453        0.0020459553        0.0019416780        0.0015942445        0.0013059061
       31.0000000000       -0.0009144708        0.0025454081        0.0024602636        0.0023629875        0.0020394449        0.0018539300        0.0016331762        0.0014611584
       32.0000000000       -0.0009487651        0.0024323359        0.0025580885        0.0022575358        0.0019505353        0.0017077701        0.0016970507        0.0016158978
       33.0000000000       -0.0008962617        0.0022437149        0.0024266009        0.0023289943        0.0018127755        0.0017395629        0.0016034593        0.0013837380
       34.0000000000       -0.0008549138        0.0021363165        0.0023079721        0.0022598413        0.0018852008        0.0015714900        0.0015650170        0.0014049816
       35.0000000000       -0.0008817205        0.0018217214        0.0024549682        0.0020833419        0.0018984002        0.0017518856        0.0015258237        0.0014192187
       36.0000000000       -0.0009101838        0.0015933293        0.0022134432        0.0020135096        0.0018183716        0.0017407707        0.0014561449        0.0013383609
       37.0000000000       -0.0009091091        0.0015159406        0.0020484278        0.0020253942        0.0017966854        0.0016961454        0.0014545678        0.0012743428
       38.0000000000       -0.0010648924        0.0013904948        0.0020574668        0.0020289915        0.0017526702        0.0015742600        0.0014341252        0.0012737330
       39.0000000000       -0.0009441880        0.0012512833        0.0017811176        0.0017972453        0.0017502609        0.0016612994        0.0014954052        0.0012909748
       40.0000000000       -0.0010252786        0.0013065161        0.0018383726        0.0017886466        0.0015892853        0.0016060187        0.0012342568        0.0013261229
       41.0000000000       -0.0009862900        0.0011807772        0.0016731389        0.0017739922        0.0016310422        0.0015568401        0.0014049199        0.0013087651
       42.0000000000       -0.0009745669        0.0009586144        0.0016146769        0.0016565820        0.0016035584        0.0015188201        0.0013698509        0.0012041489
       43.0000000000       -0.0010424741        0.0008011569        0.0015703160        0.0016155253        0.0016657674        0.0015654796        0.0014024369        0.0013316900
       44.0000000000       -0.0008928276        0.0007324364        0.0015400765        0.0015783959        0.0015650307        0.0015614211        0.0013504324        0.0014062968
       45.0000000000       -0.0009444012        0.0007281060        0.0015519052        0.0014560603        0.0016603279        0.0014906979        0.0013832176        0.0013262167
       46.0000000000       -0.0009892126        0.0006715042        0.0013345562        0.0014398745        0.0014315618        0.0013541908        0.0013386849        0.0012397907
       47.0000000000       -0.0009929039        0.0003997714        0.0012367077        0.0014644443        0.0013155849        0.0013612783        0.0012854161        0.0012367203
       48.0000000000       -0.0009682845        0.0003304939        0.0012963416        0.0014302745        0.0013557312        0.0014415362        0.0012764585        0.0011600188
       49.0000000000       -0.0009446666        0.0000842473        0.0012345174        0.0013266596        0.0014530293        0.0013187283        0.0012002123        0.0011126928
       50.0000000000       -0.0008030032        0.0002485186        0.0009392983        0.0011956239        0.0014132669        0.0012823216        0.0011853407        0.0011166902
       51.0000000000       -0.0009369259        0.0000681219        0.0008934932        0.0012119170        0.0012346641        0.0012191049        0.0010628607        0.0011718521
       52.0000000000       -0.0009908873       -0.0000932761        0.0009321510        0.0011844952        0.0011791451        0.0012156989        0.0011653917        0.0011017712
       53.0000000000       -0.0009709395        0.0000315615        0.0009632214        0.0011164904        0.0012416356        0.0011123822        0.0011606687        0.0011268709
       54.0000000000       -0.0008914146        0.0000996030        0.0007997324        0.0011403494        0.0011989871        0.0011483024        0.0011834656        0.0008881832
       55.0000000000       -0.0008767350       -0.0000798613        0.0007350092        0.0010649964        0.0010682165        0.0010958247        0.0010581486        0.0009480155
       56.0000000000       -0.0009055185       -0.0002879746        0.0007119071        0.0010247089        0.0009495813        0.0009674137        0.0010348376        0.0010639475
       57.0000000000       -0.0009140048       -0.0003279046        0.0005617594        0.0008970203        0.0010600335        0.0010174894        0.0010901189        0.0010078561
       58.0000000000       -0.0010316003       -0.0002386819        0.0006406302        0.0008493508        0.0010962776        0.0009625796        0.0010120993        0.0009881719
       59.0000000000       -0.0008935199       -0.0003167979        0.0003179473        0.0008249935        0.0009305308        0.0009611134        0.0010151404        0.0009061434
       60.0000000000       -0.0008712252       -0.0003863862        0.0003946184        0.0008266734        0.0008199136        0.0009168111        0.0010525488        0.0008288013
       61.0000000000       -0.0008641561       -0.0004485863        0.0005573277        0.0007280443        0.0007583104        0.0008995354        0.0011068301        0.0009280048
       62.0000000000       -0.0009769469       -0.0003710113        0.0004057655        0.0007200033        0.0007245290        0.0008306480        0.0009285205        0.0008010014
       63.0000000000       -0.0010073050       -0.0006106467        0.0003581547        0.0005885909        0.0007097395        0.0008469617        0.0007693170        0.0007781406
       64.0000000000       -0.0009933757       -0.0006344587        0.0002143759        0.0006775871        0.0008336993        0.0008113949        0.0007981467        0.0008432958
       65.0000000000       -0.0008379094       -0.0007369245        0.0001248908        0.0004740652        0.0007460492        0.0007557190        0.0008899683        0.0008659877
       66.0000000000       -0.0009758436       -0.0005670144        0.0001214979        0.0005277145        0.0007247792        0.0007597376        0.0008658009        0.0006986251
       67.0000000000       -0.0009535826       -0.0006220997        0.0000469310        0.0004557992        0.0005664472        0.0006963114        0.0008177846        0.0006426263
       68.0000000000       -0.0007784291       -0.0006020409        0.0001096055        0.0005417549        0.0006216435        0.0007342935        0.0007529787        0.0005932195
       69.0000000000       -0.0008218167       -0.0007153186       -0.0001376097        0.0002660879        0.0006042496        0.0006790056        0.0008490216        0.0006046814
       70.0000000000       -0.0007420805       -0.0006330347       -0.0000342259        0.0003327116        0.0005046236        0.0006158789        0.0007655482        0.0007151591
       71.0000000000       -0.0009338987       -0.0006356031       -0.0000860333        0.0002163256        0.0005160744        0.0005006172        0.0005674046        0.0005925320
       72.0000000000       -0.0007914892       -0.0005611945       -0.0001968257        0.0001492244        0.0004174748        0.0005964557        0.0004914006        0.0006396944
       73.0000000000       -0.0009921390       -0.0007413333       -0.0000531053        0.0002418413        0.0005106557        0.0005704659        0.0005854065        0.0004903540
       74.0000000000       -0.0009734114       -0.0007195920       -0.0002177310        0.0002856684        0.0004432394        0.0004620079        0.0006137128        0.0005446231
       75.0000000000       -0.0009591872       -0.0007658065       -0.0001920334        0.0003027282        0.0004353855        0.0005766618        0.0006386917        0.0006039723
       76.0000000000       -0.0009618814       -0.0008728490       -0.0003214813        0.0001319732        0.0003991641        0.0005578887        0.0004398628        0.0005494109
       77.0000000000       -0.0009381968       -0.0007131293       -0.0002468037        0.0000441473        0.0002514527        0.0004356322        0.0005795085        0.0005731684
       78.0000000000       -0.0009794410       -0.0007960566       -0.0003121695       -0.0001267321        0.0002479407        0.0003758461        0.0003006782        0.0005425774
       79.0000000000       -0.0010126142       -0.0009083272       -0.0003540166        0.0001016171        0.0002800124        0.0001860365        0.0003861851        0.0005222702
       80.0000000000       -0.0009226123       -0.0007662975       -0.0002319261       -0.0000199108        0.0001937854        0.0003748669        0.0004101940        0.0005983364
       81.0000000000       -0.0009262423       -0.0007701227       -0.0004436732       -0.0001498757        0.0000294631        0.0003310596        0.0002545575        0.0005079323
       82.0000000000       -0.0010127659       -0.0007419670       -0.0003627536       -0.0001918914        0.0001777376        0.0002638533        0.0003202822        0.0004024734
       83.0000000000       -0.0009209431       -0.0007978669       -0.0004266342       -0.0000075328        0.0001349043        0.0002598047        0.0003296254        0.0003396771
       84.0000000000       -0.0009322179       -0.0008197692       -0.0005753198       -0.0001338313        0.0001625105        0.0002641626        0.0003593684        0.0002054688
       85.0000000000       -0.0008878560       -0.0008956392       -0.0005516700       -0.0003787350        0.0000795221        0.0003844071        0.0004127418        0.0003409057
       86.0000000000       -0.0010093818       -0.0008147823       -0.0004814912       -0.0002626504        0.0000190732        0.0002926522        0.0003114729        0.0002423718
       87.0000000000       -0.0009919409       -0.0007792684       -0.0005266038       -0.0002308827        0.0000287369        0.0001745495        0.0002216734        0.0003148210
       88.0000000000       -0.0008374635       -0.0009487403       -0.0006291523       -0.0001688905        0.0000881508        0.0001399689        0.0001022114        0.0004386614
       89.0000000000       -0.0009949133       -0.0009421688       -0.0005526029       -0.0001908443        0.0000798214        0.0001904222        0.0002215564        0.0003297393
       90.0000000000       -0.0008189954       -0.0008829446       -0.0005060512       -0.0003501073        0.0000982064        0.0000269671        0.0001894299        0.0002987099
       91.0000000000       -0.0009514022       -0.0008592839       -0.0007350047       -0.0002468392       -0.0000242297        0.0001343130        0.0001119211        0.0002318484
       92.0000000000       -0.0009491940       -0.0010344358       -0.0007206740       -0.0001979349       -0.0000633005       -0.0000091572        0.0000644489        0.0002441831
       93.0000000000       -0.0009151106       -0.0007662209       -0.0005576707       -0.0003891431       -0.0001707820       -0.0000311808        0.0000813873        0.0002215598
       94.0000000000       -0.0008539433       -0.0008209808       -0.0006734076       -0.0004495248       -0.0001898552        0.0000557968        0.0001217100        0.0001448274
       95.0000000000       -0.0008450208       -0.0006947318       -0.0008972223       -0.0003996188       -0.0001617346       -0.0002547507        0.0000105279        0.0002603820
       96.0000000000       -0.0008063639       -0.0008995893       -0.0007120838       -0.0004491576       -0.0002420729        0.0000199457        0.0000964171        0.0002043164
       97.0000000000       -0.0008506450       -0.0007907355       -0.0006885337       -0.0003083980       -0.0002512593       -0.0002016436        0.0000873570        0.0001725383
       98.0000000000       -0.0008512634       -0.0006947667       -0.0007606668       -0.0006337365       -0.0002715709       -0.0001672804       -0.0000625236       -0.0000256358
       99.0000000000       -0.0009581473       -0.0008264380       -0.0007146635       -0.0005265563       -0.0003224225       -0.0000778765        0.0000271609        0.0001531638
      100.0000000000       -0.0010054875       -0.0009379782       -0.0007495244       -0.0005160519       -0.0004989770       -0.0002322122       -0.0001065153        0.0000013655
      101.0000000000       -0.0007958520       -0.0009209211       -0.0008788509       -0.0005655173       -0.0005078093       -0.0002150048       -0.0001513955       -0.0000359836
      102.0000000000       -0.0008431044       -0.0010340388       -0.0009200637       -0.0004686510       -0.0003198349       -0.0001929024       -0.0001656259        0.0000646099
      103.0000000000       -0.0008923685       -0.0009078132       -0.0007792309       -0.0006389077       -0.0002650349       -0.0002005610       -0.0000955932        0.0000687586
      104.0000000000       -0.0010304935       -0.0010891911       -0.0007166606       -0.0005580414       -0.0003096342       -0.0002075948       -0.0001497579       -0.0001112697
      105.0000000000       -0.0008070804       -0.0008559737       -0.0008031319       -0.0005095209       -0.0002750349       -0.0003149293       -0.0002401397       -0.0000566212
      106.0000000000       -0.0008233446       -0.0009387244       -0.0008402336       -0.0005980843       -0.0004273380       -0.0003599595       -0.0001340374       -0.0001102134
      107.0000000000       -0.0009752863       -0.0009778229       -0.0007837337       -0.0006318778       -0.0004012671       -0.0002613257       -0.0001505618       -0.0002030706
      108.0000000000       -0.0008433690       -0.0010772211       -0.0007734438       -0.0007181212       -0.0004326934       -0.0001787595       -0.0002631402       -0.0002218905
      109.0000000000       -0.0008835963       -0.0009440153       -0.0007815609       -0.0005848434       -0.0004742838       -0.0003778332       -0.0002262920       -0.0002284893
      110.0000000000       -0.0008643660       -0.0009548579       -0.0008562308       -0.0005434762       -0.0006527085       -0.0003830112       -0.0002441120       -0.0002552229
      111.0000000000       -0.0009139295       -0.0008621666       -0.0008593593       -0.0005371183       -0.0006147602       -0.0002617624       -0.0002282164       -0.0000366838
      112.0000000000       -0.0008687736       -0.0008913930       -0.0008863965       -0.0006870803       -0.0005353006       -0.0002463036       -0.0002749842       -0.0000152427
      113.0000000000       -0.0008304771       -0.0008948662       -0.0008701553       -0.0007322881       -0.0005595918       -0.0003810859       -0.0002931986       -0.0000888733
      114.0000000000       -0.0008129952       -0.0009440767       -0.0008567938       -0.0007397974       -0.0004956061       -0.0003202429       -0.0002834815       -0.0001894966
      115.0000000000       -0.0010113151       -0.0009336391       -0.0008816830       -0.0007607603       -0.0006280307       -0.0004603747       -0.0001713880       -0.0002090862
      116.0000000000       -0.0009756915       -0.0009284399       -0.0008363917       -0.0006522219       -0.0005746283       -0.0003329786       -0.0002913591       -0.0002428111
      117.0000000000       -0.0009679214       -0.0010793820       -0.0008740177       -0.0008089015       -0.0005881853       -0.0004769750       -0.0001744487       -0.0002236490
      118.0000000000       -0.0009191496       -0.0009257019       -0.0007933158       -0.0006943701       -0.0006480432       -0.0004991049       -0.0003908514       -0.0002974913
      119.0000000000       -0.0009094622       -0.0009420925       -0.0008803174       -0.0006391797       -0.0005174115       -0.0005069552       -0.0003608705       -0.0002023656
      120.0000000000       -0.0009404017       -0.0008546232       -0.0008824683       -0.0006666542       -0.0005289672       -0.0004943354       -0.0004085599       -0.0005416534
      121.0000000000       -0.0009909574       -0.0008691279       -0.0008246565       -0.0007730847       -0.0006206270       -0.0005122396       -0.0003277205       -0.0004274857
      122.0000000000       -0.0009667285       -0.0009576063       -0.0009018630       -0.0007725223       -0.0006200720       -0.0005108532       -0.0003664250       -0.0003393979
      123.0000000000       -0.0010295413       -0.0008964894       -0.0009629015       -0.0007655472       -0.0007070046       -0.0004965532       -0.0003845286       -0.0002097905
      124.0000000000       -0.0010891143       -0.0008914114       -0.0008884280       -0.0008495023       -0.0007121616       -0.0004557855       -0.0003769229       -0.0002400202
      125.0000000000       -0.0009935572       -0.0009653501       -0.0008929320       -0.0009712449       -0.0006932815       -0.0004723907       -0.0003087854       -0.0002707215
      126.0000000000       -0.0008968694       -0.0007814602       -0.0009254592       -0.0007928366       -0.0005680561       -0.0005569437       -0.0004233902       -0.0002609160
      127.0000000000       -0.0010278717       -0.0009007589       -0.0008741091       -0.0008172818       -0.0006876618       -0.0005472214       -0.0003773513       -0.0004349074
      128.0000000000       -0.0009769461       -0.0008815654       -0.0010095110       -0.0008550277       -0.0008117602       -0.0006421625       -0.0004159484       -0.0003084951
      129.0000000000       -0.0009100502       -0.0010316821       -0.0008803872       -0.0009144751       -0.0007300300       -0.0006451802       -0.0004136748       -0.0003349160
      130.0000000000       -0.0008856008       -0.0009075836       -0.0008733055       -0.0008379782       -0.0008005982       -0.0006483421       -0.0004811324       -0.0005188950
      131.0000000000       -0.0009466976       -0.0008125354       -0.0008646072       -0.0009127380       -0.0007470219       -0.0004963177       -0.0005279776       -0.0004413368
      132.0000000000       -0.0009816277       -0.0008194750       -0.0008555535       -0.0006780903       -0.0007560187       -0.0007343238       -0.0005536087       -0.0003231876
      133.0000000000       -0.0009817530       -0.0008831806       -0.0008950341       -0.0007452365       -0.0008359428       -0.0007430236       -0.0005804315       -0.0004956952
      134.0000000000       -0.0010545432       -0.0009805571       -0.0009424460       -0.0009121819       -0.0007571363       -0.0006001389       -0.0005395291       -0.0005325813
      135.0000000000       -0.0008296184       -0.0009698808       -0.0008264441       -0.0008687365       -0.0008420856       -0.0006947240       -0.0006400517       -0.0003841157
      136.0000000000       -0.0009624380       -0.0009458242       -0.0007930445       -0.0008058044       -0.0008083243       -0.0007328511       -0.0005969096       -0.0004950709
      137.0000000000       -0.0009765379       -0.0010198257       -0.0008698199       -0.0008300405       -0.0006939205       -0.0007204944       -0.0005838357       -0.0004101091
      138.0000000000       -0.0009464587       -0.0008581807       -0.0009601896       -0.0008041025       -0.0006026954       -0.0006543398       -0.0006315865       -0.0005560287
      139.0000000000       -0.0009602816       -0.0008953246       -0.0008209429       -0.0008876749       -0.0008267050       -0.0007280088       -0.0006481278       -0.0005825879
      140.0000000000       -0.0010317181       -0.0008782689       -0.0008732845       -0.0008251192       -0.0008508743       -0.0006911232       -0.0007011760       -0.0005510560
      141.0000000000       -0.0010347486       -0.0010754870       -0.0008875721       -0.0008412463       -0.0008079594       -0.0007366202       -0.0005545265       -0.0006651390
      142.0000000000       -0.0010588220       -0.0010182210       -0.0009525979       -0.0009085749       -0.0007558024       -0.0008393166       -0.0005648707       -0.0004998770
      143.0000000000       -0.0009346147       -0.0009181373       -0.0009723696       -0.0008353612       -0.0006776479       -0.0008186327       -0.0006871961       -0.0007402548
      144.0000000000       -0.0009666313       -0.0007685908       -0.0008947981       -0.0008322309       -0.0007423465       -0.0007534846       -0.0005856243       -0.0007340457
      145.0000000000       -0.0009398372       -0.0009102381       -0.0009385304       -0.0008205963       -0.0007052238       -0.0006962921       -0.0006552569       -0.0007545288
      146.0000000000       -0.0008975487       -0.0008938927       -0.0009840435       -0.0008574698       -0.0008371686       -0.0007403489       -0.0007710360       -0.0006078101
      147.0000000000       -0.0008525399       -0.0008716544       -0.0008444036       -0.0006977424       -0.0007656631       -0.0007827806       -0.0007273906       -0.0005352584
      148.0000000000       -0.0008607282       -0.0009212389       -0.0009407213       -0.0008693875       -0.0008385658       -0.0007606004       -0.0007062972       -0.0006839818
      149.0000000000       -0.0010220057       -0.0009298792       -0.0009515863       -0.0007947986       -0.0008247623       -0.0005969333       -0.0008811576       -0.0005998369
      150.0000000000       -0.0009709355       -0.0009871536       -0.0009945853       -0.0009708907       -0.0008723934       -0.0007619880       -0.0008463516       -0.0007189134
      151.0000000000       -0.0009494528       -0.0009279489       -0.0009253268       -0.0008946356       -0.0009337929       -0.0006064167       -0.0006776209       -0.0007196719
      152.0000000000       -0.0010425609       -0.0009443084       -0.0007657503       -0.0009708097       -0.0008132927       -0.0007095592       -0.0007642264       -0.0007065050
      153.0000000000       -0.0008548256       -0.0009779507       -0.0008429536       -0.0009162319       -0.0007147778       -0.0007832418       -0.0007911760       -0.0005823094
      154.0000000000       -0.0008906039       -0.0008883473       -0.0009063101       -0.0008332214       -0.0007797203       -0.0007108716       -0.0008151046       -0.0005583350
      155.0000000000       -0.0008862958       -0.0009445641       -0.0008830284       -0.0007283892       -0.0008126890       -0.0009063659       -0.0007815168       -0.0006895804
      156.0000000000       -0.0008822986       -0.0008217543       -0.0009028401       -0.0009967152       -0.0007500654       -0.0008125260       -0.0006491900       -0.0006121458
      157.0000000000       -0.0009686488       -0.0008860088       -0.0009692873       -0.0010197634       -0.0008312320       -0.0007763828       -0.0007568724       -0.0006232218
      158.0000000000       -0.0007999579       -0.0008362740       -0.0009546746       -0.0008770495       -0.0007397147       -0.0008298271       -0.0007123153       -0.0007399855
      159.0000000000       -0.0007620505       -0.0009467464       -0.0008031591       -0.0009398721       -0.0007827118       -0.0007787038       -0.0007222388       -0.0005885672
      160.0000000000       -0.0008153798       -0.0009506830       -0.0009775658       -0.0009125957       -0.0009399976       -0.0008127801       -0.0008110689       -0.0005781879
      161.0000000000       -0.0008671147       -0.0009326471       -0.0010062142       -0.0008829405       -0.0010228657       -0.0009420065       -0.0007475159       -0.0006542500
      162.0000000000       -0.0008236601       -0.0009572813       -0.0009138371       -0.0009733015       -0.0009547783       -0.0008775052       -0.0006853614       -0.0006320357
      163.0000000000       -0.0008971892       -0.0007446004       -0.0008884703       -0.0008964284       -0.0008801144       -0.0008388138       -0.0007386473       -0.0006885895
      164.0000000000       -0.0008581580       -0.0009911534       -0.0009496314       -0.0009905246       -0.0008066069       -0.0007420399       -0.0007829797       -0.0007724638
      165.0000000000       -0.0010359987       -0.0009705916       -0.0010072297       -0.0009521849       -0.0009218090       -0.0008078225       -0.0007574351       -0.0007310928
      166.0000000000       -0.0009948775       -0.0008820891       -0.0007860934       -0.0009018630       -0.0008996638       -0.0007773880       -0.0008125900       -0.0007298202
      167.0000000000       -0.0009926814       -0.0008537226       -0.0008554736       -0.0007424711       -0.0008650710       -0.0007387389       -0.0007730043       -0.0008746813
      168.0000000000       -0.0009267872       -0.0007978566       -0.0009143954       -0.0008941303       -0.0009830702       -0.0008224184       -0.0007678637       -0.0006618322
      169.0000000000       -0.0009378621       -0.0009584693       -0.0009440219       -0.0008912258       -0.0008620965       -0.0008004263       -0.0007325573       -0.0006038147
      170.0000000000       -0.0009028730       -0.0007797264       -0.0008769439       -0.0010185186       -0.0008832811       -0.0008974006       -0.0006680928       -0.0007595388
      171.0000000000       -0.0009695240       -0.0009275605       -0.0009891613       -0.0007664691       -0.0008046318       -0.0009145151       -0.0007394061       -0.0006821399
      172.0000000000       -0.0007600984       -0.0009579072       -0.0009698076       -0.0008701889       -0.0008393266       -0.0008417513       -0.0008190663       -0.0007550621
      173.0000000000       -0.0009921935       -0.0009441662       -0.0009368210       -0.0007756888       -0.0009081436       -0.0008942843       -0.0007004603       -0.0007744393
      174.0000000000       -0.0009973545       -0.0008651980       -0.0009102792       -0.0008625551       -0.0009021103       -0.0008669268       -0.0007094567       -0.0007719640
      175.0000000000       -0.0008189926       -0.0008891804       -0.0008907311       -0.0009171747       -0.0009712690       -0.0007985309       -0.0008149627       -0.0008420197
      176.0000000000       -0.0008444265       -0.0009437804       -0.0009689954       -0.0008800027       -0.0009404217       -0.0009276496       -0.0008482167       -0.0008871248
      177.0000000000       -0.0007340621       -0.0008474831       -0.0009132717       -0.0008828165       -0.0009055307       -0.0008557147       -0.0008771572       -0.0008702580
      178.0000000000       -0.0008577684       -0.0009375920       -0.0008415883       -0.0009168196       -0.0008756964       -0.0008971602       -0.0009261346       -0.0008052103
      179.0000000000       -0.0009319558       -0.0008911290       -0.0007588970       -0.0008999318       -0.0010139037       -0.0008522954       -0.0009156451       -0.0008869108
      180.0000000000       -0.0010058204       -0.0009435307       -0.0009407778       -0.0009607558       -0.0008838263       -0.0008849272       -0.0009203650       -0.0007423983
      181.0000000000       -0.0008428887       -0.0008941016       -0.0009808893       -0.0008094799       -0.0009662611       -0.0008870744       -0.0008855720       -0.0008395822
      182.0000000000       -0.0009178366       -0.0009559374       -0.0009674385       -0.0009236057       -0.0008546917       -0.0009233222       -0.0009140648       -0.0007256038
      183.0000000000       -0.0008028741       -0.0008143221       -0.0008418655       -0.0009291415       -0.0008959440       -0.0008781756       -0.0007577286       -0.0007369504
      184.0000000000       -0.0008412746       -0.0010891593       -0.0008475275       -0.0009795867       -0.0009653086       -0.0007303315       -0.0008833036       -0.0007588668
      185.0000000000       -0.0008644223       -0.0008648840       -0.0008325833       -0.0008946579       -0.0008418490       -0.0008290538       -0.0008459811       -0.0007869919
      186.0000000000       -0.0008888233       -0.0007986719       -0.0008274925       -0.0008513204       -0.0008306669       -0.0008165865       -0.0007835210       -0.0007986277
      187.0000000000       -0.0010267720       -0.0006824211       -0.0008106808       -0.0009070578       -0.0009054325       -0.0008064605       -0.0008290827       -0.0006697783
      188.0000000000       -0.0010206508       -0.0009075428       -0.0009454133       -0.0008584731       -0.0009664317       -0.0008898730       -0.0009248049       -0.0007899046
      189.0000000000       -0.0011047105       -0.0007846167       -0.0008086323       -0.0008384815       -0.0008707772       -0.0009920968       -0.0008007466       -0.0008634167
      190.0000000000       -0.0009018975       -0.0008368856       -0.0008346921       -0.0009817700       -0.0009198929       -0.0009736462       -0.0008160981       -0.0007992304
      191.0000000000       -0.0008667471       -0.0009582661       -0.0009645580       -0.0009272741       -0.0008765906       -0.0010440865       -0.0009688091       -0.0009071403
      192.0000000000       -0.0008396297       -0.0008716837       -0.0009023431       -0.0009482029       -0.0008879186       -0.0009211353       -0.0007942330       -0.0008171521
      193.0000000000       -0.0010145255       -0.0009592479       -0.0010352608       -0.0008824276       -0.0008539548       -0.0008713900       -0.0009242284       -0.0008895954
      194.0000000000       -0.0010175522       -0.0008924030       -0.0010365378       -0.0009660842       -0.0010512272       -0.0008218331       -0.0009731179       -0.0008539510
      195.0000000000       -0.0009141643       -0.0008842895       -0.0009991890       -0.0010268369       -0.0008590917       -0.0009104895       -0.0008003354       -0.0007519988
      196.0000000000       -0.0009174263       -0.0008531692       -0.0009221023       -0.0009292491       -0.0008861845       -0.0009704466       -0.0007234815       -0.0008920904
      197.0000000000       -0.0008255463       -0.0009085990       -0.0008495815       -0.0008655215       -0.0008235322       -0.0008601360       -0.0009334781       -0.0008789468
      198.0000000000       -0.0009667142       -0.0009566467       -0.0008229104       -0.0007391223       -0.0007883619       -0.0008675599       -0.0009107510       -0.0009130003
      199.0000000000       -0.0008552582       -0.0009330626       -0.0009715224       -0.0009961525       -0.0008977818       -0.0009808537       -0.0009590587       -0.0008573806
      200.0000000000       -0.0008719995       -0.0010806044       -0.0008949112       -0.0009027776       -0.0009160462       -0.0009935051       -0.0009143906       -0.0007878725
      201.0000000000       -0.0008293889       -0.0010178690       -0.0008336073       -0.0008870615       -0.0008668399       -0.0007947572       -0.0008013882       -0.0007968563
      202.0000000000       -0.0008786169       -0.0009684405       -0.0007797624       -0.0008909856       -0.0008420138       -0.0008065043       -0.0008023457       -0.0007560013
      203.0000000000       -0.0007697502       -0.0010172248       -0.0009265329       -0.0007915893       -0.0008671782       -0.0008069411       -0.0007957591       -0.0007427785
      204.0000000000       -0.0009542346       -0.0010212060       -0.0008261140       -0.0007265836       -0.0009176694       -0.0008957254       -0.0007149322       -0.0008667730
      205.0000000000       -0.0008955545       -0.0009814537       -0.0010201169       -0.0010176229       -0.0009851515       -0.0009002402       -0.0009169072       -0.0008873035
      206.0000000000       -0.0009807126       -0.0009737093       -0.0008995028       -0.0009486690       -0.0007773924       -0.0008735064       -0.0008047739       -0.0008107322
      207.0000000000       -0.0009222037       -0.0009474616       -0.0010178774       -0.0008994791       -0.0009711235       -0.0007745846       -0.0008094416       -0.0009137859
      208.0000000000       -0.0008599248       -0.0009525773       -0.0008371683       -0.0007999339       -0.0009993481       -0.0009076499       -0.0008356983       -0.0007540142
      209.0000000000       -0.0009162418       -0.0008946359       -0.0009228676       -0.0009130789       -0.0010281259       -0.0008664483       -0.0008702576       -0.0008678651
      210.0000000000       -0.0009315940       -0.0009102136       -0.0008732046       -0.0008083006       -0.0008221013       -0.0008767973       -0.0009335820       -0.0007181884
      211.0000000000       -0.0009444081       -0.0007891138       -0.0008192730       -0.0010011348       -0.0007076457       -0.0008389090       -0.0009081369       -0.0007876182
      212.0000000000       -0.0008165439       -0.0008767887       -0.0009343450       -0.0008467638       -0.0008236329       -0.0008955320       -0.0008220802       -0.0008000118
      213.0000000000       -0.0009182842       -0.0010902159       -0.0009665899       -0.0009413535       -0.0009032773       -0.0008916960       -0.0009247484       -0.0008867812
      214.0000000000       -0.0009529584       -0.0008519564       -0.0008246471       -0.0009433898       -0.0008896704       -0.0008040644       -0.0008184067       -0.0007565328
      215.0000000000       -0.0008411097       -0.0008781404       -0.0008036357       -0.0009246677       -0.0008879314       -0.0007657119       -0.0006785282       -0.0008480339
      216.0000000000       -0.0008762600       -0.0008893933       -0.0008338555       -0.0009335643       -0.0009691993       -0.0007576572       -0.0009095314       -0.0009996743
      217.0000000000       -0.0009291371       -0.0010356616       -0.0009311712       -0.0009162649       -0.0009532014       -0.0007483848       -0.0008948930       -0.0007914231
      218.0000000000       -0.0009990220       -0.0009778372       -0.0008792172       -0.0008649266       -0.0011148538       -0.0008036339       -0.0008898481       -0.0007778136
      219.0000000000       -0.0008672983       -0.0009141050       -0.0009348071       -0.0008574165       -0.0010350868       -0.0010855221       -0.0007220318       -0.0007790805
      220.0000000000       -0.0008273146       -0.0007811694       -0.0009635553       -0.0008917776       -0.0008219983       -0.0007741300       -0.0008271172       -0.0006847741
      221.0000000000       -0.0009742286       -0.0007490828       -0.0008818853       -0.0008594670       -0.0008468081       -0.0007068887       -0.0009345184       -0.0008046917
      222.0000000000       -0.0007972859       -0.0008412482       -0.0010396580       -0.0009336984       -0.0009362066       -0.0007726405       -0.0009759775       -0.0008866257
      223.0000000000       -0.0010850423       -0.0009641895       -0.0008989458       -0.0009142523       -0.0009210461       -0.0009203503       -0.0009448691       -0.0008981555
      224.0000000000       -0.0008903207       -0.0009205052       -0.0009648683       -0.0008748297       -0.0008058403       -0.0009171654       -0.0010517525       -0.0007599814
      225.0000000000       -0.0009474340       -0.0008032664       -0.0008346429       -0.0009367153       -0.0008958829       -0.0009537926       -0.0009770573       -0.0008442476
      226.0000000000       -0.0009498464       -0.0008120706       -0.0008943635       -0.0009175416       -0.0009794534       -0.0009795002       -0.0008439376       -0.0008980117
      227.0000000000       -0.0008113116       -0.0010847187       -0.0010203995       -0.0009152574       -0.0008896879       -0.0009598965       -0.0007173768       -0.0009067881
      228.0000000000       -0.0009421170       -0.0008674176       -0.0009146430       -0.0009768941       -0.0008194543       -0.0009902354       -0.0007298723       -0.0007901549
      229.0000000000       -0.0009629041       -0.0010115955       -0.0009675574       -0.0009262763       -0.0009613929       -0.0009204182       -0.0008891103       -0.0008420485
      230.0000000000       -0.0009507543       -0.0010128544       -0.0009170462       -0.0007910362       -0.0009386249       -0.0008388250       -0.0008037079       -0.0009788572
      231.0000000000       -0.0009774342       -0.0008825923       -0.0008176126       -0.0007266842       -0.0008203344       -0.0008928550       -0.0008636805       -0.0007731434
      232.0000000000       -0.0008359653       -0.0009594382       -0.0008362523       -0.0008357305       -0.0008640117       -0.0008067841       -0.0007439821       -0.0008616858
      233.0000000000       -0.0009293912       -0.0009968804       -0.0009155496       -0.0008635900       -0.0008851079       -0.0010467739       -0.0009330556       -0.0008278668
      234.0000000000       -0.0007819048       -0.0008115333       -0.0010359691       -0.0008445039       -0.0009744139       -0.0009910389       -0.0009362416       -0.0008789471
      235.0000000000       -0.0009217899       -0.0007773218       -0.0008802305       -0.0009456562       -0.0010062006       -0.0008750959       -0.0008913789       -0.0009294105
      236.0000000000       -0.0008243438       -0.0009036886       -0.0008673662       -0.0009239981       -0.0009417503       -0.0008951696       -0.0008925593       -0.0008770815
      237.0000000000       -0.0008051984       -0.0009824232       -0.0009117050       -0.0010064867       -0.0008195676       -0.0009809152       -0.0008606465       -0.0009535757
      238.0000000000       -0.0010550925       -0.0009682777       -0.0008494122       -0.0010211996       -0.0009187791       -0.0008138768       -0.0008073844       -0.0009126608
      239.0000000000       -0.0010367029       -0.0010317740       -0.0009045890       -0.0008743488       -0.0008397904       -0.0008846093       -0.0009065913       -0.0007582388
      240.0000000000       -0.0010227271       -0.0008550801       -0.0009275754       -0.0008738789       -0.0008987206       -0.0009928952       -0.0009913111       -0.0009600419
      241.0000000000       -0.0010477847       -0.0009373211       -0.0008187689       -0.0008402447       -0.0009915571       -0.0008972918       -0.0008970741       -0.0008787406
      242.0000000000       -0.0008904096       -0.0010032760       -0.0008122180       -0.0008857279       -0.0008065887       -0.0008243033       -0.0008612264       -0.0008930166
      243.0000000000       -0.0010726973       -0.0010265654       -0.0009787122       -0.0008775602       -0.0009923078       -0.0007597679       -0.0008189010       -0.0009453966
      244.0000000000       -0.0009508039       -0.0009059623       -0.0008750822       -0.0009064530       -0.0009288537       -0.0009038767       -0.0007537751       -0.0008559241
      245.0000000000       -0.0008356224       -0.0010151841       -0.0008697468       -0.0008085212       -0.0008131377       -0.0008824648       -0.0008694464       -0.0010015610
      246.0000000000       -0.0008158400       -0.0009506051       -0.0008674808       -0.0009802715       -0.0009243789       -0.0009621765       -0.0008709763       -0.0007339706
      247.0000000000       -0.0009364178       -0.0008284974       -0.0008103679       -0.0010050264       -0.0007689205       -0.0007965230       -0.0008761489       -0.0009207974
      248.0000000000       -0.0008606368       -0.0009165758       -0.0009274919       -0.0009657931       -0.0008542882       -0.0010448223       -0.0009957278       -0.0008890461
      249.0000000000       -0.0009091955       -0.0009247609       -0.0009472886       -0.0009253264       -0.0010263434       -0.0008992417       -0.0009739967       -0.0008456307
      250.0000000000       -0.0009244783       -0.0008960763       -0.0009538939       -0.0008894854       -0.0008659035       -0.0008989473       -0.0009425750       -0.0009409608
      251.0000000000       -0.0008006931       -0.0009438116       -0.0009359342       -0.0009934744       -0.0009971746       -0.0008540869       -0.0008033325       -0.0009070745
      252.0000000000       -0.0009023627       -0.0009155635       -0.0010123797       -0.0009274161       -0.0009501704       -0.0009440611       -0.0008313273       -0.0009673530
      253.0000000000       -0.0010217098       -0.0008275929       -0.0009806853       -0.0009884928       -0.0009976105       -0.0008386585       -0.0008852357       -0.0009327679
      254.0000000000       -0.0009577182       -0.0008806954       -0.0008317087       -0.0009808909       -0.0008905734       -0.0009548629       -0.0009345865       -0.0009146639
      255.0000000000       -0.0008391416       -0.0007982144       -0.0009135992       -0.0009568929       -0.0009754463       -0.0010295147       -0.0009287311       -0.0009529265
