        0.0000000000        0.0156423457
        1.0000000000        0.0075068287
        2.0000000000        0.0051802673
        3.0000000000        0.0039906664
        4.0000000000        0.0032426292
        5.0000000000        0.0027306168
        6.0000000000        0.0023527085
        7.0000000000        0.0020459904
        8.0000000000        0.0018064646
        9.0000000000        0.0016074644
       10.0000000000        0.0014461381
       11.0000000000        0.0013026938
       12.0000000000        0.0011799285
       13.0000000000        0.0010622500
       14.0000000000        0.0009665311
       15.0000000000        0.0008822750
       16.0000000000        0.0008047461
       17.0000000000        0.0007389511
       18.0000000000        0.0006756634
       19.0000000000        0.0006311873
       20.0000000000        0.0005937531
       21.0000000000        0.0005452648
       22.0000000000        0.0004989136
       23.0000000000        0.0004694717
       24.0000000000        0.0004221029
       25.0000000000        0.0003975966
       26.0000000000        0.0003636818
       27.0000000000        0.0003379265
       28.0000000000        0.0002956938
       29.0000000000        0.0002689772
       30.0000000000        0.0002534151
       31.0000000000        0.0002234528
       32.0000000000        0.0001885074
       33.0000000000        0.0001775844
       34.0000000000        0.0001591080
       35.0000000000        0.0001534518
       36.0000000000        0.0001359613
       37.0000000000        0.0001366966
       38.0000000000        0.0001337766
       39.0000000000        0.0001134035
       40.0000000000        0.0000970841
       41.0000000000        0.0001004247
       42.0000000000        0.0000987841
       43.0000000000        0.0000819353
       44.0000000000        0.0000637904
       45.0000000000        0.0000614166
       46.0000000000        0.0000469942
       47.0000000000        0.0000520921
       48.0000000000        0.0000420427
       49.0000000000        0.0000288184
       50.0000000000        0.0000291863
       51.0000000000        0.0000113729
       52.0000000000        0.0000132372
       53.0000000000        0.0000132507
       54.0000000000        0.0000026412
       55.0000000000       -0.0000113207
       56.0000000000       -0.0000091718
       57.0000000000       -0.0000138980
       58.0000000000       -0.0000181264
       59.0000000000       -0.0000065750
       60.0000000000       -0.0000107901
       61.0000000000        0.0000121877
       62.0000000000        0.0000176405
       63.0000000000        0.0000128588
       64.0000000000        0.0000059310
