        0.0000000000        0.0449795121
        1.0000000000        0.0207770885
        2.0000000000        0.0141613738
        3.0000000000        0.0108540635
        4.0000000000        0.0088009767
        5.0000000000        0.0073814688
        6.0000000000        0.0063273158
        7.0000000000        0.0055064484
        8.0000000000        0.0048484009
        9.0000000000        0.0043069969
       10.0000000000        0.0038464598
       11.0000000000        0.0034612167
       12.0000000000        0.0031277736
       13.0000000000        0.0028361847
       14.0000000000        0.0025813582
       15.0000000000        0.0023546258
       16.0000000000        0.0021511897
       17.0000000000        0.0019683317
       18.0000000000        0.0018050599
       19.0000000000        0.0016565152
       20.0000000000        0.0015219116
       21.0000000000        0.0014002376
       22.0000000000        0.0012885134
       23.0000000000        0.0011900807
       24.0000000000        0.0010940555
       25.0000000000        0.0010080070
       26.0000000000        0.0009259527
       27.0000000000        0.0008530304
       28.0000000000        0.0007857113
       29.0000000000        0.0007209240
       30.0000000000        0.0006613529
       31.0000000000        0.0006060852
       32.0000000000        0.0005542336
       33.0000000000        0.0005044962
       34.0000000000        0.0004640683
       35.0000000000        0.0004201920
       36.0000000000        0.0003809477
       37.0000000000        0.0003463611
       38.0000000000        0.0003153973
       39.0000000000        0.0002851489
       40.0000000000        0.0002587441
       41.0000000000        0.0002331790
       42.0000000000        0.0002067904
       43.0000000000        0.0001823126
       44.0000000000        0.0001634439
       45.0000000000        0.0001436535
       46.0000000000        0.0001275196
       47.0000000000        0.0001104741
       48.0000000000        0.0000974960
       49.0000000000        0.0000858357
       50.0000000000        0.0000728665
       51.0000000000        0.0000627754
       52.0000000000        0.0000533675
       53.0000000000        0.0000411495
       54.0000000000        0.0000323183
       55.0000000000        0.0000234692
       56.0000000000        0.0000163258
       57.0000000000        0.0000113650
       58.0000000000        0.0000077279
       59.0000000000        0.0000029116
       60.0000000000        0.0000025627
       61.0000000000        0.0000029297
       62.0000000000        0.0000010016
       63.0000000000       -0.0000001909
       64.0000000000        0.0000001703
