        0.0000000000        0.0159585991
        1.0000000000        0.0076311337
        2.0000000000        0.0052576378
        3.0000000000        0.0040505557
        4.0000000000        0.0032909357
        5.0000000000        0.0027578954
        6.0000000000        0.0023698517
        7.0000000000        0.0020656893
        8.0000000000        0.0018160036
        9.0000000000        0.0016138075
       10.0000000000        0.0014474356
       11.0000000000        0.0012979568
       12.0000000000        0.0011737162
       13.0000000000        0.0010610118
       14.0000000000        0.0009659738
       15.0000000000        0.0008774380
       16.0000000000        0.0007972917
       17.0000000000        0.0007231141
       18.0000000000        0.0006655123
       19.0000000000        0.0006145966
       20.0000000000        0.0005722066
       21.0000000000        0.0005217830
       22.0000000000        0.0004774371
       23.0000000000        0.0004423335
       24.0000000000        0.0004055190
       25.0000000000        0.0003747194
       26.0000000000        0.0003398136
       27.0000000000        0.0003129807
       28.0000000000        0.0002887864
       29.0000000000        0.0002719202
       30.0000000000        0.0002490325
       31.0000000000        0.0002226505
       32.0000000000        0.0001964286
       33.0000000000        0.0001778404
       34.0000000000        0.0001682365
       35.0000000000        0.0001542859
       36.0000000000        0.0001444522
       37.0000000000        0.0001304855
       38.0000000000        0.0001229089
       39.0000000000        0.0001054513
       40.0000000000        0.0000935110
       41.0000000000        0.0000888478
       42.0000000000        0.0000818644
       43.0000000000        0.0000713728
       44.0000000000        0.0000623042
       45.0000000000        0.0000516881
       46.0000000000        0.0000474868
       47.0000000000        0.0000449042
       48.0000000000        0.0000395076
       49.0000000000        0.0000313413
       50.0000000000        0.0000294508
       51.0000000000        0.0000172783
       52.0000000000        0.0000161869
       53.0000000000        0.0000116316
       54.0000000000        0.0000090488
       55.0000000000       -0.0000039203
       56.0000000000       -0.0000034947
       57.0000000000       -0.0000024690
       58.0000000000       -0.0000020897
       59.0000000000       -0.0000021667
       60.0000000000       -0.0000001210
       61.0000000000        0.0000045479
       62.0000000000        0.0000011383
       63.0000000000        0.0000054529
       64.0000000000        0.0000084640
