     -255.0000000000       -0.0010093791       -0.0009281560       -0.0009103216       -0.0008514837       -0.0007584563       -0.0006836159       -0.0005918253       -0.0005366002
     -254.0000000000       -0.0009869508       -0.0008989755       -0.0008935771       -0.0008631107       -0.0007742212       -0.0007151332       -0.0005804487       -0.0005489241
     -253.0000000000       -0.0009270449       -0.0009379036       -0.0009011667       -0.0008556833       -0.0007870350       -0.0006798906       -0.0006002837       -0.0005170370
     -252.0000000000       -0.0009827288       -0.0009281514       -0.0009085116       -0.0008473958       -0.0007687271       -0.0006504305       -0.0006086865       -0.0004747070
     -251.0000000000       -0.0009348503       -0.0009292724       -0.0009240338       -0.0008230825       -0.0008079013       -0.0006421187       -0.0005804163       -0.0004864872
     -250.0000000000       -0.0009880905       -0.0009353517       -0.0008920958       -0.0008275560       -0.0007090190       -0.0006829628       -0.0005816685       -0.0004976730
     -249.0000000000       -0.0009574942       -0.0009189783       -0.0008820085       -0.0008285608       -0.0007307229       -0.0006789844       -0.0005821589       -0.0004866180
     -248.0000000000       -0.0009837610       -0.0009694741       -0.0008765704       -0.0008355671       -0.0007588104       -0.0006972125       -0.0006279513       -0.0005516643
     -247.0000000000       -0.0009601349       -0.0009709951       -0.0008481748       -0.0008210209       -0.0007257584       -0.0006857281       -0.0006351412       -0.0004851410
     -246.0000000000       -0.0009668735       -0.0009495048       -0.0008576952       -0.0008696569       -0.0007447535       -0.0007053986       -0.0005905351       -0.0005297827
     -245.0000000000       -0.0009419570       -0.0009504255       -0.0008928666       -0.0008604519       -0.0007668373       -0.0006922143       -0.0006066391       -0.0005465947
     -244.0000000000       -0.0009643676       -0.0009667160       -0.0009031541       -0.0008561790       -0.0007715126       -0.0006722163       -0.0006009206       -0.0005492778
     -243.0000000000       -0.0009262149       -0.0009513536       -0.0008539993       -0.0008290192       -0.0007421634       -0.0006537362       -0.0005960575       -0.0005601637
     -242.0000000000       -0.0009398334       -0.0009068006       -0.0008810793       -0.0008738800       -0.0007349541       -0.0006896539       -0.0006052073       -0.0005508407
     -241.0000000000       -0.0009510955       -0.0009510693       -0.0008881849       -0.0008199704       -0.0007724172       -0.0006977711       -0.0005761375       -0.0005128292
     -240.0000000000       -0.0009674403       -0.0009516467       -0.0008875356       -0.0008357579       -0.0007607248       -0.0006886668       -0.0005682848       -0.0004964235
     -239.0000000000       -0.0009865332       -0.0009645782       -0.0008744056       -0.0008224326       -0.0007609478       -0.0006572476       -0.0005965791       -0.0004890490
     -238.0000000000       -0.0009715408       -0.0009241387       -0.0008341879       -0.0008205339       -0.0007260205       -0.0007175476       -0.0005807371       -0.0005180904
     -237.0000000000       -0.0009832941       -0.0009165708       -0.0008891717       -0.0008630986       -0.0007554470       -0.0006872806       -0.0005786167       -0.0004963157
     -236.0000000000       -0.0009268878       -0.0009590031       -0.0009386473       -0.0008260784       -0.0007642912       -0.0006860798       -0.0006016727       -0.0004877604
     -235.0000000000       -0.0009503686       -0.0009298323       -0.0009196755       -0.0008212036       -0.0007500599       -0.0006388048       -0.0006123933       -0.0004558604
     -234.0000000000       -0.0008963050       -0.0009121168       -0.0008894856       -0.0008245139       -0.0007555714       -0.0006374809       -0.0005690361       -0.0005074666
     -233.0000000000       -0.0009590031       -0.0009448194       -0.0008535841       -0.0008217186       -0.0007180109       -0.0006217967       -0.0005833739       -0.0005307895
     -232.0000000000       -0.0009861442       -0.0009078287       -0.0009003983       -0.0008125630       -0.0007665214       -0.0006327344       -0.0005400681       -0.0005268501
     -231.0000000000       -0.0009781930       -0.0009295436       -0.0009036513       -0.0008464823       -0.0007242771       -0.0006458079       -0.0005456390       -0.0005241641
     -230.0000000000       -0.0009422361       -0.0009606062       -0.0008775879       -0.0008199795       -0.0007718648       -0.0007033379       -0.0005249167       -0.0004820275
     -229.0000000000       -0.0009785316       -0.0008797091       -0.0008734120       -0.0007880721       -0.0007322019       -0.0007213115       -0.0005184039       -0.0005005605
     -228.0000000000       -0.0009619373       -0.0009136216       -0.0008573681       -0.0008111545       -0.0007186627       -0.0006364921       -0.0005818290       -0.0005116166
     -227.0000000000       -0.0009902411       -0.0009053659       -0.0008346603       -0.0008034310       -0.0007588162       -0.0006575777       -0.0005675414       -0.0004970779
     -226.0000000000       -0.0009944893       -0.0009400669       -0.0008814763       -0.0008077795       -0.0007764376       -0.0007148855       -0.0005588327       -0.0004972421
     -225.0000000000       -0.0009702382       -0.0009115594       -0.0008682934       -0.0007910074       -0.0007426665       -0.0006624130       -0.0006171053       -0.0005163727
     -224.0000000000       -0.0009550117       -0.0008929626       -0.0008896650       -0.0007912799       -0.0007272757       -0.0006178383       -0.0005950586       -0.0005256904
     -223.0000000000       -0.0010052204       -0.0009120235       -0.0009064926       -0.0008035726       -0.0007427530       -0.0006454360       -0.0005935864       -0.0004877582
     -222.0000000000       -0.0009955349       -0.0009190349       -0.0008448375       -0.0007815451       -0.0007338159       -0.0006384361       -0.0005408579       -0.0004612465
     -221.0000000000       -0.0009974863       -0.0009295728       -0.0008509558       -0.0008467559       -0.0007162174       -0.0006234351       -0.0005710887       -0.0004996694
     -220.0000000000       -0.0009397302       -0.0009254098       -0.0009013405       -0.0007853222       -0.0007396255       -0.0006272211       -0.0005655979       -0.0005047878
     -219.0000000000       -0.0009486242       -0.0008755243       -0.0008946515       -0.0008100017       -0.0007212151       -0.0005976972       -0.0005523024       -0.0004746077
     -218.0000000000       -0.0009835791       -0.0008793424       -0.0009023460       -0.0007898155       -0.0007164032       -0.0006250472       -0.0005810980       -0.0004788405
     -217.0000000000       -0.0009867128       -0.0009175984       -0.0008863566       -0.0008090645       -0.0006923172       -0.0006390887       -0.0005274002       -0.0004777752
     -216.0000000000       -0.0009645587       -0.0008622311       -0.0008842399       -0.0008288328       -0.0006869681       -0.0006254031       -0.0005589086       -0.0004731330
     -215.0000000000       -0.0010318646       -0.0008833672       -0.0008162599       -0.0007956871       -0.0006951994       -0.0006412165       -0.0005827986       -0.0004402507
     -214.0000000000       -0.0009703444       -0.0009180486       -0.0008623501       -0.0007935337       -0.0007254821       -0.0006219879       -0.0005688562       -0.0004441133
     -213.0000000000       -0.0009371525       -0.0009393195       -0.0008558484       -0.0008220992       -0.0006898312       -0.0006027507       -0.0005652369       -0.0004451383
     -212.0000000000       -0.0009638020       -0.0009518871       -0.0008845525       -0.0007790556       -0.0006842067       -0.0005872267       -0.0005143181       -0.0004897055
     -211.0000000000       -0.0009167000       -0.0009547509       -0.0008703805       -0.0007950332       -0.0006799167       -0.0006101707       -0.0005418029       -0.0004551140
     -210.0000000000       -0.0009466665       -0.0009281404       -0.0008915220       -0.0007435356       -0.0007305323       -0.0006482140       -0.0005464047       -0.0004728209
     -209.0000000000       -0.0009730642       -0.0008770152       -0.0008857749       -0.0007703793       -0.0006813395       -0.0006336798       -0.0005627520       -0.0004966313
     -208.0000000000       -0.0009740617       -0.0009111696       -0.0008897125       -0.0007967315       -0.0007122140       -0.0005944149       -0.0004549498       -0.0004300999
     -207.0000000000       -0.0009720980       -0.0009779422       -0.0009049866       -0.0007931449       -0.0006739497       -0.0005368958       -0.0005177846       -0.0004840766
     -206.0000000000       -0.0009045295       -0.0009565180       -0.0008638730       -0.0008036312       -0.0007005153       -0.0005512185       -0.0004835368       -0.0004607535
     -205.0000000000       -0.0009436668       -0.0009214097       -0.0008854678       -0.0007755368       -0.0006600496       -0.0005855379       -0.0005103369       -0.0004784361
     -204.0000000000       -0.0009851812       -0.0009583844       -0.0008233735       -0.0008013888       -0.0006457413       -0.0005999015       -0.0004701479       -0.0004283659
     -203.0000000000       -0.0009472527       -0.0009214418       -0.0008630415       -0.0007885997       -0.0006710351       -0.0005739530       -0.0004701476       -0.0004171952
     -202.0000000000       -0.0009479562       -0.0009266078       -0.0008348845       -0.0007375102       -0.0007063496       -0.0005635249       -0.0005328733       -0.0004035968
     -201.0000000000       -0.0009397764       -0.0009003079       -0.0008645093       -0.0007752877       -0.0006909521       -0.0005464479       -0.0004837259       -0.0004230460
     -200.0000000000       -0.0009930265       -0.0009108793       -0.0008535465       -0.0007734754       -0.0007121084       -0.0005772274       -0.0005007499       -0.0004193178
     -199.0000000000       -0.0009576192       -0.0009171696       -0.0008478930       -0.0007145200       -0.0006676063       -0.0005703401       -0.0004594689       -0.0004274194
     -198.0000000000       -0.0009454315       -0.0009307363       -0.0008723421       -0.0007620535       -0.0006494125       -0.0005796691       -0.0005141055       -0.0004294029
     -197.0000000000       -0.0009697831       -0.0009445013       -0.0008533604       -0.0007983632       -0.0006883197       -0.0005422109       -0.0005374073       -0.0004071424
     -196.0000000000       -0.0009774952       -0.0009458789       -0.0008695225       -0.0007708132       -0.0006622010       -0.0005661538       -0.0005174070       -0.0003763576
     -195.0000000000       -0.0009879084       -0.0009336648       -0.0008823843       -0.0007925014       -0.0006823328       -0.0005392157       -0.0005095989       -0.0003992550
     -194.0000000000       -0.0009966773       -0.0009089446       -0.0008408413       -0.0007370557       -0.0006741219       -0.0005164529       -0.0004763925       -0.0004096334
     -193.0000000000       -0.0009261687       -0.0009002392       -0.0008550822       -0.0007419977       -0.0007106072       -0.0005848087       -0.0005055643       -0.0004093091
     -192.0000000000       -0.0009122983       -0.0009218546       -0.0008363542       -0.0007434161       -0.0006264836       -0.0005822437       -0.0004748874       -0.0004006780
     -191.0000000000       -0.0009929812       -0.0009224472       -0.0008349565       -0.0007420200       -0.0006048551       -0.0005620755       -0.0004818726       -0.0003515623
     -190.0000000000       -0.0009511812       -0.0009034968       -0.0008098736       -0.0007743019       -0.0006363223       -0.0005652683       -0.0004662819       -0.0003508030
     -189.0000000000       -0.0009727902       -0.0008964231       -0.0008324959       -0.0007253164       -0.0006305877       -0.0005775423       -0.0004626587       -0.0003594518
     -188.0000000000       -0.0009867019       -0.0008798648       -0.0008564964       -0.0007187302       -0.0005598515       -0.0005218672       -0.0004323158       -0.0003874389
     -187.0000000000       -0.0009487942       -0.0008960859       -0.0008361657       -0.0007334237       -0.0006427875       -0.0005108649       -0.0004264989       -0.0004131288
     -186.0000000000       -0.0009945876       -0.0008898698       -0.0008419993       -0.0007590227       -0.0006308559       -0.0004818867       -0.0003896054       -0.0003743123
     -185.0000000000       -0.0009544380       -0.0009164714       -0.0008715243       -0.0007370755       -0.0006333614       -0.0005212544       -0.0004071123       -0.0003682899
     -184.0000000000       -0.0009665352       -0.0008905259       -0.0008601420       -0.0007026830       -0.0006436701       -0.0005312392       -0.0004440666       -0.0003273833
     -183.0000000000       -0.0009733053       -0.0009196603       -0.0008520901       -0.0007202065       -0.0006543029       -0.0004718392       -0.0004678512       -0.0003129457
     -182.0000000000       -0.0009816946       -0.0009122147       -0.0008251056       -0.0007362696       -0.0005995826       -0.0004751696       -0.0004169595       -0.0003133803
     -181.0000000000       -0.0009764806       -0.0009495574       -0.0008245314       -0.0007366139       -0.0006292316       -0.0005155897       -0.0004021591       -0.0003504981
     -180.0000000000       -0.0009794993       -0.0009340465       -0.0008592279       -0.0007226968       -0.0006057771       -0.0005018382       -0.0004163145       -0.0003353925
     -179.0000000000       -0.0009934204       -0.0009315535       -0.0008213796       -0.0007271548       -0.0005896267       -0.0005152931       -0.0003841340       -0.0003678933
     -178.0000000000       -0.0009652358       -0.0008959660       -0.0008748794       -0.0006902486       -0.0005812568       -0.0005001481       -0.0003480210       -0.0003398835
     -177.0000000000       -0.0009547194       -0.0009114787       -0.0007972782       -0.0007421674       -0.0005747831       -0.0004692658       -0.0003722195       -0.0003089306
     -176.0000000000       -0.0010152953       -0.0009409509       -0.0007977966       -0.0007021717       -0.0005899856       -0.0005212467       -0.0004098687       -0.0002946495
     -175.0000000000       -0.0009816147       -0.0008872577       -0.0007678813       -0.0007301853       -0.0005841230       -0.0004964979       -0.0004257952       -0.0003188782
     -174.0000000000       -0.0009539722       -0.0008975852       -0.0008004260       -0.0006988009       -0.0005555289       -0.0004967746       -0.0003496234       -0.0002609503
     -173.0000000000       -0.0009992683       -0.0008995126       -0.0007854645       -0.0006775825       -0.0005785646       -0.0004385494       -0.0003600834       -0.0002786595
     -172.0000000000       -0.0010043213       -0.0008957593       -0.0008018824       -0.0006879330       -0.0005096781       -0.0004729036       -0.0004035049       -0.0002874099
     -171.0000000000       -0.0009793229       -0.0008933346       -0.0007802972       -0.0006547618       -0.0005363184       -0.0004505134       -0.0003908526       -0.0002887908
     -170.0000000000       -0.0009837329       -0.0009133346       -0.0007756311       -0.0006582107       -0.0005776385       -0.0005025174       -0.0003585157       -0.0002796566
     -169.0000000000       -0.0009844478       -0.0009217551       -0.0007843189       -0.0006750549       -0.0005647656       -0.0004349495       -0.0003423593       -0.0003240818
     -168.0000000000       -0.0009672216       -0.0009136774       -0.0007749389       -0.0006485779       -0.0005190865       -0.0004255103       -0.0003481008       -0.0002355084
     -167.0000000000       -0.0009528673       -0.0009116412       -0.0007729163       -0.0006898778       -0.0005477567       -0.0004215251       -0.0003210527       -0.0002603586
     -166.0000000000       -0.0009842466       -0.0009783573       -0.0008322807       -0.0006667548       -0.0005243917       -0.0004592411       -0.0003458881       -0.0002693604
     -165.0000000000       -0.0009250363       -0.0009047440       -0.0007534651       -0.0005995939       -0.0005667066       -0.0004363168       -0.0003455528       -0.0002875911
     -164.0000000000       -0.0009617519       -0.0008617573       -0.0007576553       -0.0006192142       -0.0005075585       -0.0004062635       -0.0003609423       -0.0002607629
     -163.0000000000       -0.0009800129       -0.0008576563       -0.0007938905       -0.0006171220       -0.0004772675       -0.0004580032       -0.0002974379       -0.0002565135
     -162.0000000000       -0.0010041271       -0.0008965061       -0.0007725546       -0.0006361418       -0.0005285156       -0.0004118793       -0.0002989574       -0.0002628515
     -161.0000000000       -0.0010128116       -0.0008566552       -0.0007317924       -0.0006634045       -0.0005471373       -0.0004218580       -0.0003288747       -0.0002306036
     -160.0000000000       -0.0009735130       -0.0008888895       -0.0007582002       -0.0005786320       -0.0005234057       -0.0003759331       -0.0003109248       -0.0002381269
     -159.0000000000       -0.0009534938       -0.0008749430       -0.0007248498       -0.0006253581       -0.0004831996       -0.0003567118       -0.0002648069       -0.0002018528
     -158.0000000000       -0.0009409552       -0.0008959131       -0.0007289423       -0.0005861796       -0.0004755298       -0.0004172828       -0.0002987505       -0.0002235219
     -157.0000000000       -0.0009880463       -0.0009256601       -0.0007412555       -0.0005962123       -0.0004689838       -0.0003676264       -0.0002728599       -0.0002358181
     -156.0000000000       -0.0010437749       -0.0008776972       -0.0007649807       -0.0005840911       -0.0004801432       -0.0003618222       -0.0002344106       -0.0002225409
     -155.0000000000       -0.0009741931       -0.0009104837       -0.0007874223       -0.0005989211       -0.0004670073       -0.0004008371       -0.0002556211       -0.0002364784
     -154.0000000000       -0.0009637760       -0.0008904865       -0.0007842459       -0.0005700819       -0.0004333035       -0.0003886566       -0.0002522574       -0.0002073350
     -153.0000000000       -0.0009700349       -0.0008488614       -0.0007558914       -0.0005878969       -0.0004341076       -0.0003346956       -0.0002330581       -0.0001859962
     -152.0000000000       -0.0009687203       -0.0009100652       -0.0007496295       -0.0005678420       -0.0004387923       -0.0003179466       -0.0002527726       -0.0002084637
     -151.0000000000       -0.0009891832       -0.0008302754       -0.0006683286       -0.0005765914       -0.0004292520       -0.0002980281       -0.0002352336       -0.0002063035
     -150.0000000000       -0.0009091232       -0.0008732622       -0.0006937771       -0.0005964189       -0.0004203003       -0.0002942604       -0.0002147773       -0.0001915708
     -149.0000000000       -0.0009940262       -0.0008744110       -0.0007313756       -0.0005825610       -0.0003833570       -0.0002937210       -0.0002078544       -0.0001564471
     -148.0000000000       -0.0009907668       -0.0008698215       -0.0007114432       -0.0005497701       -0.0003790865       -0.0002673644       -0.0002058085       -0.0001736394
     -147.0000000000       -0.0009842352       -0.0008554352       -0.0007095104       -0.0005739013       -0.0003824793       -0.0002749460       -0.0002228036       -0.0001390108
     -146.0000000000       -0.0009797550       -0.0008859057       -0.0007201253       -0.0005524482       -0.0003708651       -0.0002906120       -0.0002351205       -0.0001592167
     -145.0000000000       -0.0010025891       -0.0008909069       -0.0006682359       -0.0004727043       -0.0003708372       -0.0002403145       -0.0002215541       -0.0001553380
     -144.0000000000       -0.0008930247       -0.0008580325       -0.0006425849       -0.0005245940       -0.0003949671       -0.0002769617       -0.0002158726       -0.0001178529
     -143.0000000000       -0.0009703621       -0.0008340832       -0.0006976901       -0.0004922553       -0.0003569367       -0.0002514242       -0.0002018800       -0.0001232007
     -142.0000000000       -0.0009632488       -0.0008819398       -0.0006700396       -0.0005009359       -0.0003636545       -0.0002284418       -0.0001855477       -0.0001586154
     -141.0000000000       -0.0009633259       -0.0008488261       -0.0006790610       -0.0004952139       -0.0003392630       -0.0002384699       -0.0002008059       -0.0001098897
     -140.0000000000       -0.0009416764       -0.0008478070       -0.0006767250       -0.0004897682       -0.0003528911       -0.0002364643       -0.0001832508       -0.0001204339
     -139.0000000000       -0.0009643482       -0.0008899466       -0.0006840658       -0.0005069991       -0.0003413423       -0.0002262378       -0.0001576242       -0.0001140231
     -138.0000000000       -0.0009576714       -0.0008459114       -0.0006601206       -0.0004425903       -0.0003955511       -0.0002051939       -0.0001555818       -0.0000962965
     -137.0000000000       -0.0009630839       -0.0008749050       -0.0006635030       -0.0004715959       -0.0003566281       -0.0002145929       -0.0001644566       -0.0000707789
     -136.0000000000       -0.0009415467       -0.0008322646       -0.0006099813       -0.0004586109       -0.0002875616       -0.0001882356       -0.0001523359       -0.0001073618
     -135.0000000000       -0.0009775036       -0.0008374514       -0.0006580164       -0.0004394507       -0.0003137216       -0.0001803563       -0.0001537555       -0.0000725983
     -134.0000000000       -0.0009658965       -0.0008239217       -0.0006480659       -0.0004277747       -0.0002766517       -0.0002049617       -0.0001322841       -0.0000698286
     -133.0000000000       -0.0009614253       -0.0008109598       -0.0006267354       -0.0003623548       -0.0002724264       -0.0001547007       -0.0001495628       -0.0000774953
     -132.0000000000       -0.0009956349       -0.0008504388       -0.0006039183       -0.0003942696       -0.0002433280       -0.0001668976       -0.0001532214       -0.0000843937
     -131.0000000000       -0.0009401389       -0.0008223271       -0.0006134744       -0.0004179337       -0.0002509705       -0.0001636551       -0.0001064510       -0.0000358629
     -130.0000000000       -0.0009838124       -0.0008486199       -0.0006091189       -0.0003993675       -0.0002588532       -0.0001419633       -0.0000889891       -0.0000345427
     -129.0000000000       -0.0009503162       -0.0008467472       -0.0005556645       -0.0003906801       -0.0002646213       -0.0001491113       -0.0000853258       -0.0000392583
     -128.0000000000       -0.0009789516       -0.0008569133       -0.0005293150       -0.0003545519       -0.0002280817       -0.0001083056       -0.0000760950       -0.0000453763
     -127.0000000000       -0.0009635436       -0.0008154445       -0.0005241931       -0.0003326845       -0.0002077755       -0.0001123723       -0.0000982749       -0.0000688473
     -126.0000000000       -0.0009870938       -0.0007690700       -0.0005033291       -0.0003412978       -0.0001376747       -0.0001391881       -0.0000442634       -0.0000145438
     -125.0000000000       -0.0009345732       -0.0007440867       -0.0005635514       -0.0003199288       -0.0001342728       -0.0000822952       -0.0000507194        0.0000097799
     -124.0000000000       -0.0009892767       -0.0007964585       -0.0005345365       -0.0002936543       -0.0001548308       -0.0000959380       -0.0000201762       -0.0000426332
     -123.0000000000       -0.0009347297       -0.0007935742       -0.0005210461       -0.0003032719       -0.0001532366       -0.0001070294       -0.0000648661       -0.0000032655
     -122.0000000000       -0.0010145864       -0.0008360573       -0.0005158063       -0.0002751869       -0.0001194481       -0.0000387829        0.0000004746       -0.0000041131
     -121.0000000000       -0.0009739703       -0.0007951686       -0.0005058817       -0.0003325640       -0.0001894690       -0.0000316112       -0.0000254661       -0.0000058206
     -120.0000000000       -0.0009511948       -0.0007432061       -0.0004979683       -0.0002827966       -0.0001706857       -0.0000206120       -0.0000488288        0.0000356215
     -119.0000000000       -0.0009524312       -0.0008072643       -0.0005004270       -0.0002661061       -0.0001428528       -0.0000162288        0.0000104697        0.0000172840
     -118.0000000000       -0.0009821058       -0.0007851744       -0.0004647961       -0.0002534923       -0.0001180494       -0.0000807836        0.0000338391        0.0000279472
     -117.0000000000       -0.0009668025       -0.0008067945       -0.0004990929       -0.0002671052       -0.0000832365       -0.0000302762       -0.0000041691        0.0000537436
     -116.0000000000       -0.0009403449       -0.0007647019       -0.0004721882       -0.0001984689       -0.0000971678       -0.0000015754        0.0000292272        0.0000557300
     -115.0000000000       -0.0010104875       -0.0007814040       -0.0003765948       -0.0002982018       -0.0000724997       -0.0000130605        0.0000439925        0.0000556253
     -114.0000000000       -0.0009766281       -0.0007391755       -0.0004229033       -0.0002023663       -0.0000243732       -0.0000193112        0.0000016965        0.0000031573
     -113.0000000000       -0.0009656950       -0.0007190473       -0.0004201831       -0.0001608290       -0.0000789911        0.0000011631        0.0000979104        0.0000386623
     -112.0000000000       -0.0009505446       -0.0007734844       -0.0003837658       -0.0001337540       -0.0000578672        0.0000380008        0.0000792925        0.0000678643
     -111.0000000000       -0.0009435825       -0.0007282888       -0.0003622380       -0.0001401733       -0.0000285649        0.0000208573        0.0001030895        0.0001000859
     -110.0000000000       -0.0009383474       -0.0006852268       -0.0003615846       -0.0001391648        0.0000214839        0.0000819200        0.0000794074        0.0000632510
     -109.0000000000       -0.0009608181       -0.0007082539       -0.0003779448       -0.0001383177       -0.0000175639        0.0001068849        0.0001229172        0.0001087606
     -108.0000000000       -0.0009884171       -0.0006673438       -0.0003652708       -0.0000907000        0.0000497619        0.0001049605        0.0000639630        0.0000501893
     -107.0000000000       -0.0009903264       -0.0007205976       -0.0003402265       -0.0000712839        0.0000032349        0.0000694012        0.0000966140        0.0001080325
     -106.0000000000       -0.0009950655       -0.0006611897       -0.0003118055       -0.0000462632        0.0000769449        0.0001253972        0.0001499697        0.0001105915
     -105.0000000000       -0.0009622137       -0.0006757646       -0.0003247764       -0.0000527658        0.0000732444        0.0001250971        0.0001748653        0.0001294732
     -104.0000000000       -0.0009627153       -0.0006381381       -0.0002878501       -0.0000646408        0.0000505740        0.0000953790        0.0001501942        0.0001162160
     -103.0000000000       -0.0009657485       -0.0006856730       -0.0002687755       -0.0000204587        0.0001180147        0.0001556610        0.0001586596        0.0001182101
     -102.0000000000       -0.0009297977       -0.0006140056       -0.0002592565       -0.0000161905        0.0000976139        0.0001614585        0.0001306797        0.0001141134
     -101.0000000000       -0.0009746446       -0.0006202342       -0.0002488761        0.0000092888        0.0000974766        0.0001374997        0.0001497246        0.0001423313
     -100.0000000000       -0.0009528369       -0.0006459190       -0.0002512250        0.0000075006        0.0001278111        0.0002039046        0.0001995830        0.0001520982
      -99.0000000000       -0.0009502055       -0.0006355900       -0.0002336375        0.0000172675        0.0001409619        0.0001542850        0.0002103813        0.0002058005
      -98.0000000000       -0.0009580013       -0.0006043774       -0.0002189921        0.0000094291        0.0001505898        0.0001805009        0.0001855717        0.0002338736
      -97.0000000000       -0.0009822322       -0.0006039510       -0.0001783275        0.0000534604        0.0001574841        0.0001663878        0.0001849489        0.0001906671
      -96.0000000000       -0.0010117488       -0.0006129140       -0.0001263612        0.0000442799        0.0001826613        0.0002132113        0.0002540849        0.0001638171
      -95.0000000000       -0.0009942950       -0.0005748993       -0.0000929313        0.0000779772        0.0001953758        0.0002065558        0.0001912059        0.0001761971
      -94.0000000000       -0.0009842593       -0.0005872794       -0.0000829860        0.0001006187        0.0001676069        0.0002613855        0.0002454277        0.0001504013
      -93.0000000000       -0.0009640776       -0.0005159687       -0.0001247002        0.0001257388        0.0001793359        0.0002135444        0.0002797484        0.0002162215
      -92.0000000000       -0.0009822851       -0.0005558860       -0.0001517347        0.0001109802        0.0002544200        0.0002203305        0.0002524540        0.0002087812
      -91.0000000000       -0.0009749920       -0.0004823753       -0.0000633062        0.0001625218        0.0002273587        0.0002639660        0.0002646528        0.0002372490
      -90.0000000000       -0.0009844703       -0.0005832419       -0.0000274593        0.0002027094        0.0002821257        0.0002780072        0.0002603987        0.0002419046
      -89.0000000000       -0.0009515217       -0.0005157320        0.0000103842        0.0002500238        0.0002912939        0.0002730204        0.0002291484        0.0002479544
      -88.0000000000       -0.0009494919       -0.0004530209        0.0000084149        0.0002302965        0.0002891846        0.0003079198        0.0002736449        0.0002172139
      -87.0000000000       -0.0009697483       -0.0004935833        0.0000187563        0.0002266041        0.0002865279        0.0002985706        0.0002479860        0.0002810709
      -86.0000000000       -0.0009708203       -0.0004491530        0.0000290863        0.0002288212        0.0003469056        0.0003129366        0.0002971836        0.0002680140
      -85.0000000000       -0.0010378539       -0.0004453824        0.0001201628        0.0002512390        0.0003311147        0.0003491962        0.0002946207        0.0002706726
      -84.0000000000       -0.0010126520       -0.0004211539        0.0001111682        0.0003209682        0.0003816163        0.0003516178        0.0002871431        0.0002794298
      -83.0000000000       -0.0009751638       -0.0003954222        0.0001222815        0.0003670863        0.0003629331        0.0003638442        0.0002766821        0.0002863526
      -82.0000000000       -0.0009697267       -0.0003244321        0.0001415469        0.0003549785        0.0003715249        0.0003269372        0.0002727684        0.0003405691
      -81.0000000000       -0.0009988423       -0.0003640207        0.0001932346        0.0003161725        0.0003987235        0.0003630822        0.0003263458        0.0002815346
      -80.0000000000       -0.0009503640       -0.0003170701        0.0002458089        0.0004297036        0.0004575366        0.0003721118        0.0003429013        0.0003251025
      -79.0000000000       -0.0010211882       -0.0003018716        0.0002343586        0.0003761485        0.0004023539        0.0003744528        0.0003454000        0.0003029055
      -78.0000000000       -0.0009761607       -0.0002760084        0.0002530898        0.0004603398        0.0004485646        0.0003759194        0.0003524431        0.0003137130
      -77.0000000000       -0.0009685150       -0.0002416825        0.0002263057        0.0004301611        0.0004433809        0.0004115888        0.0003656821        0.0003215876
      -76.0000000000       -0.0010111107       -0.0002738201        0.0003169177        0.0005079221        0.0004752709        0.0004273062        0.0003798924        0.0003215989
      -75.0000000000       -0.0009850658       -0.0002365745        0.0003068798        0.0004967487        0.0004874064        0.0004469154        0.0003644363        0.0003237491
      -74.0000000000       -0.0009756351       -0.0001700813        0.0003569961        0.0005159561        0.0004748217        0.0004243078        0.0003970894        0.0002941993
      -73.0000000000       -0.0009647832       -0.0001814996        0.0003696059        0.0005489673        0.0005045275        0.0004875960        0.0004156899        0.0003496999
      -72.0000000000       -0.0009824174       -0.0000876228        0.0004321295        0.0005388277        0.0005487457        0.0004833194        0.0004142993        0.0003786249
      -71.0000000000       -0.0009537373       -0.0000786648        0.0004652087        0.0005906578        0.0005154927        0.0005559346        0.0003920063        0.0003544995
      -70.0000000000       -0.0009640008       -0.0000623583        0.0004713135        0.0005490326        0.0005530965        0.0005256698        0.0004599490        0.0003407786
      -69.0000000000       -0.0009836566       -0.0000250836        0.0004901164        0.0005942917        0.0005483719        0.0005033129        0.0004357441        0.0003633523
      -68.0000000000       -0.0009527162       -0.0000445598        0.0005005495        0.0006461574        0.0005934471        0.0005441996        0.0004543849        0.0004123388
      -67.0000000000       -0.0009336377        0.0000361393        0.0005466770        0.0006515437        0.0006118565        0.0005228983        0.0004415069        0.0003459202
      -66.0000000000       -0.0009280408        0.0000614172        0.0006054529        0.0006931866        0.0006400167        0.0005236610        0.0004460232        0.0003869994
      -65.0000000000       -0.0009537310        0.0001095550        0.0006700367        0.0006412524        0.0006097894        0.0005394233        0.0004679183        0.0003717645
      -64.0000000000       -0.0010121261        0.0001408658        0.0007144192        0.0006930161        0.0006219707        0.0005348778        0.0004855812        0.0003865935
      -63.0000000000       -0.0009847412        0.0002041655        0.0007066305        0.0007135958        0.0007156426        0.0005783191        0.0004784236        0.0004474207
      -62.0000000000       -0.0009862779        0.0002408664        0.0007928227        0.0007791162        0.0006931476        0.0006034520        0.0004960209        0.0003999479
      -61.0000000000       -0.0009691368        0.0002419095        0.0007838237        0.0008120974        0.0006971811        0.0005696539        0.0005182463        0.0003977757
      -60.0000000000       -0.0009731364        0.0003628217        0.0008497602        0.0008452000        0.0007036849        0.0005958379        0.0005556270        0.0004279800
      -59.0000000000       -0.0010181692        0.0003680503        0.0008603937        0.0008436444        0.0007248664        0.0006291202        0.0005026417        0.0004105477
      -58.0000000000       -0.0009676218        0.0004085903        0.0008500932        0.0008581611        0.0007287774        0.0006339650        0.0005124283        0.0004273718
      -57.0000000000       -0.0009327785        0.0004376995        0.0009324778        0.0008504549        0.0007663357        0.0006026768        0.0005429849        0.0004443957
      -56.0000000000       -0.0009739639        0.0004980392        0.0009571734        0.0009132629        0.0007679238        0.0006292834        0.0005470229        0.0004630739
      -55.0000000000       -0.0009448287        0.0005810892        0.0009527642        0.0009262815        0.0007566808        0.0006309563        0.0005839974        0.0004169785
      -54.0000000000       -0.0009673403        0.0006888837        0.0010077544        0.0009807988        0.0007827005        0.0006885948        0.0005353331        0.0004512283
      -53.0000000000       -0.0009936924        0.0007246407        0.0010834473        0.0009569797        0.0008140819        0.0006645156        0.0005234689        0.0004145568
      -52.0000000000       -0.0010132008        0.0007915258        0.0010706119        0.0009924724        0.0008367784        0.0006685875        0.0005407800        0.0004474622
      -51.0000000000       -0.0009763696        0.0008368130        0.0011378010        0.0010234643        0.0008193974        0.0006802131        0.0005360132        0.0004732455
      -50.0000000000       -0.0009354252        0.0008896792        0.0011335706        0.0010366235        0.0007865098        0.0006711872        0.0005226081        0.0004879874
      -49.0000000000       -0.0009561142        0.0009461805        0.0012078806        0.0009951814        0.0008914853        0.0007109792        0.0005508884        0.0004917678
      -48.0000000000       -0.0009877186        0.0010386396        0.0012289187        0.0010808829        0.0008576870        0.0006907658        0.0005519744        0.0004818645
      -47.0000000000       -0.0009488070        0.0010626067        0.0012795130        0.0010941668        0.0008465860        0.0007036400        0.0006236599        0.0004553663
      -46.0000000000       -0.0009650018        0.0011558423        0.0012985443        0.0011188067        0.0008844846        0.0007494923        0.0006180962        0.0004996254
      -45.0000000000       -0.0009713698        0.0012494139        0.0013610283        0.0010925753        0.0008863573        0.0006896831        0.0006188750        0.0005028481
      -44.0000000000       -0.0009396866        0.0013176035        0.0013628666        0.0011446415        0.0009233504        0.0007126833        0.0006213902        0.0005005355
      -43.0000000000       -0.0009665659        0.0013899122        0.0013771013        0.0011231099        0.0009291821        0.0007237787        0.0006323610        0.0005123788
      -42.0000000000       -0.0009187296        0.0014659703        0.0014080136        0.0011820454        0.0009709147        0.0007499443        0.0006025709        0.0005050494
      -41.0000000000       -0.0009639354        0.0015347100        0.0014707769        0.0011793114        0.0009674383        0.0007964001        0.0005907877        0.0005036815
      -40.0000000000       -0.0009527977        0.0016067981        0.0015411208        0.0012331802        0.0009755441        0.0007704594        0.0006588674        0.0005539876
      -39.0000000000       -0.0009792924        0.0017146179        0.0015682702        0.0012453696        0.0009962970        0.0007577466        0.0006318410        0.0005057398
      -38.0000000000       -0.0009659462        0.0017748199        0.0016048360        0.0012455840        0.0010104746        0.0007872912        0.0006228990        0.0005449436
      -37.0000000000       -0.0009535731        0.0018968382        0.0016630257        0.0012233068        0.0009850593        0.0008065970        0.0006564790        0.0005569894
      -36.0000000000       -0.0009476200        0.0020149893        0.0016594753        0.0013098203        0.0010367576        0.0008042000        0.0006008170        0.0005063604
      -35.0000000000       -0.0009652268        0.0020149016        0.0017197404        0.0012915291        0.0010493826        0.0008117744        0.0006498313        0.0005289083
      -34.0000000000       -0.0009603495        0.0020931641        0.0017304775        0.0013615553        0.0010161666        0.0008164118        0.0006342601        0.0005364143
      -33.0000000000       -0.0009803652        0.0022378794        0.0017294042        0.0013494384        0.0010428647        0.0008591778        0.0006409529        0.0005373352
      -32.0000000000       -0.0009711831        0.0023210671        0.0017787205        0.0013462670        0.0010433545        0.0008493189        0.0006788777        0.0005296211
      -31.0000000000       -0.0009522102        0.0024201663        0.0018218371        0.0013582046        0.0010446777        0.0008583867        0.0006584016        0.0005340359
      -30.0000000000       -0.0009385561        0.0025121317        0.0018490481        0.0013912794        0.0010607152        0.0008570886        0.0006518255        0.0005476468
      -29.0000000000       -0.0009182447        0.0025731973        0.0018858676        0.0013660500        0.0010874317        0.0008759284        0.0006992110        0.0005692054
      -28.0000000000       -0.0009187506        0.0026600517        0.0019338444        0.0014422184        0.0010582885        0.0008319287        0.0007004451        0.0005764050
      -27.0000000000       -0.0009576458        0.0027787181        0.0019336243        0.0014239375        0.0010726144        0.0008956194        0.0006956093        0.0005250754
      -26.0000000000       -0.0009710015        0.0028947365        0.0019887161        0.0014970192        0.0010670832        0.0008663651        0.0007100904        0.0005808733
      -25.0000000000       -0.0009754449        0.0029448280        0.0019708473        0.0014892040        0.0011039793        0.0009000686        0.0007143918        0.0005435031
      -24.0000000000       -0.0009991405        0.0030276369        0.0019989960        0.0014209330        0.0010961334        0.0009046389        0.0007118590        0.0005350099
      -23.0000000000       -0.0009568219        0.0031237335        0.0020451168        0.0014580446        0.0011579608        0.0008824444        0.0007524237        0.0006134843
      -22.0000000000       -0.0009607582        0.0032585848        0.0020885982        0.0014635655        0.0011442533        0.0008759025        0.0007108330        0.0005187051
      -21.0000000000       -0.0009442312        0.0032869016        0.0021157819        0.0015565556        0.0011702765        0.0008750800        0.0007593162        0.0005509051
      -20.0000000000       -0.0009507056        0.0033689646        0.0022014876        0.0015317861        0.0011111627        0.0008520543        0.0007272409        0.0005867767
      -19.0000000000       -0.0009044641        0.0034278554        0.0021678077        0.0015691542        0.0011321978        0.0009126805        0.0006902109        0.0005577399
      -18.0000000000       -0.0009510971        0.0035653850        0.0021997801        0.0015801351        0.0011934462        0.0009699038        0.0007965760        0.0005945282
      -17.0000000000       -0.0009212756        0.0036233205        0.0021958033        0.0015256839        0.0011442026        0.0009257019        0.0007535185        0.0006252404
      -16.0000000000       -0.0009112348        0.0036731245        0.0022312509        0.0015272572        0.0011313759        0.0009499646        0.0007051630        0.0005952815
      -15.0000000000       -0.0008948842        0.0037396244        0.0022770135        0.0015764238        0.0011699027        0.0009634474        0.0007412812        0.0006280209
      -14.0000000000       -0.0009452858        0.0037814923        0.0022472491        0.0015849328        0.0011799005        0.0009109968        0.0007298946        0.0005724343
      -13.0000000000       -0.0008995691        0.0038702037        0.0022791468        0.0015952536        0.0011888182        0.0009091333        0.0007256320        0.0005707862
      -12.0000000000       -0.0008932254        0.0038942139        0.0022890666        0.0016097900        0.0011996485        0.0009517065        0.0007584819        0.0006073333
      -11.0000000000       -0.0008737041        0.0039709167        0.0023004039        0.0015901688        0.0012411754        0.0009397919        0.0007242776        0.0005732366
      -10.0000000000       -0.0008551637        0.0040260746        0.0023245419        0.0016475425        0.0011862094        0.0009475076        0.0007108683        0.0006008615
       -9.0000000000       -0.0007828798        0.0040498997        0.0023457745        0.0016081790        0.0012241800        0.0009095934        0.0007542837        0.0005838025
       -8.0000000000       -0.0007157331        0.0040789277        0.0023735492        0.0016434999        0.0011855561        0.0009499428        0.0007281099        0.0005871951
       -7.0000000000       -0.0006393361        0.0041640911        0.0023651243        0.0016720256        0.0012104541        0.0009716928        0.0007582817        0.0006452892
       -6.0000000000       -0.0005668701        0.0042144205        0.0023267000        0.0016430701        0.0012141616        0.0009888282        0.0008006290        0.0006271982
       -5.0000000000       -0.0002542670        0.0042144306        0.0023862281        0.0016050004        0.0012217394        0.0009477131        0.0007502867        0.0005899070
       -4.0000000000        0.0002625565        0.0042034524        0.0023722169        0.0016030516        0.0012093496        0.0009064287        0.0007433021        0.0006111549
       -3.0000000000        0.0015062293        0.0042482106        0.0023901951        0.0016372894        0.0012114243        0.0009183076        0.0007314382        0.0006067161
       -2.0000000000        0.0053338767        0.0042670450        0.0024330216        0.0015884153        0.0011822897        0.0009451630        0.0007463312        0.0006298882
       -1.0000000000        0.0295315940        0.0042479101        0.0024268082        0.0016537387        0.0012092284        0.0009582914        0.0007098586        0.0006138012
        0.0000000000        0.4086348211        0.0042757906        0.0023969233        0.0016105106        0.0011879877        0.0009470041        0.0006997040        0.0006110762
        1.0000000000        0.0295315940        0.0042472649        0.0023745439        0.0016210644        0.0012078398        0.0009424782        0.0007733686        0.0006056067
        2.0000000000        0.0053338767        0.0042662246        0.0023734500        0.0016734246        0.0012287295        0.0009593963        0.0006971371        0.0006268068
        3.0000000000        0.0015062293        0.0042588824        0.0023602171        0.0016600018        0.0012105937        0.0009581606        0.0007369958        0.0005809567
        4.0000000000        0.0002625565        0.0041967168        0.0023440453        0.0016316001        0.0012207636        0.0009987688        0.0007539156        0.0006447178
        5.0000000000       -0.0002542670        0.0042427355        0.0023963377        0.0016666115        0.0012083113        0.0009577592        0.0007390627        0.0005699484
        6.0000000000       -0.0005668701        0.0041942167        0.0023940563        0.0015933529        0.0012126556        0.0009108003        0.0007808430        0.0005832387
        7.0000000000       -0.0006393361        0.0041967291        0.0023290373        0.0016454586        0.0012083998        0.0008947044        0.0007981772        0.0006176769
        8.0000000000       -0.0007157331        0.0041531255        0.0023560609        0.0016036288        0.0012050531        0.0009368552        0.0007893299        0.0006188962
        9.0000000000       -0.0007828798        0.0040882328        0.0023486925        0.0016301087        0.0011917032        0.0008937456        0.0007413967        0.0006090342
       10.0000000000       -0.0008551637        0.0040323566        0.0023366257        0.0016275380        0.0011996054        0.0009220947        0.0007157141        0.0006095261
       11.0000000000       -0.0008737041        0.0039217696        0.0023313982        0.0016356796        0.0012055940        0.0009349319        0.0007410652        0.0005747349
       12.0000000000       -0.0008932254        0.0039218718        0.0023158554        0.0016325007        0.0011645628        0.0008870566        0.0007675381        0.0006067836
       13.0000000000       -0.0008995691        0.0038545629        0.0022757857        0.0015599974        0.0012058905        0.0009435974        0.0007077381        0.0005813066
       14.0000000000       -0.0009452858        0.0037452267        0.0022944887        0.0015799988        0.0011909538        0.0009199398        0.0007355665        0.0005409610
       15.0000000000       -0.0008948842        0.0037543688        0.0022453412        0.0015725183        0.0012080065        0.0009313644        0.0007001506        0.0006005999
       16.0000000000       -0.0009112348        0.0036903265        0.0022680814        0.0015119409        0.0011911660        0.0009258676        0.0006843177        0.0006059045
       17.0000000000       -0.0009212756        0.0036352039        0.0022001213        0.0015585366        0.0011792188        0.0008905736        0.0006965345        0.0005987745
       18.0000000000       -0.0009510971        0.0035868568        0.0021531812        0.0015249649        0.0011496919        0.0008696200        0.0006805704        0.0005875514
       19.0000000000       -0.0009044641        0.0034628840        0.0021776999        0.0015328059        0.0011543349        0.0009273912        0.0007058479        0.0005767864
       20.0000000000       -0.0009507056        0.0033302880        0.0021330545        0.0014875314        0.0011942722        0.0008988673        0.0007037884        0.0005815329
       21.0000000000       -0.0009442312        0.0032641053        0.0021009991        0.0015075040        0.0011715833        0.0009288928        0.0007124322        0.0006064184
       22.0000000000       -0.0009607582        0.0032144165        0.0020998385        0.0014920111        0.0011239450        0.0008728860        0.0007235110        0.0006236337
       23.0000000000       -0.0009568219        0.0031170541        0.0020619488        0.0014906057        0.0011255772        0.0008517899        0.0007095634        0.0005669155
       24.0000000000       -0.0009991405        0.0030470072        0.0020672215        0.0014985097        0.0011058753        0.0009035300        0.0006963674        0.0005665029
       25.0000000000       -0.0009754449        0.0029459199        0.0020106447        0.0014510116        0.0011322831        0.0008830610        0.0007218682        0.0005468940
       26.0000000000       -0.0009710015        0.0028610638        0.0019814347        0.0014238886        0.0010781748        0.0008712789        0.0007009775        0.0005689832
       27.0000000000       -0.0009576458        0.0027753752        0.0019787954        0.0013979724        0.0011171037        0.0008349361        0.0006491053        0.0006004588
       28.0000000000       -0.0009187506        0.0026613973        0.0019440665        0.0014483541        0.0010498391        0.0008538945        0.0006853069        0.0005482083
       29.0000000000       -0.0009182447        0.0026182480        0.0018889958        0.0013820307        0.0010495488        0.0008927449        0.0006553511        0.0005474897
       30.0000000000       -0.0009385561        0.0025215225        0.0018685556        0.0013924404        0.0010600605        0.0008348147        0.0006459984        0.0005535521
       31.0000000000       -0.0009522102        0.0024146879        0.0018370400        0.0013307706        0.0010768728        0.0008502572        0.0007014855        0.0005901497
       32.0000000000       -0.0009711831        0.0023164180        0.0018188617        0.0013263088        0.0010702547        0.0008733018        0.0006685094        0.0005987160
       33.0000000000       -0.0009803652        0.0022334666        0.0017457602        0.0013228023        0.0010361905        0.0008073478        0.0007238325        0.0005448279
       34.0000000000       -0.0009603495        0.0021649315        0.0017696274        0.0012950256        0.0009910031        0.0007888553        0.0006462748        0.0005373114
       35.0000000000       -0.0009652268        0.0020812845        0.0017049987        0.0013130441        0.0009978638        0.0007737315        0.0006321311        0.0005388495
       36.0000000000       -0.0009476200        0.0019906694        0.0016896010        0.0013332661        0.0010036735        0.0008551415        0.0006767893        0.0005360124
       37.0000000000       -0.0009535731        0.0018903083        0.0016345048        0.0012750943        0.0010216856        0.0008156957        0.0006690390        0.0005343981
       38.0000000000       -0.0009659462        0.0017945819        0.0016043677        0.0012246704        0.0010132526        0.0007492960        0.0006452579        0.0005042213
       39.0000000000       -0.0009792924        0.0016990003        0.0015471444        0.0012481814        0.0009708751        0.0007752300        0.0007253720        0.0005101133
       40.0000000000       -0.0009527977        0.0016388004        0.0015203397        0.0012234098        0.0009722373        0.0007836833        0.0006559856        0.0004895764
       41.0000000000       -0.0009639354        0.0016126707        0.0014464404        0.0011522571        0.0009370819        0.0008023279        0.0006336385        0.0004495179
       42.0000000000       -0.0009187296        0.0014693987        0.0014664901        0.0011304085        0.0009652203        0.0007775170        0.0006847894        0.0004807215
       43.0000000000       -0.0009665659        0.0013771547        0.0014126317        0.0011425606        0.0009596741        0.0007428926        0.0006356744        0.0004788473
       44.0000000000       -0.0009396866        0.0013135021        0.0014082016        0.0011397820        0.0008824317        0.0007013519        0.0006391988        0.0005093966
       45.0000000000       -0.0009713698        0.0012411367        0.0013523041        0.0011403913        0.0008880077        0.0007273507        0.0006131623        0.0005099280
       46.0000000000       -0.0009650018        0.0011307213        0.0013213082        0.0011157799        0.0008982120        0.0006839055        0.0006081082        0.0005165005
       47.0000000000       -0.0009488070        0.0010982800        0.0012617626        0.0011048920        0.0008874559        0.0007061809        0.0006069661        0.0004409726
       48.0000000000       -0.0009877186        0.0009949289        0.0012022211        0.0011342052        0.0009131704        0.0007090342        0.0005997473        0.0004450302
       49.0000000000       -0.0009561142        0.0009646174        0.0012024679        0.0010334176        0.0008635689        0.0007105815        0.0005885865        0.0004690403
       50.0000000000       -0.0009354252        0.0009262664        0.0011697164        0.0010099337        0.0008579622        0.0007056027        0.0005858853        0.0004910454
       51.0000000000       -0.0009763696        0.0008062111        0.0011916282        0.0009664663        0.0008213291        0.0006604072        0.0005679362        0.0005210880
       52.0000000000       -0.0010132008        0.0007720384        0.0011138760        0.0009940214        0.0007827742        0.0006487290        0.0005448883        0.0005040488
       53.0000000000       -0.0009936924        0.0006861478        0.0010674379        0.0009579955        0.0007791587        0.0006909365        0.0005506022        0.0004151276
       54.0000000000       -0.0009673403        0.0006317698        0.0010136752        0.0009161341        0.0007701493        0.0006660522        0.0005422086        0.0004533577
       55.0000000000       -0.0009448287        0.0006111691        0.0010026723        0.0009050548        0.0007848272        0.0006541268        0.0005034709        0.0004182985
       56.0000000000       -0.0009739639        0.0005328789        0.0009457425        0.0008973880        0.0007793937        0.0006423325        0.0005077549        0.0004351216
       57.0000000000       -0.0009327785        0.0005108216        0.0009010396        0.0008618730        0.0007514443        0.0005883031        0.0005543971        0.0004388035
       58.0000000000       -0.0009676218        0.0004576957        0.0008301517        0.0008564833        0.0007912883        0.0005716028        0.0005178790        0.0004091328
       59.0000000000       -0.0010181692        0.0003619225        0.0008171463        0.0008479874        0.0007477428        0.0005549392        0.0004772043        0.0004542466
       60.0000000000       -0.0009731364        0.0003085999        0.0008752946        0.0008415384        0.0007108940        0.0005774755        0.0005257131        0.0004261079
       61.0000000000       -0.0009691368        0.0002999754        0.0008366771        0.0007821918        0.0007108293        0.0005783851        0.0005363159        0.0004518585
       62.0000000000       -0.0009862779        0.0002728196        0.0007508878        0.0007613242        0.0007034931        0.0005739348        0.0004907800        0.0003637875
       63.0000000000       -0.0009847412        0.0002080138        0.0007087074        0.0007400325        0.0006604131        0.0005992295        0.0004396384        0.0004133245
       64.0000000000       -0.0010121261        0.0001917674        0.0007007664        0.0007352288        0.0006555386        0.0005291405        0.0004782159        0.0003627475
       65.0000000000       -0.0009537310        0.0001164364        0.0005999821        0.0006783261        0.0006189574        0.0005873746        0.0004825795        0.0004156273
       66.0000000000       -0.0009280408        0.0000672469        0.0006061096        0.0006725303        0.0006445966        0.0005381976        0.0004843005        0.0003699595
       67.0000000000       -0.0009336377        0.0000480184        0.0006196741        0.0006137322        0.0006005528        0.0004893725        0.0004573812        0.0003915560
       68.0000000000       -0.0009527162        0.0000164127        0.0005201959        0.0006205198        0.0006025495        0.0005413847        0.0004077149        0.0003722496
       69.0000000000       -0.0009836566        0.0000220538        0.0005225806        0.0006316565        0.0005725335        0.0004980811        0.0004502999        0.0003914883
       70.0000000000       -0.0009640008        0.0000008481        0.0005237688        0.0005658621        0.0005084212        0.0004751551        0.0004480923        0.0003654379
       71.0000000000       -0.0009537373       -0.0000547311        0.0004618731        0.0005454799        0.0005628153        0.0004854961        0.0003904394        0.0003493243
       72.0000000000       -0.0009824174       -0.0001381409        0.0003778516        0.0005671338        0.0004996598        0.0004781924        0.0003706071        0.0003586697
       73.0000000000       -0.0009647832       -0.0001425112        0.0004013983        0.0005486628        0.0005277548        0.0004489767        0.0004101992        0.0003480756
       74.0000000000       -0.0009756351       -0.0001986262        0.0003667698        0.0005071895        0.0004809182        0.0004219403        0.0003792690        0.0003533524
       75.0000000000       -0.0009850658       -0.0001985444        0.0003275402        0.0004873228        0.0004765892        0.0004294066        0.0003847613        0.0003607659
       76.0000000000       -0.0010111107       -0.0002324908        0.0003395475        0.0004849827        0.0005130570        0.0004027371        0.0003566998        0.0003258735
       77.0000000000       -0.0009685150       -0.0002548934        0.0002629500        0.0004604905        0.0004565584        0.0004189645        0.0003697387        0.0002811757
       78.0000000000       -0.0009761607       -0.0003426889        0.0002637617        0.0004224204        0.0004221078        0.0003976584        0.0003817238        0.0003241973
       79.0000000000       -0.0010211882       -0.0003467106        0.0002297245        0.0003764541        0.0003911384        0.0004220711        0.0003364891        0.0002497134
       80.0000000000       -0.0009503640       -0.0003204124        0.0002102428        0.0003876574        0.0003916949        0.0003511028        0.0003718236        0.0002957137
       81.0000000000       -0.0009988423       -0.0003618590        0.0001715366        0.0003955485        0.0004012772        0.0003571145        0.0003509499        0.0003023071
       82.0000000000       -0.0009697267       -0.0003956569        0.0001761237        0.0003744335        0.0003993140        0.0003533717        0.0003241104        0.0003127691
       83.0000000000       -0.0009751638       -0.0004054936        0.0000907953        0.0003042299        0.0003682740        0.0003351984        0.0003501658        0.0002514948
       84.0000000000       -0.0010126520       -0.0004018973        0.0001100542        0.0002708600        0.0003801833        0.0002896932        0.0002998164        0.0002703659
       85.0000000000       -0.0010378539       -0.0004024465        0.0001245747        0.0003397633        0.0003244678        0.0003171436        0.0002678830        0.0002709173
       86.0000000000       -0.0009708203       -0.0004276896        0.0000364157        0.0002843666        0.0002965172        0.0003450378        0.0002170789        0.0002301879
       87.0000000000       -0.0009697483       -0.0004507173        0.0000499773        0.0002084798        0.0002820495        0.0002940402        0.0002527809        0.0002817265
       88.0000000000       -0.0009494919       -0.0005130001        0.0000072932        0.0001820987        0.0003107830        0.0002657696        0.0002709555        0.0002175939
       89.0000000000       -0.0009515217       -0.0005155860        0.0000043024        0.0002031247        0.0002659850        0.0003123113        0.0002749059        0.0002355993
       90.0000000000       -0.0009844703       -0.0004971365       -0.0000263746        0.0001527720        0.0002513924        0.0002473567        0.0002674262        0.0002232775
       91.0000000000       -0.0009749920       -0.0005378890       -0.0000346957        0.0002069725        0.0002094354        0.0002373234        0.0002256283        0.0002217799
       92.0000000000       -0.0009822851       -0.0005684306       -0.0000741397        0.0001822593        0.0001844453        0.0002597041        0.0001986262        0.0002076914
       93.0000000000       -0.0009640776       -0.0005592548       -0.0001042329        0.0001470671        0.0002108333        0.0002452418        0.0002441325        0.0002272216
       94.0000000000       -0.0009842593       -0.0005789496       -0.0001547602        0.0001313313        0.0001927424        0.0002141107        0.0002582165        0.0002020441
       95.0000000000       -0.0009942950       -0.0005624409       -0.0001530438        0.0001043322        0.0001463873        0.0002118877        0.0002269918        0.0001896428
       96.0000000000       -0.0010117488       -0.0006067106       -0.0001352490        0.0000681043        0.0001611353        0.0002038496        0.0001830504        0.0001699658
       97.0000000000       -0.0009822322       -0.0006514888       -0.0001617753        0.0000653153        0.0001450246        0.0002182673        0.0001657476        0.0001808335
       98.0000000000       -0.0009580013       -0.0006285461       -0.0001892158        0.0000569742        0.0001411243        0.0002091186        0.0002024744        0.0001903423
       99.0000000000       -0.0009502055       -0.0006581206       -0.0002000809       -0.0000010926        0.0001368172        0.0001678629        0.0001470426        0.0001686176
      100.0000000000       -0.0009528369       -0.0006751538       -0.0002294090       -0.0000024937        0.0000973966        0.0001341586        0.0001476518        0.0001687710
      101.0000000000       -0.0009746446       -0.0006313372       -0.0002110113       -0.0000355169        0.0001323720        0.0001345507        0.0001469267        0.0001385444
      102.0000000000       -0.0009297977       -0.0006478627       -0.0002892367       -0.0000486348        0.0000912753        0.0001726655        0.0000815597        0.0001240822
      103.0000000000       -0.0009657485       -0.0006923819       -0.0002931244       -0.0000658596        0.0000863308        0.0001331459        0.0001424475        0.0001437313
      104.0000000000       -0.0009627153       -0.0006811500       -0.0003414713       -0.0000876152        0.0000834017        0.0001030176        0.0001395407        0.0001422188
      105.0000000000       -0.0009622137       -0.0007018418       -0.0003038124       -0.0001065049        0.0000471445        0.0000912548        0.0001153412        0.0000839284
      106.0000000000       -0.0009950655       -0.0007063589       -0.0003160423       -0.0000700735        0.0000753269        0.0000759499        0.0000968251        0.0000944701
      107.0000000000       -0.0009903264       -0.0006684612       -0.0002993227       -0.0000926612        0.0000332191        0.0000907131        0.0000811385        0.0001179314
      108.0000000000       -0.0009884171       -0.0007200702       -0.0003226227       -0.0001145179        0.0000350259        0.0001221197        0.0001157893        0.0000994575
      109.0000000000       -0.0009608181       -0.0007486422       -0.0003868022       -0.0001174968        0.0000501643        0.0000732377        0.0000887670        0.0000565582
      110.0000000000       -0.0009383474       -0.0007333350       -0.0004073158       -0.0001457897        0.0000276638        0.0000617171        0.0000887931        0.0000665489
      111.0000000000       -0.0009435825       -0.0007476979       -0.0003764927       -0.0001338409       -0.0000242945        0.0000488297        0.0000504336        0.0000702938
      112.0000000000       -0.0009505446       -0.0007361675       -0.0003772386       -0.0001527458        0.0000014608        0.0000176879        0.0000418996        0.0000684449
      113.0000000000       -0.0009656950       -0.0007677427       -0.0004486461       -0.0001828197       -0.0000665792        0.0000233798        0.0000324245        0.0000696074
      114.0000000000       -0.0009766281       -0.0007665160       -0.0004116372       -0.0001902990       -0.0000857276       -0.0000242857        0.0000332296        0.0000618285
      115.0000000000       -0.0010104875       -0.0007759872       -0.0004225340       -0.0002283997       -0.0000813995       -0.0000411395        0.0000175712        0.0000531645
      116.0000000000       -0.0009403449       -0.0007663622       -0.0004503610       -0.0002500411       -0.0000800058       -0.0000268250       -0.0000144835        0.0000538645
      117.0000000000       -0.0009668025       -0.0007081695       -0.0004630026       -0.0002299398       -0.0000982493       -0.0000017160        0.0000028218        0.0000481220
      118.0000000000       -0.0009821058       -0.0007326942       -0.0005097621       -0.0001997492       -0.0001227539       -0.0000463707       -0.0000016371        0.0000228780
      119.0000000000       -0.0009524312       -0.0007397844       -0.0004811827       -0.0002290358       -0.0000919483       -0.0000514969       -0.0000242729        0.0000011209
      120.0000000000       -0.0009511948       -0.0007728058       -0.0005271642       -0.0003048337       -0.0000952719       -0.0000338584        0.0000096124        0.0000209928
      121.0000000000       -0.0009739703       -0.0007962081       -0.0005277098       -0.0003011856       -0.0001027868       -0.0000366463        0.0000120883       -0.0000156621
      122.0000000000       -0.0010145864       -0.0007490114       -0.0005176183       -0.0002423745       -0.0001266261       -0.0001109028       -0.0000106331       -0.0000064839
      123.0000000000       -0.0009347297       -0.0007945941       -0.0005441195       -0.0003230876       -0.0002095706       -0.0001038048       -0.0000719037       -0.0000489911
      124.0000000000       -0.0009892767       -0.0007203018       -0.0005677526       -0.0003596451       -0.0002140126       -0.0000589356       -0.0000453097       -0.0000421312
      125.0000000000       -0.0009345732       -0.0007662806       -0.0005948601       -0.0003717084       -0.0001788412       -0.0001205059       -0.0000695766       -0.0000320113
      126.0000000000       -0.0009870938       -0.0008227818       -0.0005312912       -0.0002887745       -0.0001824427       -0.0001464641       -0.0000778634       -0.0000300376
      127.0000000000       -0.0009635436       -0.0008162704       -0.0006049922       -0.0003743170       -0.0002032967       -0.0001559646       -0.0000692787       -0.0000420742
      128.0000000000       -0.0009789516       -0.0008192687       -0.0005851180       -0.0003854309       -0.0002296710       -0.0001005619       -0.0000549588       -0.0000508105
      129.0000000000       -0.0009503162       -0.0008251976       -0.0005951190       -0.0003810176       -0.0001871223       -0.0001540403       -0.0000858375       -0.0000428836
      130.0000000000       -0.0009838124       -0.0008204998       -0.0006044413       -0.0003715965       -0.0002466220       -0.0001265202       -0.0000723258       -0.0000749698
      131.0000000000       -0.0009401389       -0.0008099083       -0.0006744329       -0.0003751568       -0.0002495391       -0.0001742526       -0.0000687967       -0.0000818891
      132.0000000000       -0.0009956349       -0.0008088272       -0.0006378736       -0.0004446460       -0.0002449328       -0.0001754070       -0.0001188693       -0.0001292274
      133.0000000000       -0.0009614253       -0.0007886477       -0.0006058092       -0.0003890840       -0.0002745360       -0.0001492031       -0.0001058475       -0.0000652161
      134.0000000000       -0.0009658965       -0.0008548882       -0.0006299099       -0.0004636435       -0.0002671375       -0.0001469080       -0.0001293599       -0.0001249877
      135.0000000000       -0.0009775036       -0.0008334335       -0.0006304032       -0.0004192847       -0.0002988726       -0.0001707389       -0.0001153094       -0.0001001915
      136.0000000000       -0.0009415467       -0.0008422911       -0.0006423175       -0.0004258290       -0.0002920888       -0.0002113543       -0.0001576326       -0.0000859075
      137.0000000000       -0.0009630839       -0.0008724234       -0.0006201209       -0.0004609725       -0.0003625050       -0.0002436431       -0.0001622745       -0.0000937000
      138.0000000000       -0.0009576714       -0.0008624335       -0.0006540485       -0.0004395425       -0.0003611894       -0.0001818944       -0.0001625624       -0.0000850996
      139.0000000000       -0.0009643482       -0.0008582437       -0.0006490458       -0.0004902369       -0.0003346740       -0.0002368585       -0.0001691750       -0.0001234815
      140.0000000000       -0.0009416764       -0.0008319674       -0.0006935755       -0.0004848260       -0.0003521847       -0.0002018675       -0.0001940633       -0.0001321611
      141.0000000000       -0.0009633259       -0.0008169562       -0.0006516631       -0.0005112834       -0.0003842375       -0.0002578772       -0.0002031266       -0.0001206472
      142.0000000000       -0.0009632488       -0.0008257894       -0.0006725586       -0.0005299330       -0.0003687640       -0.0002469118       -0.0002000225       -0.0001246281
      143.0000000000       -0.0009703621       -0.0008648865       -0.0007073123       -0.0005352973       -0.0003674092       -0.0002677342       -0.0001635490       -0.0001287021
      144.0000000000       -0.0008930247       -0.0008349435       -0.0007042473       -0.0005118966       -0.0003998931       -0.0002513520       -0.0002314508       -0.0001768230
      145.0000000000       -0.0010025891       -0.0008817865       -0.0007067408       -0.0005304534       -0.0003331588       -0.0003255375       -0.0001877434       -0.0001609327
      146.0000000000       -0.0009797550       -0.0008528853       -0.0006974354       -0.0005292230       -0.0003962169       -0.0002804782       -0.0002301887       -0.0001310534
      147.0000000000       -0.0009842352       -0.0008415880       -0.0006796811       -0.0005598820       -0.0003536203       -0.0003370646       -0.0001739744       -0.0001699111
      148.0000000000       -0.0009907668       -0.0008101268       -0.0006642439       -0.0005352330       -0.0004152500       -0.0003063396       -0.0001843544       -0.0001628148
      149.0000000000       -0.0009940262       -0.0008878286       -0.0006965199       -0.0005475636       -0.0004683263       -0.0002948873       -0.0002399255       -0.0001351360
      150.0000000000       -0.0009091232       -0.0008669871       -0.0006712433       -0.0005630630       -0.0004493503       -0.0003082345       -0.0002506131       -0.0001257683
      151.0000000000       -0.0009891832       -0.0008722176       -0.0007595480       -0.0005932849       -0.0004227056       -0.0003309532       -0.0002436336       -0.0001780218
      152.0000000000       -0.0009687203       -0.0008785592       -0.0007246452       -0.0005765475       -0.0004385830       -0.0003928088       -0.0002657097       -0.0002201835
      153.0000000000       -0.0009700349       -0.0008726292       -0.0007019114       -0.0005859223       -0.0004597517       -0.0003751697       -0.0002108986       -0.0002233363
      154.0000000000       -0.0009637760       -0.0008707460       -0.0007495154       -0.0006003127       -0.0004212055       -0.0003697809       -0.0002215410       -0.0002360610
      155.0000000000       -0.0009741931       -0.0008846846       -0.0007855046       -0.0005681011       -0.0004604786       -0.0002965666       -0.0002846674       -0.0002837594
      156.0000000000       -0.0010437749       -0.0008743730       -0.0007329546       -0.0005638543       -0.0004915456       -0.0003227545       -0.0003075755       -0.0002340112
      157.0000000000       -0.0009880463       -0.0008950878       -0.0007638350       -0.0006236656       -0.0004610085       -0.0003606083       -0.0003091575       -0.0002374657
      158.0000000000       -0.0009409552       -0.0009168503       -0.0007727588       -0.0006596514       -0.0004777257       -0.0004304399       -0.0003119403       -0.0002449544
      159.0000000000       -0.0009534938       -0.0009459828       -0.0007791329       -0.0006270843       -0.0004878423       -0.0003703449       -0.0003331835       -0.0002160207
      160.0000000000       -0.0009735130       -0.0009238964       -0.0007496689       -0.0006043911       -0.0004847940       -0.0004146551       -0.0003178918       -0.0002244158
      161.0000000000       -0.0010128116       -0.0009073007       -0.0007641131       -0.0006364063       -0.0005206986       -0.0003986667       -0.0003537690       -0.0002274796
      162.0000000000       -0.0010041271       -0.0009239316       -0.0007850377       -0.0006433531       -0.0005233301       -0.0004192672       -0.0003695637       -0.0002503418
      163.0000000000       -0.0009800129       -0.0009081410       -0.0007894085       -0.0005963757       -0.0005220313       -0.0004264779       -0.0003573429       -0.0002878405
      164.0000000000       -0.0009617519       -0.0009120785       -0.0007961945       -0.0006442823       -0.0005480576       -0.0003876494       -0.0003569423       -0.0002784566
      165.0000000000       -0.0009250363       -0.0008896859       -0.0007710705       -0.0006922846       -0.0005725913       -0.0004079205       -0.0003279806       -0.0002576378
      166.0000000000       -0.0009842466       -0.0009000193       -0.0007727194       -0.0006328328       -0.0005243788       -0.0004061662       -0.0003307021       -0.0003096112
      167.0000000000       -0.0009528673       -0.0009036321       -0.0007659152       -0.0006631235       -0.0005590974       -0.0004558597       -0.0003391925       -0.0003012776
      168.0000000000       -0.0009672216       -0.0008904783       -0.0007842419       -0.0006539812       -0.0005930824       -0.0004377394       -0.0003500050       -0.0003445915
      169.0000000000       -0.0009844478       -0.0008472573       -0.0007938756       -0.0006416601       -0.0005359676       -0.0004176056       -0.0003483262       -0.0003230224
      170.0000000000       -0.0009837329       -0.0008734915       -0.0008076302       -0.0006896579       -0.0005655044       -0.0004716743       -0.0003972599       -0.0003190055
      171.0000000000       -0.0009793229       -0.0008724509       -0.0007965167       -0.0006959407       -0.0005782197       -0.0004329865       -0.0003752736       -0.0002998017
      172.0000000000       -0.0010043213       -0.0009063300       -0.0008008130       -0.0007122261       -0.0005772435       -0.0004759401       -0.0004168368       -0.0002893307
      173.0000000000       -0.0009992683       -0.0008969241       -0.0008311385       -0.0007347730       -0.0005462795       -0.0005107985       -0.0003664327       -0.0002943720
      174.0000000000       -0.0009539722       -0.0008789101       -0.0008405423       -0.0006694172       -0.0005553656       -0.0004516956       -0.0004171909       -0.0003483249
      175.0000000000       -0.0009816147       -0.0008783773       -0.0008240149       -0.0006908083       -0.0005898872       -0.0004659397       -0.0003951198       -0.0002875555
      176.0000000000       -0.0010152953       -0.0009316598       -0.0008217768       -0.0006855804       -0.0005842724       -0.0004960851       -0.0004207567       -0.0003179225
      177.0000000000       -0.0009547194       -0.0009201065       -0.0008327741       -0.0007041612       -0.0005680789       -0.0005032310       -0.0003530549       -0.0003617151
      178.0000000000       -0.0009652358       -0.0009506626       -0.0008373860       -0.0007548588       -0.0005845930       -0.0004537536       -0.0004372530       -0.0003621695
      179.0000000000       -0.0009934204       -0.0009297034       -0.0008217073       -0.0007168379       -0.0006363486       -0.0005417281       -0.0004246187       -0.0003144622
      180.0000000000       -0.0009794993       -0.0009117664       -0.0008531471       -0.0007138590       -0.0006074877       -0.0004677413       -0.0003896930       -0.0003252742
      181.0000000000       -0.0009764806       -0.0009147127       -0.0008315465       -0.0007279600       -0.0006198575       -0.0005296698       -0.0004080108       -0.0003405670
      182.0000000000       -0.0009816946       -0.0009411794       -0.0008518196       -0.0007447786       -0.0006292542       -0.0004807065       -0.0004347298       -0.0003700222
      183.0000000000       -0.0009733053       -0.0009135017       -0.0008471171       -0.0007219674       -0.0006308575       -0.0005146777       -0.0004350033       -0.0003623500
      184.0000000000       -0.0009665352       -0.0009334947       -0.0008025338       -0.0007532218       -0.0005700656       -0.0005374057       -0.0004643441       -0.0003908488
      185.0000000000       -0.0009544380       -0.0009261806       -0.0007990980       -0.0007142906       -0.0006748041       -0.0005234035       -0.0004900956       -0.0003304769
      186.0000000000       -0.0009945876       -0.0009131084       -0.0008415101       -0.0007018173       -0.0006401209       -0.0005510186       -0.0004643200       -0.0003601156
      187.0000000000       -0.0009487942       -0.0009049874       -0.0008095081       -0.0007681006       -0.0006059754       -0.0005079703       -0.0004800248       -0.0003365301
      188.0000000000       -0.0009867019       -0.0009157877       -0.0008074346       -0.0007431012       -0.0005991058       -0.0005520677       -0.0004267488       -0.0003076567
      189.0000000000       -0.0009727902       -0.0008779966       -0.0008194657       -0.0007650940       -0.0006261548       -0.0005677423       -0.0004169703       -0.0003684327
      190.0000000000       -0.0009511812       -0.0009026620       -0.0008039747       -0.0007201561       -0.0006042352       -0.0006018034       -0.0004556009       -0.0003759957
      191.0000000000       -0.0009929812       -0.0009475043       -0.0008207017       -0.0007476241       -0.0006694623       -0.0005596782       -0.0005023504       -0.0003719797
      192.0000000000       -0.0009122983       -0.0009460854       -0.0009003916       -0.0007557026       -0.0006311520       -0.0005496780       -0.0004947531       -0.0004204322
      193.0000000000       -0.0009261687       -0.0009427507       -0.0008888582       -0.0007077964       -0.0006659248       -0.0005478857       -0.0004477462       -0.0004084139
      194.0000000000       -0.0009966773       -0.0009549330       -0.0008612519       -0.0007178843       -0.0006977412       -0.0005852266       -0.0004999783       -0.0003659968
      195.0000000000       -0.0009879084       -0.0009307793       -0.0008950702       -0.0008025491       -0.0007244645       -0.0005664657       -0.0004913103       -0.0004157559
      196.0000000000       -0.0009774952       -0.0008924073       -0.0008353991       -0.0007895815       -0.0007109807       -0.0005620464       -0.0005038356       -0.0004260158
      197.0000000000       -0.0009697831       -0.0009237043       -0.0008606883       -0.0007701294       -0.0006430542       -0.0006120194       -0.0004745039       -0.0004691989
      198.0000000000       -0.0009454315       -0.0009158696       -0.0008849236       -0.0008051935       -0.0006675579       -0.0005556657       -0.0004826458       -0.0004331228
      199.0000000000       -0.0009576192       -0.0009234578       -0.0008548755       -0.0007804729       -0.0006616101       -0.0005920246       -0.0004753515       -0.0004651934
      200.0000000000       -0.0009930265       -0.0008903007       -0.0007990322       -0.0007912557       -0.0006903301       -0.0006143281       -0.0004761623       -0.0004291254
      201.0000000000       -0.0009397764       -0.0009506130       -0.0008888090       -0.0007902196       -0.0007115631       -0.0005472001       -0.0005292091       -0.0004274324
      202.0000000000       -0.0009479562       -0.0009606234       -0.0008601089       -0.0008049518       -0.0007162937       -0.0006088571       -0.0005148680       -0.0004266953
      203.0000000000       -0.0009472527       -0.0009434301       -0.0008739671       -0.0007574598       -0.0007041468       -0.0006229171       -0.0005060474       -0.0004543299
      204.0000000000       -0.0009851812       -0.0009661629       -0.0008816601       -0.0008033779       -0.0007203311       -0.0006223278       -0.0005111866       -0.0004423437
      205.0000000000       -0.0009436668       -0.0009199828       -0.0009038615       -0.0007958484       -0.0006902785       -0.0006177057       -0.0005218809       -0.0004336293
      206.0000000000       -0.0009045295       -0.0009504379       -0.0008952697       -0.0007157146       -0.0006965527       -0.0006140946       -0.0005034216       -0.0004415270
      207.0000000000       -0.0009720980       -0.0009283578       -0.0008990668       -0.0007853725       -0.0006889597       -0.0006040693       -0.0005077013       -0.0004367395
      208.0000000000       -0.0009740617       -0.0008941326       -0.0008673280       -0.0008002949       -0.0006829260       -0.0005994618       -0.0005505270       -0.0004461063
      209.0000000000       -0.0009730642       -0.0009607587       -0.0008563261       -0.0007773683       -0.0007092882       -0.0005942045       -0.0005260302       -0.0004521034
      210.0000000000       -0.0009466665       -0.0009112738       -0.0009002760       -0.0008201807       -0.0006951391       -0.0006272836       -0.0005535894       -0.0004146721
      211.0000000000       -0.0009167000       -0.0008903169       -0.0008663151       -0.0008094567       -0.0006650519       -0.0006401621       -0.0005748211       -0.0004655143
      212.0000000000       -0.0009638020       -0.0009612763       -0.0008664412       -0.0008016944       -0.0006748125       -0.0006884225       -0.0005627875       -0.0004609764
      213.0000000000       -0.0009371525       -0.0009502426       -0.0008391186       -0.0008473220       -0.0007385579       -0.0006321455       -0.0006002123       -0.0004478939
      214.0000000000       -0.0009703444       -0.0009433074       -0.0008839193       -0.0008107333       -0.0007345003       -0.0006380786       -0.0005317974       -0.0004754964
      215.0000000000       -0.0010318646       -0.0009567262       -0.0008933797       -0.0007764498       -0.0006772972       -0.0006419148       -0.0005206444       -0.0004629205
      216.0000000000       -0.0009645587       -0.0009063574       -0.0009084962       -0.0007942277       -0.0007316826       -0.0006480846       -0.0005260809       -0.0004539538
      217.0000000000       -0.0009867128       -0.0009066868       -0.0008831650       -0.0007958644       -0.0006817105       -0.0005804085       -0.0005633455       -0.0004447341
      218.0000000000       -0.0009835791       -0.0009331564       -0.0009048605       -0.0008030571       -0.0006638522       -0.0006618472       -0.0005657884       -0.0004553424
      219.0000000000       -0.0009486242       -0.0009310909       -0.0008702856       -0.0007852232       -0.0007655909       -0.0006195635       -0.0005644351       -0.0005070709
      220.0000000000       -0.0009397302       -0.0009390957       -0.0008973024       -0.0007915323       -0.0007186450       -0.0006726399       -0.0005524471       -0.0004865858
      221.0000000000       -0.0009974863       -0.0009554146       -0.0009218165       -0.0007839875       -0.0007449233       -0.0006454293       -0.0005297236       -0.0004892040
      222.0000000000       -0.0009955349       -0.0009450424       -0.0008471430       -0.0008273964       -0.0007612315       -0.0006662156       -0.0006077118       -0.0004872593
      223.0000000000       -0.0010052204       -0.0009529866       -0.0009020578       -0.0008062680       -0.0007456225       -0.0006458022       -0.0005790328       -0.0004896715
      224.0000000000       -0.0009550117       -0.0008968895       -0.0008478951       -0.0008551493       -0.0007782180       -0.0006740383       -0.0005467664       -0.0005081265
      225.0000000000       -0.0009702382       -0.0009651345       -0.0008187248       -0.0008414001       -0.0007083874       -0.0006581710       -0.0005580155       -0.0005026132
      226.0000000000       -0.0009944893       -0.0009465588       -0.0008486839       -0.0007993259       -0.0007123712       -0.0006596829       -0.0005642341       -0.0004731445
      227.0000000000       -0.0009902411       -0.0009415438       -0.0008657246       -0.0008553434       -0.0007008713       -0.0006113363       -0.0005877170       -0.0004629487
      228.0000000000       -0.0009619373       -0.0009346324       -0.0008791973       -0.0008140391       -0.0007248562       -0.0006290503       -0.0005832114       -0.0004787213
      229.0000000000       -0.0009785316       -0.0009023634       -0.0008746053       -0.0007817435       -0.0007235629       -0.0006337395       -0.0006183341       -0.0004964626
      230.0000000000       -0.0009422361       -0.0008959296       -0.0009038547       -0.0008073627       -0.0007468387       -0.0006599954       -0.0005630969       -0.0004794963
      231.0000000000       -0.0009781930       -0.0009160989       -0.0008686232       -0.0008431735       -0.0007372785       -0.0006653444       -0.0005741198       -0.0005207673
      232.0000000000       -0.0009861442       -0.0009317746       -0.0008919347       -0.0008226774       -0.0007655110       -0.0006380159       -0.0005549918       -0.0005159888
      233.0000000000       -0.0009590031       -0.0009136268       -0.0009118235       -0.0008062273       -0.0007672211       -0.0006738560       -0.0005390028       -0.0005252658
      234.0000000000       -0.0008963050       -0.0009512200       -0.0008590060       -0.0008014261       -0.0007342947       -0.0006621894       -0.0005636604       -0.0004766591
      235.0000000000       -0.0009503686       -0.0009580213       -0.0009005560       -0.0008777020       -0.0007305927       -0.0006835551       -0.0005981230       -0.0004986314
      236.0000000000       -0.0009268878       -0.0009427160       -0.0009143658       -0.0008050778       -0.0007900233       -0.0007014243       -0.0006042316       -0.0005258831
      237.0000000000       -0.0009832941       -0.0008861936       -0.0009327437       -0.0008192094       -0.0007264028       -0.0006805104       -0.0005659416       -0.0005662514
      238.0000000000       -0.0009715408       -0.0009438687       -0.0008821914       -0.0008085946       -0.0007449652       -0.0006798640       -0.0005769505       -0.0004854669
      239.0000000000       -0.0009865332       -0.0009263115       -0.0009069505       -0.0008089342       -0.0007133905       -0.0006703330       -0.0005700985       -0.0005363778
      240.0000000000       -0.0009674403       -0.0009462534       -0.0008940943       -0.0008030466       -0.0007421179       -0.0006544149       -0.0006372537       -0.0005809180
      241.0000000000       -0.0009510955       -0.0009106705       -0.0008717881       -0.0007963382       -0.0007737286       -0.0006627936       -0.0005917305       -0.0005003754
      242.0000000000       -0.0009398334       -0.0009418980       -0.0009290086       -0.0008151237       -0.0007697151       -0.0006538455       -0.0005960219       -0.0005504362
      243.0000000000       -0.0009262149       -0.0009819991       -0.0008959667       -0.0008259428       -0.0007592420       -0.0006879673       -0.0006398000       -0.0005252913
      244.0000000000       -0.0009643676       -0.0008865014       -0.0009083432       -0.0008148481       -0.0007573321       -0.0006379654       -0.0005914534       -0.0005076080
      245.0000000000       -0.0009419570       -0.0009407209       -0.0008965302       -0.0008218748       -0.0007689393       -0.0006812540       -0.0005724124       -0.0005465944
      246.0000000000       -0.0009668735       -0.0009236246       -0.0009226169       -0.0008597703       -0.0007702356       -0.0007054693       -0.0006256641       -0.0005108881
      247.0000000000       -0.0009601349       -0.0009253474       -0.0008845723       -0.0008244076       -0.0007813975       -0.0006939543       -0.0005990213       -0.0005119492
      248.0000000000       -0.0009837610       -0.0009654568       -0.0009059222       -0.0008416248       -0.0007796409       -0.0007134809       -0.0005709689       -0.0005326547
      249.0000000000       -0.0009574942       -0.0009322685       -0.0009019069       -0.0008327541       -0.0007422134       -0.0006956901       -0.0006056513       -0.0005443594
      250.0000000000       -0.0009880905       -0.0009469245       -0.0008971576       -0.0008396841       -0.0007830508       -0.0007018474       -0.0005988381       -0.0005186342
      251.0000000000       -0.0009348503       -0.0009242320       -0.0008611476       -0.0008291323       -0.0007697952       -0.0007064639       -0.0005699513       -0.0005154502
      252.0000000000       -0.0009827288       -0.0009280534       -0.0008557402       -0.0008093199       -0.0007445288       -0.0006240283       -0.0005906611       -0.0005634268
      253.0000000000       -0.0009270449       -0.0009472758       -0.0008668902       -0.0008015378       -0.0007867469       -0.0007053234       -0.0005912647       -0.0005374246
      254.0000000000       -0.0009869508       -0.0009677141       -0.0008535295       -0.0008387614       -0.0007841375       -0.0006905223       -0.0006163928       -0.0004777563
      255.0000000000       -0.0010093791       -0.0009798729       -0.0009217854       -0.0008420730       -0.0007711036       -0.0006325931       -0.0005654005       -0.0005630398
