        0.0000000000        0.0321525160
        1.0000000000        0.0137763753
        2.0000000000        0.0096226707
        3.0000000000        0.0075568676
        4.0000000000        0.0062385106
        5.0000000000        0.0052380526
        6.0000000000        0.0045364829
        7.0000000000        0.0039215491
        8.0000000000        0.0034139514
        9.0000000000        0.0030237282
       10.0000000000        0.0028140825
       11.0000000000        0.0025119041
       12.0000000000        0.0022801184
       13.0000000000        0.0021214526
       14.0000000000        0.0019392701
       15.0000000000        0.0018167887
       16.0000000000        0.0017312492
       17.0000000000        0.0016289948
       18.0000000000        0.0015167765
       19.0000000000        0.0013839215
       20.0000000000        0.0013142576
       21.0000000000        0.0012265947
       22.0000000000        0.0011522814
       23.0000000000        0.0011136264
       24.0000000000        0.0010395629
       25.0000000000        0.0009891775
       26.0000000000        0.0009502835
       27.0000000000        0.0009294602
       28.0000000000        0.0008948226
       29.0000000000        0.0008809566
       30.0000000000        0.0008642442
       31.0000000000        0.0007872327
       32.0000000000        0.0007943010
       33.0000000000        0.0007409073
       34.0000000000        0.0007563796
       35.0000000000        0.0007035719
       36.0000000000        0.0007074005
       37.0000000000        0.0006749322
       38.0000000000        0.0006314139
       39.0000000000        0.0006052465
       40.0000000000        0.0005968362
       41.0000000000        0.0006203444
       42.0000000000        0.0006234635
       43.0000000000        0.0005448941
       44.0000000000        0.0004846309
       45.0000000000        0.0005307687
       46.0000000000        0.0005257123
       47.0000000000        0.0005446331
       48.0000000000        0.0005114322
       49.0000000000        0.0004778915
       50.0000000000        0.0004532429
       51.0000000000        0.0004190525
       52.0000000000        0.0004008799
       53.0000000000        0.0003632180
       54.0000000000        0.0003501042
       55.0000000000        0.0003140795
       56.0000000000        0.0003257400
       57.0000000000        0.0003938543
       58.0000000000        0.0003576895
       59.0000000000        0.0003687859
       60.0000000000        0.0003501058
       61.0000000000        0.0003610640
       62.0000000000        0.0003185601
       63.0000000000        0.0003241183
       64.0000000000        0.0003100075
       65.0000000000        0.0003331979
       66.0000000000        0.0003100564
       67.0000000000        0.0002897509
       68.0000000000        0.0003228692
       69.0000000000        0.0002840337
       70.0000000000        0.0002836451
       71.0000000000        0.0002769600
       72.0000000000        0.0003177396
       73.0000000000        0.0003062833
       74.0000000000        0.0003028428
       75.0000000000        0.0002921180
       76.0000000000        0.0002424402
       77.0000000000        0.0002185273
       78.0000000000        0.0001876303
       79.0000000000        0.0001928276
       80.0000000000        0.0001947868
       81.0000000000        0.0002211994
       82.0000000000        0.0002341855
       83.0000000000        0.0002485959
       84.0000000000        0.0002247965
       85.0000000000        0.0002237333
       86.0000000000        0.0002091031
       87.0000000000        0.0001817899
       88.0000000000        0.0002014004
       89.0000000000        0.0001956895
       90.0000000000        0.0001965834
       91.0000000000        0.0001712182
       92.0000000000        0.0001770459
       93.0000000000        0.0001870317
       94.0000000000        0.0002148489
       95.0000000000        0.0001809946
       96.0000000000        0.0001991210
       97.0000000000        0.0001715900
       98.0000000000        0.0001114985
       99.0000000000        0.0001454703
      100.0000000000        0.0001519509
      101.0000000000        0.0001352492
      102.0000000000        0.0001251878
      103.0000000000        0.0000987681
      104.0000000000        0.0001080130
      105.0000000000        0.0001189833
      106.0000000000        0.0001451535
      107.0000000000        0.0001183652
      108.0000000000        0.0001085198
      109.0000000000        0.0001326378
      110.0000000000        0.0000527960
      111.0000000000        0.0000499328
      112.0000000000        0.0000253668
      113.0000000000        0.0000280162
      114.0000000000       -0.0000035282
      115.0000000000        0.0000376103
      116.0000000000        0.0000127020
      117.0000000000        0.0000118502
      118.0000000000        0.0000385026
      119.0000000000        0.0000317504
      120.0000000000        0.0000707673
      121.0000000000        0.0000923338
      122.0000000000        0.0001005506
      123.0000000000        0.0001301732
      124.0000000000        0.0001191558
      125.0000000000        0.0001259088
      126.0000000000        0.0001110767
      127.0000000000        0.0001130252
      128.0000000000        0.0001182049
      129.0000000000        0.0001543090
      130.0000000000        0.0001006361
      131.0000000000        0.0000982620
      132.0000000000        0.0001306617
      133.0000000000        0.0001069320
      134.0000000000        0.0000778391
      135.0000000000        0.0000315251
      136.0000000000        0.0000692126
      137.0000000000        0.0000548749
      138.0000000000        0.0001022145
      139.0000000000        0.0001018365
      140.0000000000        0.0001125893
      141.0000000000        0.0001407602
      142.0000000000        0.0000919648
      143.0000000000        0.0000582078
      144.0000000000        0.0000384425
      145.0000000000        0.0000612840
      146.0000000000        0.0000637170
      147.0000000000        0.0000380328
      148.0000000000        0.0000979065
      149.0000000000        0.0000981958
      150.0000000000        0.0000887699
      151.0000000000        0.0000590994
      152.0000000000        0.0000157347
      153.0000000000       -0.0000073348
      154.0000000000        0.0000441111
      155.0000000000        0.0000276415
      156.0000000000        0.0000033895
      157.0000000000        0.0000540912
      158.0000000000        0.0000221455
      159.0000000000        0.0000338309
      160.0000000000        0.0000190772
      161.0000000000        0.0000499127
      162.0000000000        0.0000320410
      163.0000000000        0.0000527775
      164.0000000000        0.0000526009
      165.0000000000        0.0000368739
      166.0000000000        0.0000580632
      167.0000000000        0.0000178224
      168.0000000000        0.0000159976
      169.0000000000        0.0000385506
      170.0000000000        0.0000637895
      171.0000000000        0.0000384818
      172.0000000000        0.0000333870
      173.0000000000        0.0000848871
      174.0000000000        0.0000596651
      175.0000000000        0.0000169191
      176.0000000000        0.0000267313
      177.0000000000        0.0000025980
      178.0000000000       -0.0000422602
      179.0000000000       -0.0000121060
      180.0000000000        0.0000037787
      181.0000000000       -0.0000073179
      182.0000000000       -0.0000052536
      183.0000000000       -0.0000139862
      184.0000000000       -0.0000023867
      185.0000000000       -0.0000150764
      186.0000000000        0.0000036125
      187.0000000000        0.0000252103
      188.0000000000        0.0000485049
      189.0000000000        0.0000452544
      190.0000000000        0.0000225470
      191.0000000000       -0.0000129103
      192.0000000000        0.0000401002
      193.0000000000        0.0000244507
      194.0000000000        0.0000288999
      195.0000000000        0.0000602801
      196.0000000000        0.0000081475
      197.0000000000        0.0000446421
      198.0000000000        0.0000458035
      199.0000000000        0.0000826927
      200.0000000000        0.0000708782
      201.0000000000        0.0000430829
      202.0000000000        0.0000090947
      203.0000000000        0.0000558241
      204.0000000000        0.0000341090
      205.0000000000        0.0000332564
      206.0000000000        0.0000453128
      207.0000000000        0.0000547990
      208.0000000000        0.0000335896
      209.0000000000        0.0000945443
      210.0000000000        0.0000545444
      211.0000000000        0.0001004291
      212.0000000000        0.0000859962
      213.0000000000        0.0000542805
      214.0000000000        0.0000396447
      215.0000000000        0.0000601502
      216.0000000000        0.0000422219
      217.0000000000        0.0000283763
      218.0000000000        0.0000598721
      219.0000000000        0.0000454641
      220.0000000000        0.0000068961
      221.0000000000        0.0000167745
      222.0000000000        0.0000317752
      223.0000000000        0.0000533942
      224.0000000000        0.0000440225
      225.0000000000        0.0000453414
      226.0000000000        0.0000699085
      227.0000000000        0.0000111998
      228.0000000000        0.0000152978
      229.0000000000        0.0000214762
      230.0000000000        0.0000570775
      231.0000000000        0.0000802265
      232.0000000000        0.0000600845
      233.0000000000        0.0000147634
      234.0000000000        0.0000432454
      235.0000000000       -0.0000051563
      236.0000000000        0.0000005074
      237.0000000000        0.0000012466
      238.0000000000       -0.0000068176
      239.0000000000       -0.0000350424
      240.0000000000       -0.0000307751
      241.0000000000       -0.0000304236
      242.0000000000       -0.0000452497
      243.0000000000       -0.0000585942
      244.0000000000       -0.0000742755
      245.0000000000       -0.0000471928
      246.0000000000       -0.0000345395
      247.0000000000       -0.0000210922
      248.0000000000       -0.0000345496
      249.0000000000       -0.0000252042
      250.0000000000        0.0000058387
      251.0000000000       -0.0000160364
      252.0000000000        0.0000078634
      253.0000000000        0.0000067873
      254.0000000000       -0.0000404890
      255.0000000000       -0.0000419570
      256.0000000000       -0.0000307475
