     -255.0000000000       -0.0005271986       -0.0005084489       -0.0005167017       -0.0005152616       -0.0005076378       -0.0004957229       -0.0004801826       -0.0004615183
     -254.0000000000       -0.0005358096       -0.0005086033       -0.0005167556       -0.0005152743       -0.0005076332       -0.0004957073       -0.0004801580       -0.0004614859
     -253.0000000000       -0.0005370213       -0.0005088808       -0.0005168525       -0.0005152972       -0.0005076251       -0.0004956793       -0.0004801137       -0.0004614275
     -252.0000000000       -0.0005370871       -0.0005092801       -0.0005169919       -0.0005153301       -0.0005076133       -0.0004956389       -0.0004800496       -0.0004613431
     -251.0000000000       -0.0005369740       -0.0005097995       -0.0005171730       -0.0005153728       -0.0005075977       -0.0004955859       -0.0004799657       -0.0004612327
     -250.0000000000       -0.0005312146       -0.0005104369       -0.0005173950       -0.0005154251       -0.0005075782       -0.0004955203       -0.0004798620       -0.0004610962
     -249.0000000000       -0.0005394237       -0.0005111893       -0.0005176566       -0.0005154866       -0.0005075548       -0.0004954421       -0.0004797385       -0.0004609336
     -248.0000000000       -0.0005400293       -0.0005120535       -0.0005179566       -0.0005155568       -0.0005075271       -0.0004953511       -0.0004795949       -0.0004607448
     -247.0000000000       -0.0005410102       -0.0005130255       -0.0005182933       -0.0005156354       -0.0005074951       -0.0004952472       -0.0004794312       -0.0004605297
     -246.0000000000       -0.0005383645       -0.0005141007       -0.0005186651       -0.0005157218       -0.0005074586       -0.0004951302       -0.0004792474       -0.0004602882
     -245.0000000000       -0.0005345891       -0.0005152740       -0.0005190699       -0.0005158155       -0.0005074172       -0.0004950000       -0.0004790432       -0.0004600202
     -244.0000000000       -0.0005375799       -0.0005165395       -0.0005195056       -0.0005159158       -0.0005073707       -0.0004948565       -0.0004788185       -0.0004597256
     -243.0000000000       -0.0005459456       -0.0005178909       -0.0005199701       -0.0005160221       -0.0005073189       -0.0004946994       -0.0004785732       -0.0004594042
     -242.0000000000       -0.0005464259       -0.0005193211       -0.0005204609       -0.0005161335       -0.0005072614       -0.0004945286       -0.0004783071       -0.0004590560
     -241.0000000000       -0.0005433660       -0.0005208224       -0.0005209754       -0.0005162494       -0.0005071979       -0.0004943438       -0.0004780200       -0.0004586806
     -240.0000000000       -0.0005374078       -0.0005223868       -0.0005215110       -0.0005163690       -0.0005071281       -0.0004941447       -0.0004777117       -0.0004582780
     -239.0000000000       -0.0005388159       -0.0005240056       -0.0005220649       -0.0005164913       -0.0005070515       -0.0004939312       -0.0004773820       -0.0004578480
     -238.0000000000       -0.0005391672       -0.0005256695       -0.0005226343       -0.0005166155       -0.0005069678       -0.0004937030       -0.0004770307       -0.0004573904
     -237.0000000000       -0.0005415374       -0.0005273692       -0.0005232163       -0.0005167407       -0.0005068765       -0.0004934597       -0.0004766575       -0.0004569049
     -236.0000000000       -0.0005419779       -0.0005290946       -0.0005238078       -0.0005168659       -0.0005067773       -0.0004932012       -0.0004762622       -0.0004563914
     -235.0000000000       -0.0005378269       -0.0005308358       -0.0005244058       -0.0005169902       -0.0005066696       -0.0004929270       -0.0004758445       -0.0004558496
     -234.0000000000       -0.0005359914       -0.0005325824       -0.0005250073       -0.0005171125       -0.0005065531       -0.0004926368       -0.0004754041       -0.0004552792
     -233.0000000000       -0.0005360462       -0.0005343242       -0.0005256091       -0.0005172320       -0.0005064273       -0.0004923304       -0.0004749408       -0.0004546801
     -232.0000000000       -0.0005329826       -0.0005360507       -0.0005262083       -0.0005173475       -0.0005062916       -0.0004920073       -0.0004744542       -0.0004540520
     -231.0000000000       -0.0005461456       -0.0005377519       -0.0005268017       -0.0005174580       -0.0005061455       -0.0004916671       -0.0004739440       -0.0004533945
     -230.0000000000       -0.0005496600       -0.0005394177       -0.0005273864       -0.0005175625       -0.0005059886       -0.0004913096       -0.0004734099       -0.0004527074
     -229.0000000000       -0.0005473179       -0.0005410383       -0.0005279595       -0.0005176600       -0.0005058203       -0.0004909343       -0.0004728516       -0.0004519904
     -228.0000000000       -0.0005422102       -0.0005426044       -0.0005285179       -0.0005177495       -0.0005056401       -0.0004905408       -0.0004722686       -0.0004512432
     -227.0000000000       -0.0005425204       -0.0005441070       -0.0005290590       -0.0005178299       -0.0005054474       -0.0004901287       -0.0004716606       -0.0004504654
     -226.0000000000       -0.0005437772       -0.0005455375       -0.0005295799       -0.0005179002       -0.0005052417       -0.0004896976       -0.0004710273       -0.0004496568
     -225.0000000000       -0.0005282563       -0.0005468881       -0.0005300782       -0.0005179594       -0.0005050224       -0.0004892469       -0.0004703682       -0.0004488169
     -224.0000000000       -0.0005384722       -0.0005481514       -0.0005305513       -0.0005180065       -0.0005047889       -0.0004887763       -0.0004696829       -0.0004479454
     -223.0000000000       -0.0005424164       -0.0005493205       -0.0005309969       -0.0005180407       -0.0005045407       -0.0004882853       -0.0004689710       -0.0004470420
     -222.0000000000       -0.0005459422       -0.0005503895       -0.0005314127       -0.0005180609       -0.0005042773       -0.0004877734       -0.0004682321       -0.0004461063
     -221.0000000000       -0.0005405040       -0.0005513528       -0.0005317968       -0.0005180662       -0.0005039979       -0.0004872401       -0.0004674657       -0.0004451378
     -220.0000000000       -0.0005375815       -0.0005522058       -0.0005321473       -0.0005180558       -0.0005037021       -0.0004866849       -0.0004666713       -0.0004441363
     -219.0000000000       -0.0005427105       -0.0005529444       -0.0005324623       -0.0005180287       -0.0005033892       -0.0004861073       -0.0004658486       -0.0004431012
     -218.0000000000       -0.0005445645       -0.0005535653       -0.0005327405       -0.0005179842       -0.0005030586       -0.0004855068       -0.0004649970       -0.0004420323
     -217.0000000000       -0.0005363621       -0.0005540659       -0.0005329803       -0.0005179215       -0.0005027099       -0.0004848829       -0.0004641160       -0.0004409289
     -216.0000000000       -0.0005389601       -0.0005544444       -0.0005331808       -0.0005178399       -0.0005023423       -0.0004842349       -0.0004632051       -0.0004397908
     -215.0000000000       -0.0005426708       -0.0005546996       -0.0005333408       -0.0005177385       -0.0005019552       -0.0004835624       -0.0004622638       -0.0004386174
     -214.0000000000       -0.0005387497       -0.0005548311       -0.0005334597       -0.0005176167       -0.0005015482       -0.0004828648       -0.0004612916       -0.0004374083
     -213.0000000000       -0.0005382433       -0.0005548392       -0.0005335368       -0.0005174740       -0.0005011205       -0.0004821414       -0.0004602879       -0.0004361630
     -212.0000000000       -0.0005293262       -0.0005547250       -0.0005335717       -0.0005173096       -0.0005006716       -0.0004813918       -0.0004592523       -0.0004348811
     -211.0000000000       -0.0005321782       -0.0005544902       -0.0005335643       -0.0005171230       -0.0005002009       -0.0004806153       -0.0004581840       -0.0004335621
     -210.0000000000       -0.0005364581       -0.0005541374       -0.0005335144       -0.0005169137       -0.0004997079       -0.0004798114       -0.0004570826       -0.0004322054
     -209.0000000000       -0.0005403523       -0.0005536695       -0.0005334224       -0.0005166813       -0.0004991918       -0.0004789793       -0.0004559475       -0.0004308106
     -208.0000000000       -0.0005344662       -0.0005530906       -0.0005332884       -0.0005164251       -0.0004986521       -0.0004781185       -0.0004547780       -0.0004293772
     -207.0000000000       -0.0005370427       -0.0005524052       -0.0005331132       -0.0005161450       -0.0004980883       -0.0004772284       -0.0004535736       -0.0004279046
     -206.0000000000       -0.0005460121       -0.0005516184       -0.0005328973       -0.0005158404       -0.0004974997       -0.0004763083       -0.0004523337       -0.0004263923
     -205.0000000000       -0.0005420400       -0.0005507361       -0.0005326416       -0.0005155111       -0.0004968857       -0.0004753575       -0.0004510576       -0.0004248398
     -204.0000000000       -0.0005346519       -0.0005497647       -0.0005323470       -0.0005151567       -0.0004962458       -0.0004743753       -0.0004497446       -0.0004232465
     -203.0000000000       -0.0005376782       -0.0005487112       -0.0005320149       -0.0005147770       -0.0004955793       -0.0004733612       -0.0004483942       -0.0004216119
     -202.0000000000       -0.0005342879       -0.0005475832       -0.0005316463       -0.0005143717       -0.0004948857       -0.0004723144       -0.0004470057       -0.0004199354
     -201.0000000000       -0.0005325751       -0.0005463887       -0.0005312427       -0.0005139406       -0.0004941643       -0.0004712341       -0.0004455783       -0.0004182164
     -200.0000000000       -0.0005387119       -0.0005451361       -0.0005308056       -0.0005134836       -0.0004934146       -0.0004701198       -0.0004441115       -0.0004164544
     -199.0000000000       -0.0005351722       -0.0005438342       -0.0005303366       -0.0005130005       -0.0004926360       -0.0004689707       -0.0004426045       -0.0004146488
     -198.0000000000       -0.0005331917       -0.0005424920       -0.0005298373       -0.0005124911       -0.0004918278       -0.0004677860       -0.0004410566       -0.0004127990
     -197.0000000000       -0.0005357140       -0.0005411190       -0.0005293095       -0.0005119553       -0.0004909894       -0.0004665650       -0.0004394671       -0.0004109044
     -196.0000000000       -0.0005235926       -0.0005397243       -0.0005287550       -0.0005113931       -0.0004901203       -0.0004653069       -0.0004378353       -0.0004089643
     -195.0000000000       -0.0005290587       -0.0005383177       -0.0005281755       -0.0005108043       -0.0004892198       -0.0004640111       -0.0004361604       -0.0004069782
     -194.0000000000       -0.0005418725       -0.0005369083       -0.0005275729       -0.0005101888       -0.0004882872       -0.0004626766       -0.0004344417       -0.0004049455
     -193.0000000000       -0.0005345535       -0.0005355056       -0.0005269491       -0.0005095466       -0.0004873221       -0.0004613027       -0.0004326785       -0.0004028655
     -192.0000000000       -0.0005324571       -0.0005341184       -0.0005263059       -0.0005088777       -0.0004863235       -0.0004598887       -0.0004308699       -0.0004007377
     -191.0000000000       -0.0005403854       -0.0005327556       -0.0005256452       -0.0005081819       -0.0004852911       -0.0004584336       -0.0004290152       -0.0003985613
     -190.0000000000       -0.0005443127       -0.0005314254       -0.0005249687       -0.0005074591       -0.0004842240       -0.0004569367       -0.0004271137       -0.0003963357
     -189.0000000000       -0.0005443183       -0.0005301356       -0.0005242783       -0.0005067094       -0.0004831216       -0.0004553971       -0.0004251645       -0.0003940604
     -188.0000000000       -0.0005476605       -0.0005288934       -0.0005235756       -0.0005059325       -0.0004819833       -0.0004538139       -0.0004231668       -0.0003917346
     -187.0000000000       -0.0005417898       -0.0005277055       -0.0005228623       -0.0005051285       -0.0004808082       -0.0004521864       -0.0004211197       -0.0003893577
     -186.0000000000       -0.0005403458       -0.0005265776       -0.0005221399       -0.0005042971       -0.0004795957       -0.0004505135       -0.0004190226       -0.0003869290
     -185.0000000000       -0.0005384748       -0.0005255151       -0.0005214099       -0.0005034383       -0.0004783451       -0.0004487944       -0.0004168745       -0.0003844479
     -184.0000000000       -0.0005362448       -0.0005245223       -0.0005206737       -0.0005025519       -0.0004770555       -0.0004470282       -0.0004146746       -0.0003819137
     -183.0000000000       -0.0005345697       -0.0005236028       -0.0005199325       -0.0005016378       -0.0004757263       -0.0004452139       -0.0004124220       -0.0003793258
     -182.0000000000       -0.0005408950       -0.0005227595       -0.0005191874       -0.0005006956       -0.0004743566       -0.0004433506       -0.0004101159       -0.0003766835
     -181.0000000000       -0.0005385213       -0.0005219943       -0.0005184395       -0.0004997252       -0.0004729456       -0.0004414373       -0.0004077554       -0.0003739861
     -180.0000000000       -0.0005387819       -0.0005213085       -0.0005176895       -0.0004987263       -0.0004714926       -0.0004394730       -0.0004053397       -0.0003712329
     -179.0000000000       -0.0005489355       -0.0005207028       -0.0005169384       -0.0004976986       -0.0004699965       -0.0004374568       -0.0004028678       -0.0003684233
     -178.0000000000       -0.0005479166       -0.0005201769       -0.0005161866       -0.0004966417       -0.0004684565       -0.0004353876       -0.0004003388       -0.0003655566
     -177.0000000000       -0.0005453724       -0.0005197300       -0.0005154345       -0.0004955552       -0.0004668718       -0.0004332645       -0.0003977519       -0.0003626322
     -176.0000000000       -0.0005383546       -0.0005193608       -0.0005146825       -0.0004944387       -0.0004652414       -0.0004310862       -0.0003951061       -0.0003596492
     -175.0000000000       -0.0005409247       -0.0005190673       -0.0005139307       -0.0004932918       -0.0004635643       -0.0004288518       -0.0003924006       -0.0003566072
     -174.0000000000       -0.0005430851       -0.0005188473       -0.0005131790       -0.0004921138       -0.0004618395       -0.0004265602       -0.0003896343       -0.0003535053
     -173.0000000000       -0.0005286545       -0.0005186980       -0.0005124273       -0.0004909043       -0.0004600660       -0.0004242103       -0.0003868064       -0.0003503430
     -172.0000000000       -0.0005339365       -0.0005186164       -0.0005116752       -0.0004896625       -0.0004582427       -0.0004218010       -0.0003839159       -0.0003471195
     -171.0000000000       -0.0005459515       -0.0005185991       -0.0005109222       -0.0004883878       -0.0004563686       -0.0004193310       -0.0003809618       -0.0003438342
     -170.0000000000       -0.0005424330       -0.0005186427       -0.0005101677       -0.0004870795       -0.0004544425       -0.0004167993       -0.0003779433       -0.0003404865
     -169.0000000000       -0.0005365331       -0.0005187433       -0.0005094109       -0.0004857367       -0.0004524632       -0.0004142047       -0.0003748594       -0.0003370756
     -168.0000000000       -0.0005367873       -0.0005188973       -0.0005086508       -0.0004843586       -0.0004504296       -0.0004115460       -0.0003717090       -0.0003336009
     -167.0000000000       -0.0005389681       -0.0005191007       -0.0005078864       -0.0004829443       -0.0004483405       -0.0004088220       -0.0003684913       -0.0003300617
     -166.0000000000       -0.0005357997       -0.0005193495       -0.0005071164       -0.0004814927       -0.0004461945       -0.0004060313       -0.0003652052       -0.0003264575
     -165.0000000000       -0.0005296339       -0.0005196395       -0.0005063396       -0.0004800029       -0.0004439903       -0.0004031729       -0.0003618499       -0.0003227875
     -164.0000000000       -0.0005376868       -0.0005199667       -0.0005055544       -0.0004784738       -0.0004417267       -0.0004002454       -0.0003584242       -0.0003190511
     -163.0000000000       -0.0005387440       -0.0005203267       -0.0005047593       -0.0004769041       -0.0004394021       -0.0003972475       -0.0003549273       -0.0003152477
     -162.0000000000       -0.0005269959       -0.0005207151       -0.0005039526       -0.0004752927       -0.0004370153       -0.0003941779       -0.0003513582       -0.0003113766
     -161.0000000000       -0.0005375301       -0.0005211274       -0.0005031325       -0.0004736383       -0.0004345647       -0.0003910352       -0.0003477158       -0.0003074373
     -160.0000000000       -0.0005406883       -0.0005215589       -0.0005022972       -0.0004719394       -0.0004320487       -0.0003878182       -0.0003439992       -0.0003034292
     -159.0000000000       -0.0005316969       -0.0005220047       -0.0005014448       -0.0004701948       -0.0004294659       -0.0003845255       -0.0003402074       -0.0002993516
     -158.0000000000       -0.0005326940       -0.0005224595       -0.0005005731       -0.0004684028       -0.0004268147       -0.0003811557       -0.0003363395       -0.0002952039
     -157.0000000000       -0.0005412877       -0.0005229180       -0.0004996802       -0.0004665619       -0.0004240934       -0.0003777074       -0.0003323944       -0.0002909856
     -156.0000000000       -0.0005508626       -0.0005233745       -0.0004987640       -0.0004646705       -0.0004213003       -0.0003741792       -0.0003283711       -0.0002866962
     -155.0000000000       -0.0005437471       -0.0005238229       -0.0004978222       -0.0004627270       -0.0004184337       -0.0003705697       -0.0003242688       -0.0002823350
     -154.0000000000       -0.0005391595       -0.0005242570       -0.0004968527       -0.0004607294       -0.0004154918       -0.0003668774       -0.0003200864       -0.0002779015
     -153.0000000000       -0.0005437717       -0.0005246701       -0.0004958533       -0.0004586761       -0.0004124728       -0.0003631008       -0.0003158229       -0.0002733953
     -152.0000000000       -0.0005469737       -0.0005250555       -0.0004948217       -0.0004565651       -0.0004093748       -0.0003592386       -0.0003114775       -0.0002688157
     -151.0000000000       -0.0005322567       -0.0005254059       -0.0004937556       -0.0004543944       -0.0004061959       -0.0003552891       -0.0003070491       -0.0002641624
     -150.0000000000       -0.0005314572       -0.0005257141       -0.0004926528       -0.0004521619       -0.0004029343       -0.0003512510       -0.0003025368       -0.0002594347
     -149.0000000000       -0.0005380850       -0.0005259725       -0.0004915111       -0.0004498657       -0.0003995877       -0.0003471227       -0.0002979397       -0.0002546324
     -148.0000000000       -0.0005379540       -0.0005261737       -0.0004903282       -0.0004475034       -0.0003961544       -0.0003429027       -0.0002932568       -0.0002497548
     -147.0000000000       -0.0005491197       -0.0005263101       -0.0004891019       -0.0004450728       -0.0003926320       -0.0003385895       -0.0002884872       -0.0002448017
     -146.0000000000       -0.0005508769       -0.0005263743       -0.0004878300       -0.0004425716       -0.0003890186       -0.0003341815       -0.0002836301       -0.0002397725
     -145.0000000000       -0.0005428180       -0.0005263591       -0.0004865102       -0.0004399974       -0.0003853119       -0.0003296772       -0.0002786845       -0.0002346670
     -144.0000000000       -0.0005426714       -0.0005262575       -0.0004851405       -0.0004373476       -0.0003815097       -0.0003250751       -0.0002736496       -0.0002294847
     -143.0000000000       -0.0005336414       -0.0005260630       -0.0004837187       -0.0004346198       -0.0003776098       -0.0003203736       -0.0002685245       -0.0002242254
     -142.0000000000       -0.0005348771       -0.0005257697       -0.0004822426       -0.0004318112       -0.0003736098       -0.0003155711       -0.0002633083       -0.0002188886
     -141.0000000000       -0.0005347834       -0.0005253723       -0.0004807102       -0.0004289192       -0.0003695075       -0.0003106661       -0.0002580003       -0.0002134742
     -140.0000000000       -0.0005279290       -0.0005248661       -0.0004791195       -0.0004259410       -0.0003653003       -0.0003056571       -0.0002525996       -0.0002079818
     -139.0000000000       -0.0005325219       -0.0005242477       -0.0004774682       -0.0004228736       -0.0003609860       -0.0003005425       -0.0002471055       -0.0002024112
     -138.0000000000       -0.0005403020       -0.0005235142       -0.0004757545       -0.0004197142       -0.0003565621       -0.0002953207       -0.0002415172       -0.0001967623
     -137.0000000000       -0.0005469470       -0.0005226642       -0.0004739762       -0.0004164597       -0.0003520260       -0.0002899902       -0.0002358339       -0.0001910347
     -136.0000000000       -0.0005504562       -0.0005216970       -0.0004721314       -0.0004131068       -0.0003473752       -0.0002845495       -0.0002300550       -0.0001852285
     -135.0000000000       -0.0005343246       -0.0005206134       -0.0004702179       -0.0004096526       -0.0003426072       -0.0002789970       -0.0002241798       -0.0001793434
     -134.0000000000       -0.0005248290       -0.0005194155       -0.0004682338       -0.0004060935       -0.0003377194       -0.0002733312       -0.0002182076       -0.0001733794
     -133.0000000000       -0.0005409714       -0.0005181064       -0.0004661768       -0.0004024263       -0.0003327091       -0.0002675507       -0.0002121378       -0.0001673364
     -132.0000000000       -0.0005507211       -0.0005166907       -0.0004640449       -0.0003986474       -0.0003275737       -0.0002616539       -0.0002059698       -0.0001612144
     -131.0000000000       -0.0005546956       -0.0005151741       -0.0004618359       -0.0003947533       -0.0003223106       -0.0002556394       -0.0001997030       -0.0001550134
     -130.0000000000       -0.0005492415       -0.0005135636       -0.0004595475       -0.0003907404       -0.0003169169       -0.0002495057       -0.0001933370       -0.0001487335
     -129.0000000000       -0.0005473456       -0.0005118672       -0.0004571773       -0.0003866048       -0.0003113901       -0.0002432514       -0.0001868712       -0.0001423747
     -128.0000000000       -0.0005428950       -0.0005100940       -0.0004547230       -0.0003823426       -0.0003057274       -0.0002368752       -0.0001803052       -0.0001359371
     -127.0000000000       -0.0005301947       -0.0005082538       -0.0004521819       -0.0003779501       -0.0002999260       -0.0002303755       -0.0001736386       -0.0001294210
     -126.0000000000       -0.0005285833       -0.0005063574       -0.0004495514       -0.0003734230       -0.0002939831       -0.0002237511       -0.0001668710       -0.0001228265
     -125.0000000000       -0.0005420870       -0.0005044159       -0.0004468286       -0.0003687574       -0.0002878960       -0.0002170007       -0.0001600022       -0.0001161539
     -124.0000000000       -0.0005427707       -0.0005024409       -0.0004440105       -0.0003639488       -0.0002816619       -0.0002101231       -0.0001530317       -0.0001094035
     -123.0000000000       -0.0005398100       -0.0005004442       -0.0004410940       -0.0003589931       -0.0002752780       -0.0002031168       -0.0001459595       -0.0001025755
     -122.0000000000       -0.0005403827       -0.0004984374       -0.0004380757       -0.0003538858       -0.0002687415       -0.0001959809       -0.0001387852       -0.0000956704
     -121.0000000000       -0.0005428368       -0.0004964320       -0.0004349519       -0.0003486222       -0.0002620496       -0.0001887141       -0.0001315089       -0.0000886885
     -120.0000000000       -0.0005361140       -0.0004944388       -0.0004317189       -0.0003431980       -0.0002551997       -0.0001813154       -0.0001241304       -0.0000816304
     -119.0000000000       -0.0005368658       -0.0004924680       -0.0004283725       -0.0003376082       -0.0002481888       -0.0001737836       -0.0001166497       -0.0000744965
     -118.0000000000       -0.0005357442       -0.0004905289       -0.0004249084       -0.0003318482       -0.0002410144       -0.0001661179       -0.0001090668       -0.0000672873
     -117.0000000000       -0.0005328268       -0.0004886297       -0.0004213221       -0.0003259130       -0.0002336735       -0.0001583172       -0.0001013818       -0.0000600036
     -116.0000000000       -0.0005396741       -0.0004867771       -0.0004176084       -0.0003197976       -0.0002261637       -0.0001503807       -0.0000935950       -0.0000526459
     -115.0000000000       -0.0005483663       -0.0004849765       -0.0004137623       -0.0003134970       -0.0002184821       -0.0001423076       -0.0000857064       -0.0000452150
     -114.0000000000       -0.0005459352       -0.0004832318       -0.0004097781       -0.0003070060       -0.0002106263       -0.0001340971       -0.0000777164       -0.0000377115
     -113.0000000000       -0.0005425574       -0.0004815448       -0.0004056500       -0.0003003193       -0.0002025935       -0.0001257486       -0.0000696254       -0.0000301364
     -112.0000000000       -0.0005405569       -0.0004799160       -0.0004013716       -0.0002934318       -0.0001943813       -0.0001172615       -0.0000614337       -0.0000224904
     -111.0000000000       -0.0005442884       -0.0004783438       -0.0003969364       -0.0002863380       -0.0001859872       -0.0001086352       -0.0000531418       -0.0000147744
     -110.0000000000       -0.0005399606       -0.0004768248       -0.0003923373       -0.0002790324       -0.0001774087       -0.0000998693       -0.0000447503       -0.0000069895
     -109.0000000000       -0.0005396733       -0.0004753539       -0.0003875671       -0.0002715096       -0.0001686436       -0.0000909635       -0.0000362599        0.0000008633
     -108.0000000000       -0.0005408427       -0.0004739240       -0.0003826178       -0.0002637640       -0.0001596895       -0.0000819176       -0.0000276711        0.0000087830
     -107.0000000000       -0.0005472394       -0.0004725267       -0.0003774815       -0.0002557900       -0.0001505442       -0.0000727312       -0.0000189848        0.0000167685
     -106.0000000000       -0.0005360279       -0.0004711515       -0.0003721495       -0.0002475820       -0.0001412056       -0.0000634045       -0.0000102019        0.0000248185
     -105.0000000000       -0.0005392060       -0.0004697869       -0.0003666128       -0.0002391343       -0.0001316717       -0.0000539373       -0.0000013232        0.0000329318
     -104.0000000000       -0.0005371823       -0.0004684198       -0.0003608622       -0.0002304413       -0.0001219405       -0.0000443298        0.0000076502        0.0000411072
     -103.0000000000       -0.0005405325       -0.0004670360       -0.0003548880       -0.0002214972       -0.0001120103       -0.0000345823        0.0000167172        0.0000493431
     -102.0000000000       -0.0005416116       -0.0004656202       -0.0003486798       -0.0002122963       -0.0001018792       -0.0000246951        0.0000258767        0.0000576384
     -101.0000000000       -0.0005298226       -0.0004641564       -0.0003422273       -0.0002028331       -0.0000915458       -0.0000146687        0.0000351273        0.0000659913
     -100.0000000000       -0.0005403110       -0.0004626276       -0.0003355195       -0.0001931017       -0.0000810086       -0.0000045037        0.0000444678        0.0000744005
      -99.0000000000       -0.0005517425       -0.0004610164       -0.0003285451       -0.0001830966       -0.0000702662        0.0000057994        0.0000538966        0.0000828644
      -98.0000000000       -0.0005473410       -0.0004593051       -0.0003212924       -0.0001728121       -0.0000593174        0.0000162395        0.0000634123        0.0000913811
      -97.0000000000       -0.0005368976       -0.0004574755       -0.0003137493       -0.0001622429       -0.0000481613        0.0000268158        0.0000730133        0.0000999492
      -96.0000000000       -0.0005356508       -0.0004555091       -0.0003059035       -0.0001513834       -0.0000367970        0.0000375273        0.0000826978        0.0001085667
      -95.0000000000       -0.0005323195       -0.0004533877       -0.0002977421       -0.0001402282       -0.0000252237        0.0000483726        0.0000924641        0.0001172319
      -94.0000000000       -0.0005423994       -0.0004510928       -0.0002892521       -0.0001287722       -0.0000134410        0.0000593504        0.0001023102        0.0001259428
      -93.0000000000       -0.0005462888       -0.0004486059       -0.0002804202       -0.0001170102       -0.0000014485        0.0000704592        0.0001122342        0.0001346975
      -92.0000000000       -0.0005379481       -0.0004459088       -0.0002712325       -0.0001049373        0.0000107540        0.0000816975        0.0001222340        0.0001434939
      -91.0000000000       -0.0005277351       -0.0004429832       -0.0002616751       -0.0000925485        0.0000231664        0.0000930633        0.0001323074        0.0001523301
      -90.0000000000       -0.0005347221       -0.0004398108       -0.0002517338       -0.0000798394        0.0000357884        0.0001045548        0.0001424522        0.0001612038
      -89.0000000000       -0.0005373928       -0.0004363737       -0.0002413942       -0.0000668054        0.0000486195        0.0001161699        0.0001526660        0.0001701129
      -88.0000000000       -0.0005367278       -0.0004326536       -0.0002306414       -0.0000534423        0.0000616591        0.0001279064        0.0001629463        0.0001790551
      -87.0000000000       -0.0005280594       -0.0004286324       -0.0002194608       -0.0000397461        0.0000749062        0.0001397618        0.0001732906        0.0001880281
      -86.0000000000       -0.0005323544       -0.0004242919       -0.0002078371       -0.0000257131        0.0000883597        0.0001517337        0.0001836962        0.0001970296
      -85.0000000000       -0.0005426913       -0.0004196136       -0.0001957554       -0.0000113398        0.0001020181        0.0001638192        0.0001941604        0.0002060571
      -84.0000000000       -0.0005443012       -0.0004145787       -0.0001832002        0.0000033769        0.0001158797        0.0001760156        0.0002046803        0.0002151080
      -83.0000000000       -0.0005375717       -0.0004091681       -0.0001701564        0.0000184398        0.0001299427        0.0001883198        0.0002152530        0.0002241800
      -82.0000000000       -0.0005366495       -0.0004033621       -0.0001566085        0.0000338515        0.0001442047        0.0002007285        0.0002258755        0.0002332703
      -81.0000000000       -0.0005346693       -0.0003971405       -0.0001425413        0.0000496140        0.0001586633        0.0002132385        0.0002365446        0.0002423764
      -80.0000000000       -0.0005357788       -0.0003904823       -0.0001279394        0.0000657292        0.0001733158        0.0002258462        0.0002472571        0.0002514955
      -79.0000000000       -0.0005374004       -0.0003833658       -0.0001127877        0.0000821982        0.0001881590        0.0002385479        0.0002580097        0.0002606249
      -78.0000000000       -0.0005328942       -0.0003757681       -0.0000970710        0.0000990220        0.0002031897        0.0002513397        0.0002687990        0.0002697618
      -77.0000000000       -0.0005340706       -0.0003676654       -0.0000807747        0.0001162010        0.0002184041        0.0002642176        0.0002796214        0.0002789033
      -76.0000000000       -0.0005408928       -0.0003590327       -0.0000638840        0.0001337352        0.0002337984        0.0002771773        0.0002904734        0.0002880464
      -75.0000000000       -0.0005468549       -0.0003498436       -0.0000463846        0.0001516239        0.0002493682        0.0002902146        0.0003013512        0.0002971883
      -74.0000000000       -0.0005461859       -0.0003400704       -0.0000282626        0.0001698660        0.0002651089        0.0003033248        0.0003122512        0.0003063260
      -73.0000000000       -0.0005476381       -0.0003296836       -0.0000095045        0.0001884600        0.0002810156        0.0003165033        0.0003231694        0.0003154563
      -72.0000000000       -0.0005341845       -0.0003186521        0.0000099028        0.0002074035        0.0002970832        0.0003297452        0.0003341019        0.0003245763
      -71.0000000000       -0.0005293075       -0.0003069430        0.0000299718        0.0002266938        0.0003133059        0.0003430453        0.0003450446        0.0003336827
      -70.0000000000       -0.0005352935       -0.0002945214        0.0000507145        0.0002463274        0.0003296781        0.0003563986        0.0003559935        0.0003427724
      -69.0000000000       -0.0005420039       -0.0002813504        0.0000721419        0.0002663003        0.0003461933        0.0003697997        0.0003669444        0.0003518421
      -68.0000000000       -0.0005426011       -0.0002673908        0.0000942645        0.0002866077        0.0003628451        0.0003832430        0.0003778930        0.0003608887
      -67.0000000000       -0.0005295329       -0.0002526010        0.0001170920        0.0003072441        0.0003796266        0.0003967228        0.0003888349        0.0003699088
      -66.0000000000       -0.0005343138       -0.0002369371        0.0001406329        0.0003282036        0.0003965306        0.0004102334        0.0003997657        0.0003788991
      -65.0000000000       -0.0005438042       -0.0002203524        0.0001648950        0.0003494793        0.0004135494        0.0004237686        0.0004106809        0.0003878563
      -64.0000000000       -0.0005283741       -0.0002027978        0.0001898846        0.0003710636        0.0004306753        0.0004373224        0.0004215761        0.0003967770
      -63.0000000000       -0.0005304382       -0.0001842212        0.0002156073        0.0003929482        0.0004479000        0.0004508885        0.0004324465        0.0004056577
      -62.0000000000       -0.0005373360       -0.0001645679        0.0002420670        0.0004151242        0.0004652149        0.0004644604        0.0004432875        0.0004144950
      -61.0000000000       -0.0005342631       -0.0001437803        0.0002692665        0.0004375817        0.0004826112        0.0004780316        0.0004540944        0.0004232855
      -60.0000000000       -0.0005330544       -0.0001217978        0.0002972069        0.0004603102        0.0005000797        0.0004915953        0.0004648623        0.0004320256
      -59.0000000000       -0.0005338692       -0.0000985573        0.0003258879        0.0004832982        0.0005176108        0.0005051448        0.0004755864        0.0004407120
      -58.0000000000       -0.0005343839       -0.0000739924        0.0003553075        0.0005065336        0.0005351948        0.0005186732        0.0004862618        0.0004493410
      -57.0000000000       -0.0005412763       -0.0000480347        0.0003854619        0.0005300034        0.0005528216        0.0005321732        0.0004968837        0.0004579091
      -56.0000000000       -0.0005493360       -0.0000206128        0.0004163455        0.0005536939        0.0005704806        0.0005456378        0.0005074469        0.0004664129
      -55.0000000000       -0.0005523490        0.0000083468        0.0004479507        0.0005775905        0.0005881611        0.0005590596        0.0005179465        0.0004748486
      -54.0000000000       -0.0005470809        0.0000389196        0.0004802679        0.0006016779        0.0006058523        0.0005724313        0.0005283774        0.0004832129
      -53.0000000000       -0.0005341225        0.0000711828        0.0005132852        0.0006259399        0.0006235428        0.0005857454        0.0005387346        0.0004915020
      -52.0000000000       -0.0005335524        0.0001052149        0.0005469888        0.0006503595        0.0006412210        0.0005989944        0.0005490130        0.0004997125
      -51.0000000000       -0.0005394128        0.0001410951        0.0005813624        0.0006749190        0.0006588752        0.0006121704        0.0005592074        0.0005078408
      -50.0000000000       -0.0005394001        0.0001789030        0.0006163872        0.0006995999        0.0006764933        0.0006252660        0.0005693127        0.0005158834
      -49.0000000000       -0.0005299098        0.0002187178        0.0006520421        0.0007243830        0.0006940632        0.0006382731        0.0005793237        0.0005238365
      -48.0000000000       -0.0005333279        0.0002606178        0.0006883036        0.0007492481        0.0007115722        0.0006511841        0.0005892354        0.0005316969
      -47.0000000000       -0.0005410221        0.0003046794        0.0007251453        0.0007741746        0.0007290078        0.0006639910        0.0005990424        0.0005394608
      -46.0000000000       -0.0005437255        0.0003509764        0.0007625384        0.0007991409        0.0007463571        0.0006766859        0.0006087398        0.0005471248
      -45.0000000000       -0.0005441662        0.0003995790        0.0008004513        0.0008241251        0.0007636070        0.0006892608        0.0006183223        0.0005546854
      -44.0000000000       -0.0005396533        0.0004505530        0.0008388498        0.0008491042        0.0007807443        0.0007017077        0.0006277847        0.0005621390
      -43.0000000000       -0.0005460705        0.0005039587        0.0008776968        0.0008740549        0.0007977558        0.0007140186        0.0006371221        0.0005694824
      -42.0000000000       -0.0005421522        0.0005598494        0.0009169527        0.0008989531        0.0008146279        0.0007261855        0.0006463292        0.0005767119
      -41.0000000000       -0.0005289939        0.0006182710        0.0009565748        0.0009237743        0.0008313472        0.0007382004        0.0006554010        0.0005838243
      -40.0000000000       -0.0005248048        0.0006792599        0.0009965180        0.0009484933        0.0008478999        0.0007500552        0.0006643325        0.0005908161
      -39.0000000000       -0.0005328358        0.0007428424        0.0010367343        0.0009730846        0.0008642723        0.0007617421        0.0006731186        0.0005976840
      -38.0000000000       -0.0005376211        0.0008090329        0.0010771730        0.0009975222        0.0008804508        0.0007732530        0.0006817544        0.0006044248
      -37.0000000000       -0.0005395146        0.0008778331        0.0011177810        0.0010217795        0.0008964215        0.0007845800        0.0006902350        0.0006110351
      -36.0000000000       -0.0005368807        0.0009492298        0.0011585024        0.0010458298        0.0009121706        0.0007957153        0.0006985555        0.0006175118
      -35.0000000000       -0.0005265548        0.0010231944        0.0011992790        0.0010696459        0.0009276844        0.0008066510        0.0007067111        0.0006238517
      -34.0000000000       -0.0005358059        0.0010996812        0.0012400502        0.0010932007        0.0009429490        0.0008173795        0.0007146970        0.0006300517
      -33.0000000000       -0.0005426956        0.0011786257        0.0012807531        0.0011164663        0.0009579509        0.0008278931        0.0007225086        0.0006361086
      -32.0000000000       -0.0005363303        0.0012599440        0.0013213227        0.0011394152        0.0009726764        0.0008381842        0.0007301413        0.0006420196
      -31.0000000000       -0.0005388002        0.0013435313        0.0013616921        0.0011620196        0.0009871120        0.0008482453        0.0007375904        0.0006477816
      -30.0000000000       -0.0005441444        0.0014292606        0.0014017926        0.0011842516        0.0010012443        0.0008580691        0.0007448517        0.0006533918
      -29.0000000000       -0.0005461478        0.0015169820        0.0014415538        0.0012060834        0.0010150601        0.0008676484        0.0007519206        0.0006588472
      -28.0000000000       -0.0005486179        0.0016065220        0.0014809040        0.0012274874        0.0010285462        0.0008769761        0.0007587930        0.0006641453
      -27.0000000000       -0.0005453825        0.0016976824        0.0015197701        0.0012484358        0.0010416899        0.0008860451        0.0007654647        0.0006692832
      -26.0000000000       -0.0005349945        0.0017902406        0.0015580782        0.0012689014        0.0010544784        0.0008948487        0.0007719315        0.0006742583
      -25.0000000000       -0.0005216407        0.0018839485        0.0015957535        0.0012888571        0.0010668993        0.0009033801        0.0007781895        0.0006790681
      -24.0000000000       -0.0005184714        0.0019785337        0.0016327209        0.0013082762        0.0010789405        0.0009116330        0.0007842349        0.0006837101
      -23.0000000000       -0.0005256969        0.0020736989        0.0016689049        0.0013271323        0.0010905899        0.0009196008        0.0007900638        0.0006881818
      -22.0000000000       -0.0005227463        0.0021691233        0.0017042299        0.0013453995        0.0011018360        0.0009272776        0.0007956727        0.0006924811
      -21.0000000000       -0.0005280209        0.0022644634        0.0017386209        0.0013630526        0.0011126674        0.0009346572        0.0008010580        0.0006966055
      -20.0000000000       -0.0005255857        0.0023593546        0.0017720033        0.0013800667        0.0011230733        0.0009417341        0.0008062164        0.0007005530
      -19.0000000000       -0.0005064766        0.0024534130        0.0018043034        0.0013964179        0.0011330431        0.0009485026        0.0008111445        0.0007043215
      -18.0000000000       -0.0005017631        0.0025462374        0.0018354487        0.0014120827        0.0011425665        0.0009549574        0.0008158394        0.0007079090
      -17.0000000000       -0.0005019842        0.0026374122        0.0018653682        0.0014270385        0.0011516336        0.0009610934        0.0008202979        0.0007113136
      -16.0000000000       -0.0004991909        0.0027265104        0.0018939927        0.0014412637        0.0011602352        0.0009669057        0.0008245173        0.0007145335
      -15.0000000000       -0.0004981381        0.0028130966        0.0019212549        0.0014547374        0.0011683623        0.0009723897        0.0008284948        0.0007175670
      -14.0000000000       -0.0004841711        0.0028967309        0.0019470899        0.0014674398        0.0011760062        0.0009775410        0.0008322279        0.0007204125
      -13.0000000000       -0.0004684538        0.0029769728        0.0019714356        0.0014793518        0.0011831591        0.0009823554        0.0008357142        0.0007230684
      -12.0000000000       -0.0004523296        0.0030533853        0.0019942326        0.0014904559        0.0011898133        0.0009868291        0.0008389514        0.0007255334
      -11.0000000000       -0.0004307437        0.0031255395        0.0020154249        0.0015007352        0.0011959617        0.0009909585        0.0008419374        0.0007278061
      -10.0000000000       -0.0004057605        0.0031930187        0.0020349598        0.0015101742        0.0012015979        0.0009947402        0.0008446704        0.0007298853
       -9.0000000000       -0.0003682010        0.0032554234        0.0020527883        0.0015187586        0.0012067158        0.0009981711        0.0008471485        0.0007317699
       -8.0000000000       -0.0003041200        0.0033123754        0.0020688654        0.0015264752        0.0012113099        0.0010012484        0.0008493701        0.0007334588
       -7.0000000000       -0.0001974762        0.0033635224        0.0020831501        0.0015333123        0.0012153752        0.0010039697        0.0008513338        0.0007349512
       -6.0000000000       -0.0000330493        0.0034085424        0.0020956058        0.0015392594        0.0012189075        0.0010063326        0.0008530382        0.0007362463
       -5.0000000000        0.0002819525        0.0034471472        0.0021062005        0.0015443072        0.0012219028        0.0010083354        0.0008544823        0.0007373433
       -4.0000000000        0.0009339100        0.0034790865        0.0021149068        0.0015484479        0.0012243579        0.0010099762        0.0008556652        0.0007382417
       -3.0000000000        0.0025726915        0.0035041508        0.0021217020        0.0015516752        0.0012262703        0.0010112538        0.0008565860        0.0007389409
       -2.0000000000        0.0083316047        0.0035221742        0.0021265685        0.0015539839        0.0012276377        0.0010121671        0.0008572441        0.0007394406
       -1.0000000000        0.0523185025        0.0035330368        0.0021294934        0.0015553706        0.0012284588        0.0010127154        0.0008576392        0.0007397406
        0.0000000000        0.1370975677        0.0035366657        0.0021304693        0.0015558331        0.0012287326        0.0010128983        0.0008577709        0.0007398405
        1.0000000000        0.0523185025        0.0035330368        0.0021294934        0.0015553706        0.0012284588        0.0010127154        0.0008576392        0.0007397406
        2.0000000000        0.0083316047        0.0035221742        0.0021265685        0.0015539839        0.0012276377        0.0010121671        0.0008572441        0.0007394406
        3.0000000000        0.0025726915        0.0035041508        0.0021217020        0.0015516752        0.0012262703        0.0010112538        0.0008565860        0.0007389409
        4.0000000000        0.0009339100        0.0034790865        0.0021149068        0.0015484479        0.0012243579        0.0010099762        0.0008556652        0.0007382417
        5.0000000000        0.0002819525        0.0034471472        0.0021062005        0.0015443072        0.0012219028        0.0010083354        0.0008544823        0.0007373433
        6.0000000000       -0.0000330493        0.0034085424        0.0020956058        0.0015392594        0.0012189075        0.0010063326        0.0008530382        0.0007362463
        7.0000000000       -0.0001974762        0.0033635224        0.0020831501        0.0015333123        0.0012153752        0.0010039697        0.0008513338        0.0007349512
        8.0000000000       -0.0003041200        0.0033123754        0.0020688654        0.0015264752        0.0012113099        0.0010012484        0.0008493701        0.0007334588
        9.0000000000       -0.0003682010        0.0032554234        0.0020527883        0.0015187586        0.0012067158        0.0009981711        0.0008471485        0.0007317699
       10.0000000000       -0.0004057605        0.0031930187        0.0020349598        0.0015101742        0.0012015979        0.0009947402        0.0008446704        0.0007298853
       11.0000000000       -0.0004307437        0.0031255395        0.0020154249        0.0015007352        0.0011959617        0.0009909585        0.0008419374        0.0007278061
       12.0000000000       -0.0004523296        0.0030533853        0.0019942326        0.0014904559        0.0011898133        0.0009868291        0.0008389514        0.0007255334
       13.0000000000       -0.0004684538        0.0029769728        0.0019714356        0.0014793518        0.0011831591        0.0009823554        0.0008357142        0.0007230684
       14.0000000000       -0.0004841711        0.0028967309        0.0019470899        0.0014674398        0.0011760062        0.0009775410        0.0008322279        0.0007204125
       15.0000000000       -0.0004981381        0.0028130966        0.0019212549        0.0014547374        0.0011683623        0.0009723897        0.0008284948        0.0007175670
       16.0000000000       -0.0004991909        0.0027265104        0.0018939927        0.0014412637        0.0011602352        0.0009669057        0.0008245173        0.0007145335
       17.0000000000       -0.0005019842        0.0026374122        0.0018653682        0.0014270385        0.0011516336        0.0009610934        0.0008202979        0.0007113136
       18.0000000000       -0.0005017631        0.0025462374        0.0018354487        0.0014120827        0.0011425665        0.0009549574        0.0008158394        0.0007079090
       19.0000000000       -0.0005064766        0.0024534130        0.0018043034        0.0013964179        0.0011330431        0.0009485026        0.0008111445        0.0007043215
       20.0000000000       -0.0005255857        0.0023593546        0.0017720033        0.0013800667        0.0011230733        0.0009417341        0.0008062164        0.0007005530
       21.0000000000       -0.0005280209        0.0022644634        0.0017386209        0.0013630526        0.0011126674        0.0009346572        0.0008010580        0.0006966055
       22.0000000000       -0.0005227463        0.0021691233        0.0017042299        0.0013453995        0.0011018360        0.0009272776        0.0007956727        0.0006924811
       23.0000000000       -0.0005256969        0.0020736989        0.0016689049        0.0013271323        0.0010905899        0.0009196008        0.0007900638        0.0006881818
       24.0000000000       -0.0005184714        0.0019785337        0.0016327209        0.0013082762        0.0010789405        0.0009116330        0.0007842349        0.0006837101
       25.0000000000       -0.0005216407        0.0018839485        0.0015957535        0.0012888571        0.0010668993        0.0009033801        0.0007781895        0.0006790681
       26.0000000000       -0.0005349945        0.0017902406        0.0015580782        0.0012689014        0.0010544784        0.0008948487        0.0007719315        0.0006742583
       27.0000000000       -0.0005453825        0.0016976824        0.0015197701        0.0012484358        0.0010416899        0.0008860451        0.0007654647        0.0006692832
       28.0000000000       -0.0005486179        0.0016065220        0.0014809040        0.0012274874        0.0010285462        0.0008769761        0.0007587930        0.0006641453
       29.0000000000       -0.0005461478        0.0015169820        0.0014415538        0.0012060834        0.0010150601        0.0008676484        0.0007519206        0.0006588472
       30.0000000000       -0.0005441444        0.0014292606        0.0014017926        0.0011842516        0.0010012443        0.0008580691        0.0007448517        0.0006533918
       31.0000000000       -0.0005388002        0.0013435313        0.0013616921        0.0011620196        0.0009871120        0.0008482453        0.0007375904        0.0006477816
       32.0000000000       -0.0005363303        0.0012599440        0.0013213227        0.0011394152        0.0009726764        0.0008381842        0.0007301413        0.0006420196
       33.0000000000       -0.0005426956        0.0011786257        0.0012807531        0.0011164663        0.0009579509        0.0008278931        0.0007225086        0.0006361086
       34.0000000000       -0.0005358059        0.0010996812        0.0012400502        0.0010932007        0.0009429490        0.0008173795        0.0007146970        0.0006300517
       35.0000000000       -0.0005265548        0.0010231944        0.0011992790        0.0010696459        0.0009276844        0.0008066510        0.0007067111        0.0006238517
       36.0000000000       -0.0005368807        0.0009492298        0.0011585024        0.0010458298        0.0009121706        0.0007957153        0.0006985555        0.0006175118
       37.0000000000       -0.0005395146        0.0008778331        0.0011177810        0.0010217795        0.0008964215        0.0007845800        0.0006902350        0.0006110351
       38.0000000000       -0.0005376211        0.0008090329        0.0010771730        0.0009975222        0.0008804508        0.0007732530        0.0006817544        0.0006044248
       39.0000000000       -0.0005328358        0.0007428424        0.0010367343        0.0009730846        0.0008642723        0.0007617421        0.0006731186        0.0005976840
       40.0000000000       -0.0005248048        0.0006792599        0.0009965180        0.0009484933        0.0008478999        0.0007500552        0.0006643325        0.0005908161
       41.0000000000       -0.0005289939        0.0006182710        0.0009565748        0.0009237743        0.0008313472        0.0007382004        0.0006554010        0.0005838243
       42.0000000000       -0.0005421522        0.0005598494        0.0009169527        0.0008989531        0.0008146279        0.0007261855        0.0006463292        0.0005767119
       43.0000000000       -0.0005460705        0.0005039587        0.0008776968        0.0008740549        0.0007977558        0.0007140186        0.0006371221        0.0005694824
       44.0000000000       -0.0005396533        0.0004505530        0.0008388498        0.0008491042        0.0007807443        0.0007017077        0.0006277847        0.0005621390
       45.0000000000       -0.0005441662        0.0003995790        0.0008004513        0.0008241251        0.0007636070        0.0006892608        0.0006183223        0.0005546854
       46.0000000000       -0.0005437255        0.0003509764        0.0007625384        0.0007991409        0.0007463571        0.0006766859        0.0006087398        0.0005471248
       47.0000000000       -0.0005410221        0.0003046794        0.0007251453        0.0007741746        0.0007290078        0.0006639910        0.0005990424        0.0005394608
       48.0000000000       -0.0005333279        0.0002606178        0.0006883036        0.0007492481        0.0007115722        0.0006511841        0.0005892354        0.0005316969
       49.0000000000       -0.0005299098        0.0002187178        0.0006520421        0.0007243830        0.0006940632        0.0006382731        0.0005793237        0.0005238365
       50.0000000000       -0.0005394001        0.0001789030        0.0006163872        0.0006995999        0.0006764933        0.0006252660        0.0005693127        0.0005158834
       51.0000000000       -0.0005394128        0.0001410951        0.0005813624        0.0006749190        0.0006588752        0.0006121704        0.0005592074        0.0005078408
       52.0000000000       -0.0005335524        0.0001052149        0.0005469888        0.0006503595        0.0006412210        0.0005989944        0.0005490130        0.0004997125
       53.0000000000       -0.0005341225        0.0000711828        0.0005132852        0.0006259399        0.0006235428        0.0005857454        0.0005387346        0.0004915020
       54.0000000000       -0.0005470809        0.0000389196        0.0004802679        0.0006016779        0.0006058523        0.0005724313        0.0005283774        0.0004832129
       55.0000000000       -0.0005523490        0.0000083468        0.0004479507        0.0005775905        0.0005881611        0.0005590596        0.0005179465        0.0004748486
       56.0000000000       -0.0005493360       -0.0000206128        0.0004163455        0.0005536939        0.0005704806        0.0005456378        0.0005074469        0.0004664129
       57.0000000000       -0.0005412763       -0.0000480347        0.0003854619        0.0005300034        0.0005528216        0.0005321732        0.0004968837        0.0004579091
       58.0000000000       -0.0005343839       -0.0000739924        0.0003553075        0.0005065336        0.0005351948        0.0005186732        0.0004862618        0.0004493410
       59.0000000000       -0.0005338692       -0.0000985573        0.0003258879        0.0004832982        0.0005176108        0.0005051448        0.0004755864        0.0004407120
       60.0000000000       -0.0005330544       -0.0001217978        0.0002972069        0.0004603102        0.0005000797        0.0004915953        0.0004648623        0.0004320256
       61.0000000000       -0.0005342631       -0.0001437803        0.0002692665        0.0004375817        0.0004826112        0.0004780316        0.0004540944        0.0004232855
       62.0000000000       -0.0005373360       -0.0001645679        0.0002420670        0.0004151242        0.0004652149        0.0004644604        0.0004432875        0.0004144950
       63.0000000000       -0.0005304382       -0.0001842212        0.0002156073        0.0003929482        0.0004479000        0.0004508885        0.0004324465        0.0004056577
       64.0000000000       -0.0005283741       -0.0002027978        0.0001898846        0.0003710636        0.0004306753        0.0004373224        0.0004215761        0.0003967770
       65.0000000000       -0.0005438042       -0.0002203524        0.0001648950        0.0003494793        0.0004135494        0.0004237686        0.0004106809        0.0003878563
       66.0000000000       -0.0005343138       -0.0002369371        0.0001406329        0.0003282036        0.0003965306        0.0004102334        0.0003997657        0.0003788991
       67.0000000000       -0.0005295329       -0.0002526010        0.0001170920        0.0003072441        0.0003796266        0.0003967228        0.0003888349        0.0003699088
       68.0000000000       -0.0005426011       -0.0002673908        0.0000942645        0.0002866077        0.0003628451        0.0003832430        0.0003778930        0.0003608887
       69.0000000000       -0.0005420039       -0.0002813504        0.0000721419        0.0002663003        0.0003461933        0.0003697997        0.0003669444        0.0003518421
       70.0000000000       -0.0005352935       -0.0002945214        0.0000507145        0.0002463274        0.0003296781        0.0003563986        0.0003559935        0.0003427724
       71.0000000000       -0.0005293075       -0.0003069430        0.0000299718        0.0002266938        0.0003133059        0.0003430453        0.0003450446        0.0003336827
       72.0000000000       -0.0005341845       -0.0003186521        0.0000099028        0.0002074035        0.0002970832        0.0003297452        0.0003341019        0.0003245763
       73.0000000000       -0.0005476381       -0.0003296836       -0.0000095045        0.0001884600        0.0002810156        0.0003165033        0.0003231694        0.0003154563
       74.0000000000       -0.0005461859       -0.0003400704       -0.0000282626        0.0001698660        0.0002651089        0.0003033248        0.0003122512        0.0003063260
       75.0000000000       -0.0005468549       -0.0003498436       -0.0000463846        0.0001516239        0.0002493682        0.0002902146        0.0003013512        0.0002971883
       76.0000000000       -0.0005408928       -0.0003590327       -0.0000638840        0.0001337352        0.0002337984        0.0002771773        0.0002904734        0.0002880464
       77.0000000000       -0.0005340706       -0.0003676654       -0.0000807747        0.0001162010        0.0002184041        0.0002642176        0.0002796214        0.0002789033
       78.0000000000       -0.0005328942       -0.0003757681       -0.0000970710        0.0000990220        0.0002031897        0.0002513397        0.0002687990        0.0002697618
       79.0000000000       -0.0005374004       -0.0003833658       -0.0001127877        0.0000821982        0.0001881590        0.0002385479        0.0002580097        0.0002606249
       80.0000000000       -0.0005357788       -0.0003904823       -0.0001279394        0.0000657292        0.0001733158        0.0002258462        0.0002472571        0.0002514955
       81.0000000000       -0.0005346693       -0.0003971405       -0.0001425413        0.0000496140        0.0001586633        0.0002132385        0.0002365446        0.0002423764
       82.0000000000       -0.0005366495       -0.0004033621       -0.0001566085        0.0000338515        0.0001442047        0.0002007285        0.0002258755        0.0002332703
       83.0000000000       -0.0005375717       -0.0004091681       -0.0001701564        0.0000184398        0.0001299427        0.0001883198        0.0002152530        0.0002241800
       84.0000000000       -0.0005443012       -0.0004145787       -0.0001832002        0.0000033769        0.0001158797        0.0001760156        0.0002046803        0.0002151080
       85.0000000000       -0.0005426913       -0.0004196136       -0.0001957554       -0.0000113398        0.0001020181        0.0001638192        0.0001941604        0.0002060571
       86.0000000000       -0.0005323544       -0.0004242919       -0.0002078371       -0.0000257131        0.0000883597        0.0001517337        0.0001836962        0.0001970296
       87.0000000000       -0.0005280594       -0.0004286324       -0.0002194608       -0.0000397461        0.0000749062        0.0001397618        0.0001732906        0.0001880281
       88.0000000000       -0.0005367278       -0.0004326536       -0.0002306414       -0.0000534423        0.0000616591        0.0001279064        0.0001629463        0.0001790551
       89.0000000000       -0.0005373928       -0.0004363737       -0.0002413942       -0.0000668054        0.0000486195        0.0001161699        0.0001526660        0.0001701129
       90.0000000000       -0.0005347221       -0.0004398108       -0.0002517338       -0.0000798394        0.0000357884        0.0001045548        0.0001424522        0.0001612038
       91.0000000000       -0.0005277351       -0.0004429832       -0.0002616751       -0.0000925485        0.0000231664        0.0000930633        0.0001323074        0.0001523301
       92.0000000000       -0.0005379481       -0.0004459088       -0.0002712325       -0.0001049373        0.0000107540        0.0000816975        0.0001222340        0.0001434939
       93.0000000000       -0.0005462888       -0.0004486059       -0.0002804202       -0.0001170102       -0.0000014485        0.0000704592        0.0001122342        0.0001346975
       94.0000000000       -0.0005423994       -0.0004510928       -0.0002892521       -0.0001287722       -0.0000134410        0.0000593504        0.0001023102        0.0001259428
       95.0000000000       -0.0005323195       -0.0004533877       -0.0002977421       -0.0001402282       -0.0000252237        0.0000483726        0.0000924641        0.0001172319
       96.0000000000       -0.0005356508       -0.0004555091       -0.0003059035       -0.0001513834       -0.0000367970        0.0000375273        0.0000826978        0.0001085667
       97.0000000000       -0.0005368976       -0.0004574755       -0.0003137493       -0.0001622429       -0.0000481613        0.0000268158        0.0000730133        0.0000999492
       98.0000000000       -0.0005473410       -0.0004593051       -0.0003212924       -0.0001728121       -0.0000593174        0.0000162395        0.0000634123        0.0000913811
       99.0000000000       -0.0005517425       -0.0004610164       -0.0003285451       -0.0001830966       -0.0000702662        0.0000057994        0.0000538966        0.0000828644
      100.0000000000       -0.0005403110       -0.0004626276       -0.0003355195       -0.0001931017       -0.0000810086       -0.0000045037        0.0000444678        0.0000744005
      101.0000000000       -0.0005298226       -0.0004641564       -0.0003422273       -0.0002028331       -0.0000915458       -0.0000146687        0.0000351273        0.0000659913
      102.0000000000       -0.0005416116       -0.0004656202       -0.0003486798       -0.0002122963       -0.0001018792       -0.0000246951        0.0000258767        0.0000576384
      103.0000000000       -0.0005405325       -0.0004670360       -0.0003548880       -0.0002214972       -0.0001120103       -0.0000345823        0.0000167172        0.0000493431
      104.0000000000       -0.0005371823       -0.0004684198       -0.0003608622       -0.0002304413       -0.0001219405       -0.0000443298        0.0000076502        0.0000411072
      105.0000000000       -0.0005392060       -0.0004697869       -0.0003666128       -0.0002391343       -0.0001316717       -0.0000539373       -0.0000013232        0.0000329318
      106.0000000000       -0.0005360279       -0.0004711515       -0.0003721495       -0.0002475820       -0.0001412056       -0.0000634045       -0.0000102019        0.0000248185
      107.0000000000       -0.0005472394       -0.0004725267       -0.0003774815       -0.0002557900       -0.0001505442       -0.0000727312       -0.0000189848        0.0000167685
      108.0000000000       -0.0005408427       -0.0004739240       -0.0003826178       -0.0002637640       -0.0001596895       -0.0000819176       -0.0000276711        0.0000087830
      109.0000000000       -0.0005396733       -0.0004753539       -0.0003875671       -0.0002715096       -0.0001686436       -0.0000909635       -0.0000362599        0.0000008633
      110.0000000000       -0.0005399606       -0.0004768248       -0.0003923373       -0.0002790324       -0.0001774087       -0.0000998693       -0.0000447503       -0.0000069895
      111.0000000000       -0.0005442884       -0.0004783438       -0.0003969364       -0.0002863380       -0.0001859872       -0.0001086352       -0.0000531418       -0.0000147744
      112.0000000000       -0.0005405569       -0.0004799160       -0.0004013716       -0.0002934318       -0.0001943813       -0.0001172615       -0.0000614337       -0.0000224904
      113.0000000000       -0.0005425574       -0.0004815448       -0.0004056500       -0.0003003193       -0.0002025935       -0.0001257486       -0.0000696254       -0.0000301364
      114.0000000000       -0.0005459352       -0.0004832318       -0.0004097781       -0.0003070060       -0.0002106263       -0.0001340971       -0.0000777164       -0.0000377115
      115.0000000000       -0.0005483663       -0.0004849765       -0.0004137623       -0.0003134970       -0.0002184821       -0.0001423076       -0.0000857064       -0.0000452150
      116.0000000000       -0.0005396741       -0.0004867771       -0.0004176084       -0.0003197976       -0.0002261637       -0.0001503807       -0.0000935950       -0.0000526459
      117.0000000000       -0.0005328268       -0.0004886297       -0.0004213221       -0.0003259130       -0.0002336735       -0.0001583172       -0.0001013818       -0.0000600036
      118.0000000000       -0.0005357442       -0.0004905289       -0.0004249084       -0.0003318482       -0.0002410144       -0.0001661179       -0.0001090668       -0.0000672873
      119.0000000000       -0.0005368658       -0.0004924680       -0.0004283725       -0.0003376082       -0.0002481888       -0.0001737836       -0.0001166497       -0.0000744965
      120.0000000000       -0.0005361140       -0.0004944388       -0.0004317189       -0.0003431980       -0.0002551997       -0.0001813154       -0.0001241304       -0.0000816304
      121.0000000000       -0.0005428368       -0.0004964320       -0.0004349519       -0.0003486222       -0.0002620496       -0.0001887141       -0.0001315089       -0.0000886885
      122.0000000000       -0.0005403827       -0.0004984374       -0.0004380757       -0.0003538858       -0.0002687415       -0.0001959809       -0.0001387852       -0.0000956704
      123.0000000000       -0.0005398100       -0.0005004442       -0.0004410940       -0.0003589931       -0.0002752780       -0.0002031168       -0.0001459595       -0.0001025755
      124.0000000000       -0.0005427707       -0.0005024409       -0.0004440105       -0.0003639488       -0.0002816619       -0.0002101231       -0.0001530317       -0.0001094035
      125.0000000000       -0.0005420870       -0.0005044159       -0.0004468286       -0.0003687574       -0.0002878960       -0.0002170007       -0.0001600022       -0.0001161539
      126.0000000000       -0.0005285833       -0.0005063574       -0.0004495514       -0.0003734230       -0.0002939831       -0.0002237511       -0.0001668710       -0.0001228265
      127.0000000000       -0.0005301947       -0.0005082538       -0.0004521819       -0.0003779501       -0.0002999260       -0.0002303755       -0.0001736386       -0.0001294210
      128.0000000000       -0.0005428950       -0.0005100940       -0.0004547230       -0.0003823426       -0.0003057274       -0.0002368752       -0.0001803052       -0.0001359371
      129.0000000000       -0.0005473456       -0.0005118672       -0.0004571773       -0.0003866048       -0.0003113901       -0.0002432514       -0.0001868712       -0.0001423747
      130.0000000000       -0.0005492415       -0.0005135636       -0.0004595475       -0.0003907404       -0.0003169169       -0.0002495057       -0.0001933370       -0.0001487335
      131.0000000000       -0.0005546956       -0.0005151741       -0.0004618359       -0.0003947533       -0.0003223106       -0.0002556394       -0.0001997030       -0.0001550134
      132.0000000000       -0.0005507211       -0.0005166907       -0.0004640449       -0.0003986474       -0.0003275737       -0.0002616539       -0.0002059698       -0.0001612144
      133.0000000000       -0.0005409714       -0.0005181064       -0.0004661768       -0.0004024263       -0.0003327091       -0.0002675507       -0.0002121378       -0.0001673364
      134.0000000000       -0.0005248290       -0.0005194155       -0.0004682338       -0.0004060935       -0.0003377194       -0.0002733312       -0.0002182076       -0.0001733794
      135.0000000000       -0.0005343246       -0.0005206134       -0.0004702179       -0.0004096526       -0.0003426072       -0.0002789970       -0.0002241798       -0.0001793434
      136.0000000000       -0.0005504562       -0.0005216970       -0.0004721314       -0.0004131068       -0.0003473752       -0.0002845495       -0.0002300550       -0.0001852285
      137.0000000000       -0.0005469470       -0.0005226642       -0.0004739762       -0.0004164597       -0.0003520260       -0.0002899902       -0.0002358339       -0.0001910347
      138.0000000000       -0.0005403020       -0.0005235142       -0.0004757545       -0.0004197142       -0.0003565621       -0.0002953207       -0.0002415172       -0.0001967623
      139.0000000000       -0.0005325219       -0.0005242477       -0.0004774682       -0.0004228736       -0.0003609860       -0.0003005425       -0.0002471055       -0.0002024112
      140.0000000000       -0.0005279290       -0.0005248661       -0.0004791195       -0.0004259410       -0.0003653003       -0.0003056571       -0.0002525996       -0.0002079818
      141.0000000000       -0.0005347834       -0.0005253723       -0.0004807102       -0.0004289192       -0.0003695075       -0.0003106661       -0.0002580003       -0.0002134742
      142.0000000000       -0.0005348771       -0.0005257697       -0.0004822426       -0.0004318112       -0.0003736098       -0.0003155711       -0.0002633083       -0.0002188886
      143.0000000000       -0.0005336414       -0.0005260630       -0.0004837187       -0.0004346198       -0.0003776098       -0.0003203736       -0.0002685245       -0.0002242254
      144.0000000000       -0.0005426714       -0.0005262575       -0.0004851405       -0.0004373476       -0.0003815097       -0.0003250751       -0.0002736496       -0.0002294847
      145.0000000000       -0.0005428180       -0.0005263591       -0.0004865102       -0.0004399974       -0.0003853119       -0.0003296772       -0.0002786845       -0.0002346670
      146.0000000000       -0.0005508769       -0.0005263743       -0.0004878300       -0.0004425716       -0.0003890186       -0.0003341815       -0.0002836301       -0.0002397725
      147.0000000000       -0.0005491197       -0.0005263101       -0.0004891019       -0.0004450728       -0.0003926320       -0.0003385895       -0.0002884872       -0.0002448017
      148.0000000000       -0.0005379540       -0.0005261737       -0.0004903282       -0.0004475034       -0.0003961544       -0.0003429027       -0.0002932568       -0.0002497548
      149.0000000000       -0.0005380850       -0.0005259725       -0.0004915111       -0.0004498657       -0.0003995877       -0.0003471227       -0.0002979397       -0.0002546324
      150.0000000000       -0.0005314572       -0.0005257141       -0.0004926528       -0.0004521619       -0.0004029343       -0.0003512510       -0.0003025368       -0.0002594347
      151.0000000000       -0.0005322567       -0.0005254059       -0.0004937556       -0.0004543944       -0.0004061959       -0.0003552891       -0.0003070491       -0.0002641624
      152.0000000000       -0.0005469737       -0.0005250555       -0.0004948217       -0.0004565651       -0.0004093748       -0.0003592386       -0.0003114775       -0.0002688157
      153.0000000000       -0.0005437717       -0.0005246701       -0.0004958533       -0.0004586761       -0.0004124728       -0.0003631008       -0.0003158229       -0.0002733953
      154.0000000000       -0.0005391595       -0.0005242570       -0.0004968527       -0.0004607294       -0.0004154918       -0.0003668774       -0.0003200864       -0.0002779015
      155.0000000000       -0.0005437471       -0.0005238229       -0.0004978222       -0.0004627270       -0.0004184337       -0.0003705697       -0.0003242688       -0.0002823350
      156.0000000000       -0.0005508626       -0.0005233745       -0.0004987640       -0.0004646705       -0.0004213003       -0.0003741792       -0.0003283711       -0.0002866962
      157.0000000000       -0.0005412877       -0.0005229180       -0.0004996802       -0.0004665619       -0.0004240934       -0.0003777074       -0.0003323944       -0.0002909856
      158.0000000000       -0.0005326940       -0.0005224595       -0.0005005731       -0.0004684028       -0.0004268147       -0.0003811557       -0.0003363395       -0.0002952039
      159.0000000000       -0.0005316969       -0.0005220047       -0.0005014448       -0.0004701948       -0.0004294659       -0.0003845255       -0.0003402074       -0.0002993516
      160.0000000000       -0.0005406883       -0.0005215589       -0.0005022972       -0.0004719394       -0.0004320487       -0.0003878182       -0.0003439992       -0.0003034292
      161.0000000000       -0.0005375301       -0.0005211274       -0.0005031325       -0.0004736383       -0.0004345647       -0.0003910352       -0.0003477158       -0.0003074373
      162.0000000000       -0.0005269959       -0.0005207151       -0.0005039526       -0.0004752927       -0.0004370153       -0.0003941779       -0.0003513582       -0.0003113766
      163.0000000000       -0.0005387440       -0.0005203267       -0.0005047593       -0.0004769041       -0.0004394021       -0.0003972475       -0.0003549273       -0.0003152477
      164.0000000000       -0.0005376868       -0.0005199667       -0.0005055544       -0.0004784738       -0.0004417267       -0.0004002454       -0.0003584242       -0.0003190511
      165.0000000000       -0.0005296339       -0.0005196395       -0.0005063396       -0.0004800029       -0.0004439903       -0.0004031729       -0.0003618499       -0.0003227875
      166.0000000000       -0.0005357997       -0.0005193495       -0.0005071164       -0.0004814927       -0.0004461945       -0.0004060313       -0.0003652052       -0.0003264575
      167.0000000000       -0.0005389681       -0.0005191007       -0.0005078864       -0.0004829443       -0.0004483405       -0.0004088220       -0.0003684913       -0.0003300617
      168.0000000000       -0.0005367873       -0.0005188973       -0.0005086508       -0.0004843586       -0.0004504296       -0.0004115460       -0.0003717090       -0.0003336009
      169.0000000000       -0.0005365331       -0.0005187433       -0.0005094109       -0.0004857367       -0.0004524632       -0.0004142047       -0.0003748594       -0.0003370756
      170.0000000000       -0.0005424330       -0.0005186427       -0.0005101677       -0.0004870795       -0.0004544425       -0.0004167993       -0.0003779433       -0.0003404865
      171.0000000000       -0.0005459515       -0.0005185991       -0.0005109222       -0.0004883878       -0.0004563686       -0.0004193310       -0.0003809618       -0.0003438342
      172.0000000000       -0.0005339365       -0.0005186164       -0.0005116752       -0.0004896625       -0.0004582427       -0.0004218010       -0.0003839159       -0.0003471195
      173.0000000000       -0.0005286545       -0.0005186980       -0.0005124273       -0.0004909043       -0.0004600660       -0.0004242103       -0.0003868064       -0.0003503430
      174.0000000000       -0.0005430851       -0.0005188473       -0.0005131790       -0.0004921138       -0.0004618395       -0.0004265602       -0.0003896343       -0.0003535053
      175.0000000000       -0.0005409247       -0.0005190673       -0.0005139307       -0.0004932918       -0.0004635643       -0.0004288518       -0.0003924006       -0.0003566072
      176.0000000000       -0.0005383546       -0.0005193608       -0.0005146825       -0.0004944387       -0.0004652414       -0.0004310862       -0.0003951061       -0.0003596492
      177.0000000000       -0.0005453724       -0.0005197300       -0.0005154345       -0.0004955552       -0.0004668718       -0.0004332645       -0.0003977519       -0.0003626322
      178.0000000000       -0.0005479166       -0.0005201769       -0.0005161866       -0.0004966417       -0.0004684565       -0.0004353876       -0.0004003388       -0.0003655566
      179.0000000000       -0.0005489355       -0.0005207028       -0.0005169384       -0.0004976986       -0.0004699965       -0.0004374568       -0.0004028678       -0.0003684233
      180.0000000000       -0.0005387819       -0.0005213085       -0.0005176895       -0.0004987263       -0.0004714926       -0.0004394730       -0.0004053397       -0.0003712329
      181.0000000000       -0.0005385213       -0.0005219943       -0.0005184395       -0.0004997252       -0.0004729456       -0.0004414373       -0.0004077554       -0.0003739861
      182.0000000000       -0.0005408950       -0.0005227595       -0.0005191874       -0.0005006956       -0.0004743566       -0.0004433506       -0.0004101159       -0.0003766835
      183.0000000000       -0.0005345697       -0.0005236028       -0.0005199325       -0.0005016378       -0.0004757263       -0.0004452139       -0.0004124220       -0.0003793258
      184.0000000000       -0.0005362448       -0.0005245223       -0.0005206737       -0.0005025519       -0.0004770555       -0.0004470282       -0.0004146746       -0.0003819137
      185.0000000000       -0.0005384748       -0.0005255151       -0.0005214099       -0.0005034383       -0.0004783451       -0.0004487944       -0.0004168745       -0.0003844479
      186.0000000000       -0.0005403458       -0.0005265776       -0.0005221399       -0.0005042971       -0.0004795957       -0.0004505135       -0.0004190226       -0.0003869290
      187.0000000000       -0.0005417898       -0.0005277055       -0.0005228623       -0.0005051285       -0.0004808082       -0.0004521864       -0.0004211197       -0.0003893577
      188.0000000000       -0.0005476605       -0.0005288934       -0.0005235756       -0.0005059325       -0.0004819833       -0.0004538139       -0.0004231668       -0.0003917346
      189.0000000000       -0.0005443183       -0.0005301356       -0.0005242783       -0.0005067094       -0.0004831216       -0.0004553971       -0.0004251645       -0.0003940604
      190.0000000000       -0.0005443127       -0.0005314254       -0.0005249687       -0.0005074591       -0.0004842240       -0.0004569367       -0.0004271137       -0.0003963357
      191.0000000000       -0.0005403854       -0.0005327556       -0.0005256452       -0.0005081819       -0.0004852911       -0.0004584336       -0.0004290152       -0.0003985613
      192.0000000000       -0.0005324571       -0.0005341184       -0.0005263059       -0.0005088777       -0.0004863235       -0.0004598887       -0.0004308699       -0.0004007377
      193.0000000000       -0.0005345535       -0.0005355056       -0.0005269491       -0.0005095466       -0.0004873221       -0.0004613027       -0.0004326785       -0.0004028655
      194.0000000000       -0.0005418725       -0.0005369083       -0.0005275729       -0.0005101888       -0.0004882872       -0.0004626766       -0.0004344417       -0.0004049455
      195.0000000000       -0.0005290587       -0.0005383177       -0.0005281755       -0.0005108043       -0.0004892198       -0.0004640111       -0.0004361604       -0.0004069782
      196.0000000000       -0.0005235926       -0.0005397243       -0.0005287550       -0.0005113931       -0.0004901203       -0.0004653069       -0.0004378353       -0.0004089643
      197.0000000000       -0.0005357140       -0.0005411190       -0.0005293095       -0.0005119553       -0.0004909894       -0.0004665650       -0.0004394671       -0.0004109044
      198.0000000000       -0.0005331917       -0.0005424920       -0.0005298373       -0.0005124911       -0.0004918278       -0.0004677860       -0.0004410566       -0.0004127990
      199.0000000000       -0.0005351722       -0.0005438342       -0.0005303366       -0.0005130005       -0.0004926360       -0.0004689707       -0.0004426045       -0.0004146488
      200.0000000000       -0.0005387119       -0.0005451361       -0.0005308056       -0.0005134836       -0.0004934146       -0.0004701198       -0.0004441115       -0.0004164544
      201.0000000000       -0.0005325751       -0.0005463887       -0.0005312427       -0.0005139406       -0.0004941643       -0.0004712341       -0.0004455783       -0.0004182164
      202.0000000000       -0.0005342879       -0.0005475832       -0.0005316463       -0.0005143717       -0.0004948857       -0.0004723144       -0.0004470057       -0.0004199354
      203.0000000000       -0.0005376782       -0.0005487112       -0.0005320149       -0.0005147770       -0.0004955793       -0.0004733612       -0.0004483942       -0.0004216119
      204.0000000000       -0.0005346519       -0.0005497647       -0.0005323470       -0.0005151567       -0.0004962458       -0.0004743753       -0.0004497446       -0.0004232465
      205.0000000000       -0.0005420400       -0.0005507361       -0.0005326416       -0.0005155111       -0.0004968857       -0.0004753575       -0.0004510576       -0.0004248398
      206.0000000000       -0.0005460121       -0.0005516184       -0.0005328973       -0.0005158404       -0.0004974997       -0.0004763083       -0.0004523337       -0.0004263923
      207.0000000000       -0.0005370427       -0.0005524052       -0.0005331132       -0.0005161450       -0.0004980883       -0.0004772284       -0.0004535736       -0.0004279046
      208.0000000000       -0.0005344662       -0.0005530906       -0.0005332884       -0.0005164251       -0.0004986521       -0.0004781185       -0.0004547780       -0.0004293772
      209.0000000000       -0.0005403523       -0.0005536695       -0.0005334224       -0.0005166813       -0.0004991918       -0.0004789793       -0.0004559475       -0.0004308106
      210.0000000000       -0.0005364581       -0.0005541374       -0.0005335144       -0.0005169137       -0.0004997079       -0.0004798114       -0.0004570826       -0.0004322054
      211.0000000000       -0.0005321782       -0.0005544902       -0.0005335643       -0.0005171230       -0.0005002009       -0.0004806153       -0.0004581840       -0.0004335621
      212.0000000000       -0.0005293262       -0.0005547250       -0.0005335717       -0.0005173096       -0.0005006716       -0.0004813918       -0.0004592523       -0.0004348811
      213.0000000000       -0.0005382433       -0.0005548392       -0.0005335368       -0.0005174740       -0.0005011205       -0.0004821414       -0.0004602879       -0.0004361630
      214.0000000000       -0.0005387497       -0.0005548311       -0.0005334597       -0.0005176167       -0.0005015482       -0.0004828648       -0.0004612916       -0.0004374083
      215.0000000000       -0.0005426708       -0.0005546996       -0.0005333408       -0.0005177385       -0.0005019552       -0.0004835624       -0.0004622638       -0.0004386174
      216.0000000000       -0.0005389601       -0.0005544444       -0.0005331808       -0.0005178399       -0.0005023423       -0.0004842349       -0.0004632051       -0.0004397908
      217.0000000000       -0.0005363621       -0.0005540659       -0.0005329803       -0.0005179215       -0.0005027099       -0.0004848829       -0.0004641160       -0.0004409289
      218.0000000000       -0.0005445645       -0.0005535653       -0.0005327405       -0.0005179842       -0.0005030586       -0.0004855068       -0.0004649970       -0.0004420323
      219.0000000000       -0.0005427105       -0.0005529444       -0.0005324623       -0.0005180287       -0.0005033892       -0.0004861073       -0.0004658486       -0.0004431012
      220.0000000000       -0.0005375815       -0.0005522058       -0.0005321473       -0.0005180558       -0.0005037021       -0.0004866849       -0.0004666713       -0.0004441363
      221.0000000000       -0.0005405040       -0.0005513528       -0.0005317968       -0.0005180662       -0.0005039979       -0.0004872401       -0.0004674657       -0.0004451378
      222.0000000000       -0.0005459422       -0.0005503895       -0.0005314127       -0.0005180609       -0.0005042773       -0.0004877734       -0.0004682321       -0.0004461063
      223.0000000000       -0.0005424164       -0.0005493205       -0.0005309969       -0.0005180407       -0.0005045407       -0.0004882853       -0.0004689710       -0.0004470420
      224.0000000000       -0.0005384722       -0.0005481514       -0.0005305513       -0.0005180065       -0.0005047889       -0.0004887763       -0.0004696829       -0.0004479454
      225.0000000000       -0.0005282563       -0.0005468881       -0.0005300782       -0.0005179594       -0.0005050224       -0.0004892469       -0.0004703682       -0.0004488169
      226.0000000000       -0.0005437772       -0.0005455375       -0.0005295799       -0.0005179002       -0.0005052417       -0.0004896976       -0.0004710273       -0.0004496568
      227.0000000000       -0.0005425204       -0.0005441070       -0.0005290590       -0.0005178299       -0.0005054474       -0.0004901287       -0.0004716606       -0.0004504654
      228.0000000000       -0.0005422102       -0.0005426044       -0.0005285179       -0.0005177495       -0.0005056401       -0.0004905408       -0.0004722686       -0.0004512432
      229.0000000000       -0.0005473179       -0.0005410383       -0.0005279595       -0.0005176600       -0.0005058203       -0.0004909343       -0.0004728516       -0.0004519904
      230.0000000000       -0.0005496600       -0.0005394177       -0.0005273864       -0.0005175625       -0.0005059886       -0.0004913096       -0.0004734099       -0.0004527074
      231.0000000000       -0.0005461456       -0.0005377519       -0.0005268017       -0.0005174580       -0.0005061455       -0.0004916671       -0.0004739440       -0.0004533945
      232.0000000000       -0.0005329826       -0.0005360507       -0.0005262083       -0.0005173475       -0.0005062916       -0.0004920073       -0.0004744542       -0.0004540520
      233.0000000000       -0.0005360462       -0.0005343242       -0.0005256091       -0.0005172320       -0.0005064273       -0.0004923304       -0.0004749408       -0.0004546801
      234.0000000000       -0.0005359914       -0.0005325824       -0.0005250073       -0.0005171125       -0.0005065531       -0.0004926368       -0.0004754041       -0.0004552792
      235.0000000000       -0.0005378269       -0.0005308358       -0.0005244058       -0.0005169902       -0.0005066696       -0.0004929270       -0.0004758445       -0.0004558496
      236.0000000000       -0.0005419779       -0.0005290946       -0.0005238078       -0.0005168659       -0.0005067773       -0.0004932012       -0.0004762622       -0.0004563914
      237.0000000000       -0.0005415374       -0.0005273692       -0.0005232163       -0.0005167407       -0.0005068765       -0.0004934597       -0.0004766575       -0.0004569049
      238.0000000000       -0.0005391672       -0.0005256695       -0.0005226343       -0.0005166155       -0.0005069678       -0.0004937030       -0.0004770307       -0.0004573904
      239.0000000000       -0.0005388159       -0.0005240056       -0.0005220649       -0.0005164913       -0.0005070515       -0.0004939312       -0.0004773820       -0.0004578480
      240.0000000000       -0.0005374078       -0.0005223868       -0.0005215110       -0.0005163690       -0.0005071281       -0.0004941447       -0.0004777117       -0.0004582780
      241.0000000000       -0.0005433660       -0.0005208224       -0.0005209754       -0.0005162494       -0.0005071979       -0.0004943438       -0.0004780200       -0.0004586806
      242.0000000000       -0.0005464259       -0.0005193211       -0.0005204609       -0.0005161335       -0.0005072614       -0.0004945286       -0.0004783071       -0.0004590560
      243.0000000000       -0.0005459456       -0.0005178909       -0.0005199701       -0.0005160221       -0.0005073189       -0.0004946994       -0.0004785732       -0.0004594042
      244.0000000000       -0.0005375799       -0.0005165395       -0.0005195056       -0.0005159158       -0.0005073707       -0.0004948565       -0.0004788185       -0.0004597256
      245.0000000000       -0.0005345891       -0.0005152740       -0.0005190699       -0.0005158155       -0.0005074172       -0.0004950000       -0.0004790432       -0.0004600202
      246.0000000000       -0.0005383645       -0.0005141007       -0.0005186651       -0.0005157218       -0.0005074586       -0.0004951302       -0.0004792474       -0.0004602882
      247.0000000000       -0.0005410102       -0.0005130255       -0.0005182933       -0.0005156354       -0.0005074951       -0.0004952472       -0.0004794312       -0.0004605297
      248.0000000000       -0.0005400293       -0.0005120535       -0.0005179566       -0.0005155568       -0.0005075271       -0.0004953511       -0.0004795949       -0.0004607448
      249.0000000000       -0.0005394237       -0.0005111893       -0.0005176566       -0.0005154866       -0.0005075548       -0.0004954421       -0.0004797385       -0.0004609336
      250.0000000000       -0.0005312146       -0.0005104369       -0.0005173950       -0.0005154251       -0.0005075782       -0.0004955203       -0.0004798620       -0.0004610962
      251.0000000000       -0.0005369740       -0.0005097995       -0.0005171730       -0.0005153728       -0.0005075977       -0.0004955859       -0.0004799657       -0.0004612327
      252.0000000000       -0.0005370871       -0.0005092801       -0.0005169919       -0.0005153301       -0.0005076133       -0.0004956389       -0.0004800496       -0.0004613431
      253.0000000000       -0.0005370213       -0.0005088808       -0.0005168525       -0.0005152972       -0.0005076251       -0.0004956793       -0.0004801137       -0.0004614275
      254.0000000000       -0.0005358096       -0.0005086033       -0.0005167556       -0.0005152743       -0.0005076332       -0.0004957073       -0.0004801580       -0.0004614859
      255.0000000000       -0.0005271986       -0.0005084489       -0.0005167017       -0.0005152616       -0.0005076378       -0.0004957229       -0.0004801826       -0.0004615183
      256.0000000000       -0.0005271986       -0.0005084180       -0.0005166909       -0.0005152591       -0.0005076387       -0.0004957260       -0.0004801876       -0.0004615248
