        0.0000000000        0.1247814160
        1.0000000000        0.0519464076
        2.0000000000        0.0348790318
        3.0000000000        0.0269960829
        4.0000000000        0.0223244999
        5.0000000000        0.0191742019
        6.0000000000        0.0168829123
        7.0000000000        0.0151225693
        8.0000000000        0.0137210493
        9.0000000000        0.0125735604
       10.0000000000        0.0116125730
       11.0000000000        0.0107910818
       12.0000000000        0.0100821761
       13.0000000000        0.0094610678
       14.0000000000        0.0089114566
       15.0000000000        0.0084177149
       16.0000000000        0.0079781120
       17.0000000000        0.0075805714
       18.0000000000        0.0072170998
       19.0000000000        0.0068869318
       20.0000000000        0.0065854144
       21.0000000000        0.0063077724
       22.0000000000        0.0060476186
       23.0000000000        0.0058080057
       24.0000000000        0.0055856696
       25.0000000000        0.0053743780
       26.0000000000        0.0051788028
       27.0000000000        0.0049922784
       28.0000000000        0.0048170994
       29.0000000000        0.0046543279
       30.0000000000        0.0044991152
       31.0000000000        0.0043536893
       32.0000000000        0.0042134091
       33.0000000000        0.0040834746
       34.0000000000        0.0039585099
       35.0000000000        0.0038394642
       36.0000000000        0.0037255946
       37.0000000000        0.0036174196
       38.0000000000        0.0035127509
       39.0000000000        0.0034145315
       40.0000000000        0.0033213023
       41.0000000000        0.0032278743
       42.0000000000        0.0031422528
       43.0000000000        0.0030594681
       44.0000000000        0.0029770178
       45.0000000000        0.0028995692
       46.0000000000        0.0028248940
       47.0000000000        0.0027525442
       48.0000000000        0.0026803927
       49.0000000000        0.0026137208
       50.0000000000        0.0025481284
       51.0000000000        0.0024840546
       52.0000000000        0.0024241297
       53.0000000000        0.0023646166
       54.0000000000        0.0023089431
       55.0000000000        0.0022552485
       56.0000000000        0.0022011853
       57.0000000000        0.0021500413
       58.0000000000        0.0021005562
       59.0000000000        0.0020532194
       60.0000000000        0.0020080986
       61.0000000000        0.0019612150
       62.0000000000        0.0019130542
       63.0000000000        0.0018702176
       64.0000000000        0.0018263690
       65.0000000000        0.0017838899
       66.0000000000        0.0017459482
       67.0000000000        0.0017041941
       68.0000000000        0.0016686111
       69.0000000000        0.0016315949
       70.0000000000        0.0015958908
       71.0000000000        0.0015622127
       72.0000000000        0.0015266868
       73.0000000000        0.0014933681
       74.0000000000        0.0014628687
       75.0000000000        0.0014318885
       76.0000000000        0.0014040468
       77.0000000000        0.0013751913
       78.0000000000        0.0013445488
       79.0000000000        0.0013170090
       80.0000000000        0.0012876896
       81.0000000000        0.0012583574
       82.0000000000        0.0012314524
       83.0000000000        0.0012065716
       84.0000000000        0.0011766987
       85.0000000000        0.0011546584
       86.0000000000        0.0011305575
       87.0000000000        0.0011102478
       88.0000000000        0.0010867964
       89.0000000000        0.0010625463
       90.0000000000        0.0010418287
       91.0000000000        0.0010189926
       92.0000000000        0.0009976761
       93.0000000000        0.0009757544
       94.0000000000        0.0009533720
       95.0000000000        0.0009335900
       96.0000000000        0.0009153552
       97.0000000000        0.0008936005
       98.0000000000        0.0008743596
       99.0000000000        0.0008589076
      100.0000000000        0.0008419556
      101.0000000000        0.0008248935
      102.0000000000        0.0008093119
      103.0000000000        0.0007923696
      104.0000000000        0.0007755538
      105.0000000000        0.0007564446
      106.0000000000        0.0007427623
      107.0000000000        0.0007254537
      108.0000000000        0.0007108141
      109.0000000000        0.0006951400
      110.0000000000        0.0006797819
      111.0000000000        0.0006638910
      112.0000000000        0.0006496038
      113.0000000000        0.0006376137
      114.0000000000        0.0006226113
      115.0000000000        0.0006083801
      116.0000000000        0.0005948694
      117.0000000000        0.0005821632
      118.0000000000        0.0005681972
      119.0000000000        0.0005588138
      120.0000000000        0.0005468007
      121.0000000000        0.0005335374
      122.0000000000        0.0005207025
      123.0000000000        0.0005106771
      124.0000000000        0.0004977866
      125.0000000000        0.0004876222
      126.0000000000        0.0004776997
      127.0000000000        0.0004675986
      128.0000000000        0.0004579953
      129.0000000000        0.0004484988
      130.0000000000        0.0004391345
      131.0000000000        0.0004293602
      132.0000000000        0.0004212113
      133.0000000000        0.0004123464
      134.0000000000        0.0004039942
      135.0000000000        0.0003935704
      136.0000000000        0.0003831397
      137.0000000000        0.0003740908
      138.0000000000        0.0003665360
      139.0000000000        0.0003569308
      140.0000000000        0.0003481257
      141.0000000000        0.0003379149
      142.0000000000        0.0003306447
      143.0000000000        0.0003226952
      144.0000000000        0.0003143672
      145.0000000000        0.0003044044
      146.0000000000        0.0002953830
      147.0000000000        0.0002913691
      148.0000000000        0.0002844370
      149.0000000000        0.0002763959
      150.0000000000        0.0002694198
      151.0000000000        0.0002650833
      152.0000000000        0.0002604635
      153.0000000000        0.0002531689
      154.0000000000        0.0002461042
      155.0000000000        0.0002381565
      156.0000000000        0.0002317742
      157.0000000000        0.0002276174
      158.0000000000        0.0002198489
      159.0000000000        0.0002128100
      160.0000000000        0.0002082559
      161.0000000000        0.0002012924
      162.0000000000        0.0001961552
      163.0000000000        0.0001908626
      164.0000000000        0.0001875015
      165.0000000000        0.0001825025
      166.0000000000        0.0001775086
      167.0000000000        0.0001726050
      168.0000000000        0.0001677948
      169.0000000000        0.0001610491
      170.0000000000        0.0001576904
      171.0000000000        0.0001543340
      172.0000000000        0.0001512075
      173.0000000000        0.0001476763
      174.0000000000        0.0001427565
      175.0000000000        0.0001381066
      176.0000000000        0.0001320844
      177.0000000000        0.0001279713
      178.0000000000        0.0001258410
      179.0000000000        0.0001227678
      180.0000000000        0.0001176516
      181.0000000000        0.0001136986
      182.0000000000        0.0001087616
      183.0000000000        0.0001044298
      184.0000000000        0.0001007320
      185.0000000000        0.0000986882
      186.0000000000        0.0000931189
      187.0000000000        0.0000899131
      188.0000000000        0.0000870577
      189.0000000000        0.0000842807
      190.0000000000        0.0000805034
      191.0000000000        0.0000765122
      192.0000000000        0.0000745249
      193.0000000000        0.0000718726
      194.0000000000        0.0000717086
      195.0000000000        0.0000683355
      196.0000000000        0.0000638785
      197.0000000000        0.0000600223
      198.0000000000        0.0000578655
      199.0000000000        0.0000569358
      200.0000000000        0.0000521065
      201.0000000000        0.0000476963
      202.0000000000        0.0000474431
      203.0000000000        0.0000460039
      204.0000000000        0.0000448521
      205.0000000000        0.0000421735
      206.0000000000        0.0000389513
      207.0000000000        0.0000354782
      208.0000000000        0.0000341044
      209.0000000000        0.0000317877
      210.0000000000        0.0000302356
      211.0000000000        0.0000259290
      212.0000000000        0.0000243893
      213.0000000000        0.0000196362
      214.0000000000        0.0000182464
      215.0000000000        0.0000168177
      216.0000000000        0.0000181385
      217.0000000000        0.0000163906
      218.0000000000        0.0000137997
      219.0000000000        0.0000125448
      220.0000000000        0.0000125102
      221.0000000000        0.0000125946
      222.0000000000        0.0000110208
      223.0000000000        0.0000084572
      224.0000000000        0.0000082127
      225.0000000000        0.0000063771
      226.0000000000        0.0000028972
      227.0000000000        0.0000020678
      228.0000000000       -0.0000015793
      229.0000000000       -0.0000004278
      230.0000000000       -0.0000034188
      231.0000000000       -0.0000018111
      232.0000000000       -0.0000036263
      233.0000000000       -0.0000072825
      234.0000000000       -0.0000061495
      235.0000000000       -0.0000063412
      236.0000000000       -0.0000045448
      237.0000000000       -0.0000038967
      238.0000000000       -0.0000025477
      239.0000000000       -0.0000036365
      240.0000000000       -0.0000064978
      241.0000000000       -0.0000074422
      242.0000000000       -0.0000071679
      243.0000000000       -0.0000068839
      244.0000000000       -0.0000087861
      245.0000000000       -0.0000076687
      246.0000000000       -0.0000072920
      247.0000000000       -0.0000072256
      248.0000000000       -0.0000084223
      249.0000000000       -0.0000080449
      250.0000000000       -0.0000110175
      251.0000000000       -0.0000102229
      252.0000000000       -0.0000115486
      253.0000000000       -0.0000130204
      254.0000000000       -0.0000103187
      255.0000000000       -0.0000103753
      256.0000000000       -0.0000131040
