     -255.0000000000       -0.0004845953       -0.0004667381       -0.0004680132       -0.0004812262       -0.0004874943       -0.0004737161       -0.0004613049       -0.0004540793
     -254.0000000000       -0.0004753663       -0.0004646616       -0.0004670538       -0.0004788869       -0.0004857846       -0.0004857428       -0.0004628216       -0.0004471762
     -253.0000000000       -0.0004703669       -0.0004813109       -0.0004676679       -0.0004860132       -0.0004772216       -0.0004897715       -0.0004598929       -0.0004383145
     -252.0000000000       -0.0004767315       -0.0004884711       -0.0004733436       -0.0004851162       -0.0004762915       -0.0004772404       -0.0004681644       -0.0004337969
     -251.0000000000       -0.0004806077       -0.0004822878       -0.0004882614       -0.0004863776       -0.0004809338       -0.0004759220       -0.0004716678       -0.0004303449
     -250.0000000000       -0.0004767072       -0.0004804736       -0.0004972095       -0.0004893439       -0.0004824632       -0.0004847938       -0.0004766680       -0.0004367872
     -249.0000000000       -0.0004775393       -0.0004909822       -0.0005031436       -0.0004885722       -0.0004763933       -0.0004700070       -0.0004629706       -0.0004415018
     -248.0000000000       -0.0004830249       -0.0004843556       -0.0004997746       -0.0004900537       -0.0004762037       -0.0004628613       -0.0004555280       -0.0004425751
     -247.0000000000       -0.0004862492       -0.0004770957       -0.0004864517       -0.0004881732       -0.0004684677       -0.0004616806       -0.0004546194       -0.0004446196
     -246.0000000000       -0.0004907690       -0.0004793388       -0.0004808959       -0.0004818850       -0.0004674832       -0.0004673966       -0.0004537322       -0.0004522507
     -245.0000000000       -0.0004888036       -0.0004750714       -0.0004869890       -0.0004813524       -0.0004746344       -0.0004691081       -0.0004473790       -0.0004541133
     -244.0000000000       -0.0004959001       -0.0004812516       -0.0004940864       -0.0004756649       -0.0004753939       -0.0004600325       -0.0004436905       -0.0004521453
     -243.0000000000       -0.0004986955       -0.0004845288       -0.0004996295       -0.0004690474       -0.0004697096       -0.0004609148       -0.0004463968       -0.0004584009
     -242.0000000000       -0.0004956189       -0.0004745317       -0.0004907005       -0.0004672530       -0.0004695552       -0.0004749703       -0.0004557096       -0.0004486177
     -241.0000000000       -0.0004897442       -0.0004618061       -0.0004828365       -0.0004791641       -0.0004732456       -0.0004712506       -0.0004564904       -0.0004331668
     -240.0000000000       -0.0004773732       -0.0004697346       -0.0004754465       -0.0004827786       -0.0004719050       -0.0004567148       -0.0004511741       -0.0004327226
     -239.0000000000       -0.0004791712       -0.0004884088       -0.0004730047       -0.0004804387       -0.0004719373       -0.0004460305       -0.0004488436       -0.0004346803
     -238.0000000000       -0.0004864272       -0.0004899456       -0.0004767297       -0.0004743546       -0.0004713915       -0.0004580580       -0.0004573027       -0.0004251957
     -237.0000000000       -0.0004882703       -0.0004908841       -0.0004734442       -0.0004782985       -0.0004844920       -0.0004792658       -0.0004571583       -0.0004279825
     -236.0000000000       -0.0004935106       -0.0004919094       -0.0004697525       -0.0004818920       -0.0004830758       -0.0004762341       -0.0004468155       -0.0004314536
     -235.0000000000       -0.0004892248       -0.0004826154       -0.0004849741       -0.0004818218       -0.0004760157       -0.0004669820       -0.0004521605       -0.0004347777
     -234.0000000000       -0.0004827066       -0.0004837900       -0.0004958843       -0.0004801305       -0.0004730079       -0.0004574126       -0.0004666897       -0.0004301835
     -233.0000000000       -0.0004807571       -0.0004829131       -0.0004914374       -0.0004815710       -0.0004677536       -0.0004529686       -0.0004650880       -0.0004287688
     -232.0000000000       -0.0004787337       -0.0004976719       -0.0004904453       -0.0004864934       -0.0004651666       -0.0004643902       -0.0004605587       -0.0004345357
     -231.0000000000       -0.0004877762       -0.0005031044       -0.0004826695       -0.0004918220       -0.0004701437       -0.0004706780       -0.0004498079       -0.0004438690
     -230.0000000000       -0.0004913047       -0.0004950298       -0.0004805751       -0.0004940574       -0.0004699808       -0.0004760653       -0.0004497091       -0.0004488648
     -229.0000000000       -0.0004967722       -0.0004839300       -0.0004803234       -0.0004843266       -0.0004723299       -0.0004755773       -0.0004563764       -0.0004493960
     -228.0000000000       -0.0004987608       -0.0004857745       -0.0004786629       -0.0004774263       -0.0004604781       -0.0004791115       -0.0004716207       -0.0004429065
     -227.0000000000       -0.0004974671       -0.0004916712       -0.0004825924       -0.0004811734       -0.0004543774       -0.0004762748       -0.0004709782       -0.0004366403
     -226.0000000000       -0.0004836650       -0.0004956464       -0.0004775591       -0.0004850845       -0.0004641048       -0.0004767607       -0.0004492113       -0.0004408675
     -225.0000000000       -0.0004893222       -0.0004838624       -0.0004710264       -0.0004744980       -0.0004760586       -0.0004643696       -0.0004400289       -0.0004406557
     -224.0000000000       -0.0004833220       -0.0004809982       -0.0004717974       -0.0004771662       -0.0004672199       -0.0004556163       -0.0004413134       -0.0004367066
     -223.0000000000       -0.0004711545       -0.0004779909       -0.0004908842       -0.0004841458       -0.0004618028       -0.0004574666       -0.0004478752       -0.0004397274
     -222.0000000000       -0.0004654113       -0.0004746127       -0.0004845012       -0.0004772229       -0.0004690768       -0.0004544267       -0.0004465051       -0.0004409401
     -221.0000000000       -0.0004730433       -0.0004713673       -0.0004803025       -0.0004628997       -0.0004794395       -0.0004580704       -0.0004466248       -0.0004348211
     -220.0000000000       -0.0004874244       -0.0004761704       -0.0004815016       -0.0004567343       -0.0004887418       -0.0004740314       -0.0004577375       -0.0004220172
     -219.0000000000       -0.0004895836       -0.0004877242       -0.0004844760       -0.0004597426       -0.0004859732       -0.0004750227       -0.0004658225       -0.0004185046
     -218.0000000000       -0.0004924771       -0.0004873753       -0.0004967374       -0.0004717877       -0.0004837764       -0.0004732053       -0.0004556741       -0.0004264831
     -217.0000000000       -0.0004885839       -0.0004854753       -0.0004932327       -0.0004826535       -0.0004869841       -0.0004732895       -0.0004372982       -0.0004349232
     -216.0000000000       -0.0004867857       -0.0004908574       -0.0004949072       -0.0004763829       -0.0004764013       -0.0004650610       -0.0004316573       -0.0004344844
     -215.0000000000       -0.0004814472       -0.0004919815       -0.0004913868       -0.0004785392       -0.0004695468       -0.0004661293       -0.0004411358       -0.0004228387
     -214.0000000000       -0.0004752751       -0.0004875511       -0.0004790644       -0.0004856330       -0.0004700013       -0.0004745957       -0.0004364034       -0.0004180255
     -213.0000000000       -0.0004725917       -0.0004823491       -0.0004775200       -0.0004891339       -0.0004619928       -0.0004689537       -0.0004282322       -0.0004169277
     -212.0000000000       -0.0004647570       -0.0004792619       -0.0004908104       -0.0004848325       -0.0004613713       -0.0004661179       -0.0004297977       -0.0004119466
     -211.0000000000       -0.0004631737       -0.0004951584       -0.0005014781       -0.0004865140       -0.0004581563       -0.0004619110       -0.0004339212       -0.0004075027
     -210.0000000000       -0.0004756984       -0.0004983252       -0.0004865100       -0.0004841130       -0.0004604290       -0.0004587358       -0.0004393069       -0.0004167653
     -209.0000000000       -0.0004721449       -0.0004891341       -0.0004738929       -0.0004769577       -0.0004635698       -0.0004586461       -0.0004465198       -0.0004158898
     -208.0000000000       -0.0004764738       -0.0004841350       -0.0004888615       -0.0004776923       -0.0004657967       -0.0004524122       -0.0004335617       -0.0004118079
     -207.0000000000       -0.0004801013       -0.0004735955       -0.0004907110       -0.0004805129       -0.0004670887       -0.0004578971       -0.0004294719       -0.0004151692
     -206.0000000000       -0.0004783925       -0.0004757530       -0.0004853247       -0.0004781530       -0.0004635477       -0.0004542294       -0.0004399023       -0.0004092498
     -205.0000000000       -0.0004920014       -0.0004855980       -0.0004826763       -0.0004772059       -0.0004704377       -0.0004481772       -0.0004360848       -0.0004067609
     -204.0000000000       -0.0004954199       -0.0004867972       -0.0004768117       -0.0004756527       -0.0004675133       -0.0004538649       -0.0004315556       -0.0004069074
     -203.0000000000       -0.0004846303       -0.0004886340       -0.0004792025       -0.0004680968       -0.0004644076       -0.0004573006       -0.0004185333       -0.0004060407
     -202.0000000000       -0.0004793502       -0.0004873075       -0.0004924665       -0.0004648496       -0.0004669466       -0.0004562237       -0.0004304171       -0.0004009269
     -201.0000000000       -0.0004812747       -0.0004841702       -0.0004778933       -0.0004710695       -0.0004663342       -0.0004533422       -0.0004381528       -0.0003884211
     -200.0000000000       -0.0004834704       -0.0004799834       -0.0004717330       -0.0004737159       -0.0004657738       -0.0004541387       -0.0004252362       -0.0003930123
     -199.0000000000       -0.0004873801       -0.0004799305       -0.0004761874       -0.0004781760       -0.0004681467       -0.0004547703       -0.0004053372       -0.0003918723
     -198.0000000000       -0.0004917485       -0.0004834209       -0.0004837448       -0.0004753625       -0.0004638111       -0.0004566234       -0.0004046187       -0.0003879061
     -197.0000000000       -0.0004858304       -0.0004905153       -0.0004931820       -0.0004775761       -0.0004599613       -0.0004414897       -0.0004087753       -0.0003894292
     -196.0000000000       -0.0004791614       -0.0004905225       -0.0004851315       -0.0004793200       -0.0004487696       -0.0004402102       -0.0004123376       -0.0003945230
     -195.0000000000       -0.0004714555       -0.0004856899       -0.0004754147       -0.0004729257       -0.0004519824       -0.0004302295       -0.0004036442       -0.0003886675
     -194.0000000000       -0.0004671199       -0.0004828923       -0.0004703021       -0.0004748845       -0.0004460409       -0.0004220932       -0.0004191128       -0.0003831150
     -193.0000000000       -0.0004766679       -0.0004847580       -0.0004810017       -0.0004734941       -0.0004562428       -0.0004205934       -0.0004196078       -0.0003752982
     -192.0000000000       -0.0004784752       -0.0004879525       -0.0004928037       -0.0004748993       -0.0004650686       -0.0004169796       -0.0003987679       -0.0003779236
     -191.0000000000       -0.0004785407       -0.0004935010       -0.0004935718       -0.0004773980       -0.0004671084       -0.0004247733       -0.0003955498       -0.0003840617
     -190.0000000000       -0.0004787466       -0.0004907337       -0.0004910815       -0.0004703099       -0.0004668050       -0.0004290850       -0.0003995088       -0.0003788750
     -189.0000000000       -0.0004825181       -0.0004813118       -0.0004823099       -0.0004631697       -0.0004621060       -0.0004187928       -0.0004010538       -0.0003698992
     -188.0000000000       -0.0004757701       -0.0004741868       -0.0004877581       -0.0004623439       -0.0004688415       -0.0004156343       -0.0003965686       -0.0003694382
     -187.0000000000       -0.0004612479       -0.0004758935       -0.0004861475       -0.0004654506       -0.0004640937       -0.0004209480       -0.0003927473       -0.0003609899
     -186.0000000000       -0.0004719045       -0.0004645664       -0.0004771316       -0.0004757305       -0.0004634015       -0.0004236795       -0.0003879263       -0.0003560392
     -185.0000000000       -0.0004799972       -0.0004567279       -0.0004763387       -0.0004776957       -0.0004506937       -0.0004199137       -0.0003839749       -0.0003586047
     -184.0000000000       -0.0004811905       -0.0004650171       -0.0004784855       -0.0004738874       -0.0004399782       -0.0004170009       -0.0003811959       -0.0003568528
     -183.0000000000       -0.0004855234       -0.0004805828       -0.0004733126       -0.0004696616       -0.0004435211       -0.0004023791       -0.0003731327       -0.0003506214
     -182.0000000000       -0.0004875739       -0.0004792654       -0.0004710926       -0.0004562602       -0.0004415644       -0.0004011363       -0.0003819555       -0.0003464451
     -181.0000000000       -0.0004878824       -0.0004728404       -0.0004613953       -0.0004630290       -0.0004306916       -0.0003984186       -0.0003805316       -0.0003411638
     -180.0000000000       -0.0004855037       -0.0004754537       -0.0004556395       -0.0004632901       -0.0004331436       -0.0004017304       -0.0003650884       -0.0003370445
     -179.0000000000       -0.0004793159       -0.0004682293       -0.0004593769       -0.0004601741       -0.0004337054       -0.0003907036       -0.0003677015       -0.0003384337
     -178.0000000000       -0.0004846752       -0.0004654138       -0.0004644327       -0.0004625887       -0.0004434062       -0.0003841902       -0.0003795493       -0.0003398965
     -177.0000000000       -0.0004875910       -0.0004698188       -0.0004689135       -0.0004508595       -0.0004402685       -0.0003874789       -0.0003875533       -0.0003342052
     -176.0000000000       -0.0004899974       -0.0004725202       -0.0004719867       -0.0004545238       -0.0004323907       -0.0003863927       -0.0003742158       -0.0003378430
     -175.0000000000       -0.0004857058       -0.0004754502       -0.0004684256       -0.0004617755       -0.0004302478       -0.0003972140       -0.0003688288       -0.0003380505
     -174.0000000000       -0.0004788962       -0.0004731984       -0.0004641847       -0.0004594862       -0.0004265541       -0.0004068056       -0.0003667059       -0.0003279174
     -173.0000000000       -0.0004744292       -0.0004713592       -0.0004614549       -0.0004605775       -0.0004317390       -0.0004028253       -0.0003685717       -0.0003141170
     -172.0000000000       -0.0004770759       -0.0004741671       -0.0004672462       -0.0004550695       -0.0004393047       -0.0003871807       -0.0003670139       -0.0003163589
     -171.0000000000       -0.0004695553       -0.0004802423       -0.0004727745       -0.0004483353       -0.0004318145       -0.0003899341       -0.0003650085       -0.0003191629
     -170.0000000000       -0.0004767897       -0.0004914258       -0.0004720532       -0.0004488558       -0.0004314000       -0.0003880991       -0.0003529397       -0.0003173832
     -169.0000000000       -0.0004842991       -0.0004865984       -0.0004673054       -0.0004468167       -0.0004275502       -0.0003817681       -0.0003426820       -0.0003192005
     -168.0000000000       -0.0004766447       -0.0004742477       -0.0004751208       -0.0004615222       -0.0004127025       -0.0003732198       -0.0003401028       -0.0003143123
     -167.0000000000       -0.0004756111       -0.0004702807       -0.0004776492       -0.0004525833       -0.0004131169       -0.0003729474       -0.0003335486       -0.0002994902
     -166.0000000000       -0.0004871926       -0.0004660748       -0.0004756743       -0.0004307420       -0.0004176019       -0.0003795506       -0.0003342955       -0.0002969251
     -165.0000000000       -0.0004975942       -0.0004690312       -0.0004760611       -0.0004259424       -0.0004106360       -0.0003732432       -0.0003238811       -0.0002970357
     -164.0000000000       -0.0004945752       -0.0004721146       -0.0004681082       -0.0004365662       -0.0004068710       -0.0003743251       -0.0003202871       -0.0002868989
     -163.0000000000       -0.0004813762       -0.0004695817       -0.0004773767       -0.0004500153       -0.0003984148       -0.0003743004       -0.0003228879       -0.0002773527
     -162.0000000000       -0.0004774740       -0.0004727528       -0.0004816109       -0.0004503095       -0.0003975241       -0.0003709146       -0.0003183218       -0.0002886913
     -161.0000000000       -0.0004787818       -0.0004734952       -0.0004662574       -0.0004409479       -0.0003996022       -0.0003735070       -0.0003078866       -0.0002848272
     -160.0000000000       -0.0004722007       -0.0004624069       -0.0004532581       -0.0004366752       -0.0004052446       -0.0003717617       -0.0003112945       -0.0002733033
     -159.0000000000       -0.0004703246       -0.0004712357       -0.0004571164       -0.0004315314       -0.0004034300       -0.0003666267       -0.0003139731       -0.0002571113
     -158.0000000000       -0.0004795282       -0.0004871138       -0.0004504752       -0.0004307132       -0.0003910725       -0.0003592910       -0.0003048306       -0.0002536005
     -157.0000000000       -0.0004748990       -0.0004941456       -0.0004587028       -0.0004360031       -0.0003786498       -0.0003401895       -0.0002989062       -0.0002571620
     -156.0000000000       -0.0004683218       -0.0004875102       -0.0004734871       -0.0004301542       -0.0003839161       -0.0003460242       -0.0002890730       -0.0002550649
     -155.0000000000       -0.0004741501       -0.0004791698       -0.0004728604       -0.0004220216       -0.0003904937       -0.0003506246       -0.0002855219       -0.0002650621
     -154.0000000000       -0.0004765537       -0.0004731401       -0.0004674796       -0.0004140154       -0.0003895939       -0.0003429537       -0.0002813198       -0.0002628642
     -153.0000000000       -0.0004756626       -0.0004824092       -0.0004672732       -0.0004237982       -0.0003766630       -0.0003309394       -0.0002781338       -0.0002389437
     -152.0000000000       -0.0004740586       -0.0004905284       -0.0004652437       -0.0004250855       -0.0003692375       -0.0003215095       -0.0002775536       -0.0002351586
     -151.0000000000       -0.0004747964       -0.0004955053       -0.0004693318       -0.0004127704       -0.0003692984       -0.0003106553       -0.0002714297       -0.0002428285
     -150.0000000000       -0.0004686186       -0.0004902977       -0.0004687751       -0.0004175562       -0.0003744532       -0.0003081580       -0.0002700562       -0.0002368564
     -149.0000000000       -0.0004782774       -0.0004928839       -0.0004543001       -0.0004192298       -0.0003847925       -0.0003075173       -0.0002633501       -0.0002202679
     -148.0000000000       -0.0004716078       -0.0004998963       -0.0004521886       -0.0004183789       -0.0003806999       -0.0003041940       -0.0002498012       -0.0002210373
     -147.0000000000       -0.0004628259       -0.0004955041       -0.0004540542       -0.0004264312       -0.0003600754       -0.0002947397       -0.0002376397       -0.0002280728
     -146.0000000000       -0.0004650913       -0.0004849492       -0.0004551370       -0.0004207469       -0.0003415688       -0.0002887441       -0.0002384409       -0.0002213298
     -145.0000000000       -0.0004768517       -0.0004713537       -0.0004498561       -0.0004162309       -0.0003324628       -0.0002847468       -0.0002448722       -0.0002118757
     -144.0000000000       -0.0004867014       -0.0004733376       -0.0004531353       -0.0004102537       -0.0003299924       -0.0002804756       -0.0002505050       -0.0001940305
     -143.0000000000       -0.0004871194       -0.0004783095       -0.0004625619       -0.0004019650       -0.0003278679       -0.0002628039       -0.0002457624       -0.0001810854
     -142.0000000000       -0.0004856566       -0.0004691641       -0.0004609976       -0.0004062338       -0.0003188808       -0.0002550007       -0.0002294035       -0.0001853426
     -141.0000000000       -0.0004821143       -0.0004597794       -0.0004464117       -0.0003962996       -0.0003152967       -0.0002707280       -0.0002195897       -0.0001835782
     -140.0000000000       -0.0004783275       -0.0004709873       -0.0004473440       -0.0003937407       -0.0003134763       -0.0002711580       -0.0002200987       -0.0001739010
     -139.0000000000       -0.0004771054       -0.0004763077       -0.0004494146       -0.0003935691       -0.0003129983       -0.0002614309       -0.0002099799       -0.0001712491
     -138.0000000000       -0.0004898879       -0.0004741838       -0.0004512562       -0.0003852800       -0.0003120247       -0.0002532823       -0.0002044121       -0.0001582759
     -137.0000000000       -0.0004894330       -0.0004824229       -0.0004540183       -0.0003765597       -0.0003078620       -0.0002487254       -0.0001957127       -0.0001585792
     -136.0000000000       -0.0004767236       -0.0004820385       -0.0004549519       -0.0003750539       -0.0003087045       -0.0002427432       -0.0001930417       -0.0001511391
     -135.0000000000       -0.0004827919       -0.0004766149       -0.0004476570       -0.0003748874       -0.0003083893       -0.0002274037       -0.0002004328       -0.0001313037
     -134.0000000000       -0.0004922727       -0.0004732636       -0.0004478491       -0.0003724257       -0.0002989784       -0.0002227847       -0.0002003246       -0.0001320670
     -133.0000000000       -0.0004891149       -0.0004716033       -0.0004459032       -0.0003697369       -0.0002820801       -0.0002260958       -0.0001863935       -0.0001283470
     -132.0000000000       -0.0004802958       -0.0004735742       -0.0004425128       -0.0003638298       -0.0002844440       -0.0002280221       -0.0001760691       -0.0001206084
     -131.0000000000       -0.0004784869       -0.0004723630       -0.0004344535       -0.0003586124       -0.0002818945       -0.0002103124       -0.0001699393       -0.0001147445
     -130.0000000000       -0.0004672255       -0.0004779243       -0.0004232729       -0.0003437421       -0.0002674455       -0.0001996824       -0.0001569144       -0.0001103901
     -129.0000000000       -0.0004716836       -0.0004774565       -0.0004249293       -0.0003392273       -0.0002556239       -0.0001924558       -0.0001500161       -0.0001075242
     -128.0000000000       -0.0004821381       -0.0004752384       -0.0004314796       -0.0003442192       -0.0002485057       -0.0001930363       -0.0001441055       -0.0001019004
     -127.0000000000       -0.0004841377       -0.0004745850       -0.0004267632       -0.0003372579       -0.0002385748       -0.0001919240       -0.0001334507       -0.0000912032
     -126.0000000000       -0.0004839006       -0.0004646328       -0.0004222417       -0.0003229833       -0.0002346648       -0.0001741010       -0.0001143297       -0.0000878409
     -125.0000000000       -0.0004824591       -0.0004697479       -0.0004188497       -0.0003168065       -0.0002208731       -0.0001725234       -0.0001121312       -0.0000840171
     -124.0000000000       -0.0004875328       -0.0004747154       -0.0004173816       -0.0003165852       -0.0002083490       -0.0001737979       -0.0001132740       -0.0000809260
     -123.0000000000       -0.0004830994       -0.0004709346       -0.0004161568       -0.0003172625       -0.0002138600       -0.0001649538       -0.0001086124       -0.0000680885
     -122.0000000000       -0.0004720052       -0.0004670395       -0.0004015130       -0.0003101072       -0.0002211997       -0.0001516623       -0.0000994515       -0.0000574359
     -121.0000000000       -0.0004787095       -0.0004546217       -0.0003999961       -0.0002941749       -0.0002235478       -0.0001378997       -0.0000868971       -0.0000575364
     -120.0000000000       -0.0004844198       -0.0004448728       -0.0004149815       -0.0002863193       -0.0002195113       -0.0001340951       -0.0000832799       -0.0000504673
     -119.0000000000       -0.0004766365       -0.0004589726       -0.0004014521       -0.0002887587       -0.0002104261       -0.0001233377       -0.0000745660       -0.0000460614
     -118.0000000000       -0.0004687123       -0.0004612294       -0.0003977757       -0.0002828066       -0.0001947911       -0.0001108774       -0.0000667808       -0.0000419115
     -117.0000000000       -0.0004697715       -0.0004650272       -0.0003854752       -0.0002699161       -0.0001760260       -0.0001110913       -0.0000581662       -0.0000347056
     -116.0000000000       -0.0004785659       -0.0004595357       -0.0003671716       -0.0002678572       -0.0001742414       -0.0001054155       -0.0000548871       -0.0000176170
     -115.0000000000       -0.0004872183       -0.0004637565       -0.0003663555       -0.0002655043       -0.0001754011       -0.0001011952       -0.0000493743       -0.0000120500
     -114.0000000000       -0.0004877474       -0.0004702542       -0.0003683864       -0.0002481812       -0.0001604113       -0.0000903273       -0.0000394182       -0.0000089291
     -113.0000000000       -0.0004877438       -0.0004690755       -0.0003664394       -0.0002395171       -0.0001458454       -0.0000750072       -0.0000389613       -0.0000061127
     -112.0000000000       -0.0004849253       -0.0004589344       -0.0003631199       -0.0002404458       -0.0001365005       -0.0000578825       -0.0000267280        0.0000091765
     -111.0000000000       -0.0004887398       -0.0004575010       -0.0003453936       -0.0002330787       -0.0001286035       -0.0000481626       -0.0000165601        0.0000176629
     -110.0000000000       -0.0004994227       -0.0004535472       -0.0003404969       -0.0002221295       -0.0001112922       -0.0000553210       -0.0000105445        0.0000231608
     -109.0000000000       -0.0005091188       -0.0004571806       -0.0003408002       -0.0002090475       -0.0001079950       -0.0000521265       -0.0000004797        0.0000369174
     -108.0000000000       -0.0004931218       -0.0004705125       -0.0003368450       -0.0001825135       -0.0001117647       -0.0000380879        0.0000081490        0.0000488310
     -107.0000000000       -0.0004794818       -0.0004740310       -0.0003290638       -0.0001844122       -0.0001004186       -0.0000209893        0.0000175292        0.0000549967
     -106.0000000000       -0.0004823929       -0.0004683371       -0.0003251348       -0.0001953568       -0.0000744978       -0.0000073764        0.0000290795        0.0000547323
     -105.0000000000       -0.0004824789       -0.0004569597       -0.0003221627       -0.0001857406       -0.0000505732        0.0000063442        0.0000359052        0.0000611577
     -104.0000000000       -0.0004743495       -0.0004461975       -0.0003152727       -0.0001694813       -0.0000509953        0.0000109135        0.0000542168        0.0000690691
     -103.0000000000       -0.0004685468       -0.0004483248       -0.0003039842       -0.0001527532       -0.0000551448        0.0000176676        0.0000661827        0.0000774591
     -102.0000000000       -0.0004658939       -0.0004364179       -0.0002890265       -0.0001317068       -0.0000457124        0.0000214838        0.0000708931        0.0000870106
     -101.0000000000       -0.0004675793       -0.0004267792       -0.0002805964       -0.0001290226       -0.0000279575        0.0000276408        0.0000775290        0.0000951940
     -100.0000000000       -0.0004721834       -0.0004311393       -0.0002785844       -0.0001247163       -0.0000176233        0.0000385754        0.0000746720        0.0001040211
      -99.0000000000       -0.0004764562       -0.0004280990       -0.0002751716       -0.0001110261       -0.0000038087        0.0000515297        0.0000692939        0.0001048578
      -98.0000000000       -0.0004774424       -0.0004285222       -0.0002634469       -0.0000931125        0.0000148911        0.0000708627        0.0000829970        0.0001183765
      -97.0000000000       -0.0004787396       -0.0004343554       -0.0002492183       -0.0000768267        0.0000220430        0.0000828482        0.0000994116        0.0001318972
      -96.0000000000       -0.0004998298       -0.0004362384       -0.0002362043       -0.0000573147        0.0000187452        0.0000906916        0.0001203031        0.0001336822
      -95.0000000000       -0.0004997048       -0.0004339003       -0.0002192051       -0.0000436248        0.0000137080        0.0000940381        0.0001376224        0.0001280944
      -94.0000000000       -0.0004853462       -0.0004284536       -0.0002093556       -0.0000357712        0.0000346304        0.0001110270        0.0001412364        0.0001353724
      -93.0000000000       -0.0004790036       -0.0004250393       -0.0002065327       -0.0000218632        0.0000493552        0.0001250071        0.0001500824        0.0001556379
      -92.0000000000       -0.0004763924       -0.0004169606       -0.0001925419       -0.0000251764        0.0000567445        0.0001284422        0.0001596562        0.0001673705
      -91.0000000000       -0.0004758661       -0.0004060478       -0.0001819261       -0.0000202412        0.0000714541        0.0001273262        0.0001670344        0.0001765745
      -90.0000000000       -0.0004730598       -0.0004026145       -0.0001676756        0.0000045576        0.0000828603        0.0001362772        0.0001744155        0.0001706949
      -89.0000000000       -0.0004678466       -0.0003920618       -0.0001544065        0.0000097216        0.0001000033        0.0001483669        0.0001790077        0.0001819263
      -88.0000000000       -0.0004736699       -0.0003834811       -0.0001427412        0.0000209132        0.0001217127        0.0001654721        0.0001909870        0.0001922036
      -87.0000000000       -0.0004762854       -0.0003870569       -0.0001305343        0.0000261589        0.0001368052        0.0001881825        0.0002034810        0.0001966707
      -86.0000000000       -0.0004810551       -0.0003921629       -0.0001111819        0.0000445393        0.0001475840        0.0001987616        0.0002039767        0.0002137084
      -85.0000000000       -0.0004824166       -0.0003855401       -0.0000929253        0.0000652314        0.0001610325        0.0002008201        0.0002011083        0.0002143944
      -84.0000000000       -0.0004808796       -0.0003752869       -0.0000813837        0.0000759510        0.0001727800        0.0002099392        0.0002084345        0.0002118651
      -83.0000000000       -0.0004798807       -0.0003604998       -0.0000700880        0.0000956958        0.0001900329        0.0002154217        0.0002217469        0.0002268594
      -82.0000000000       -0.0004704879       -0.0003544435       -0.0000564975        0.0001180571        0.0002050458        0.0002217348        0.0002359442        0.0002380328
      -81.0000000000       -0.0004709322       -0.0003422175       -0.0000322985        0.0001272032        0.0002110450        0.0002353035        0.0002551466        0.0002461163
      -80.0000000000       -0.0004730089       -0.0003261605       -0.0000140994        0.0001396708        0.0002311073        0.0002459270        0.0002775315        0.0002541555
      -79.0000000000       -0.0004776817       -0.0003244639        0.0000072349        0.0001679352        0.0002529017        0.0002563317        0.0002798964        0.0002621087
      -78.0000000000       -0.0004843691       -0.0003171648        0.0000209714        0.0001987658        0.0002570973        0.0002722011        0.0002955567        0.0002790399
      -77.0000000000       -0.0004858579       -0.0003029936        0.0000319100        0.0002175807        0.0002602824        0.0002858205        0.0003041801        0.0002861586
      -76.0000000000       -0.0004822269       -0.0002879255        0.0000642751        0.0002208636        0.0002736458        0.0002881443        0.0002998140        0.0002910158
      -75.0000000000       -0.0004750635       -0.0002757176        0.0000893741        0.0002214931        0.0002851682        0.0003114806        0.0003029630        0.0002989211
      -74.0000000000       -0.0004836455       -0.0002669086        0.0001019835        0.0002339577        0.0003007988        0.0003212077        0.0003124158        0.0002901810
      -73.0000000000       -0.0004902444       -0.0002544176        0.0001153796        0.0002604150        0.0003216652        0.0003307508        0.0003270655        0.0002933857
      -72.0000000000       -0.0004878156       -0.0002313884        0.0001323268        0.0002894453        0.0003348070        0.0003374241        0.0003317962        0.0003147318
      -71.0000000000       -0.0004797430       -0.0002106920        0.0001600327        0.0003059849        0.0003515135        0.0003581809        0.0003431645        0.0003298444
      -70.0000000000       -0.0004839300       -0.0001905836        0.0001886500        0.0003241447        0.0003629504        0.0003806014        0.0003597272        0.0003504194
      -69.0000000000       -0.0004820548       -0.0001707160        0.0002079796        0.0003415906        0.0003795952        0.0003837001        0.0003700997        0.0003516843
      -68.0000000000       -0.0004931355       -0.0001474637        0.0002248164        0.0003515830        0.0003887303        0.0003900632        0.0003685957        0.0003503215
      -67.0000000000       -0.0005101353       -0.0001359527        0.0002451899        0.0003668817        0.0003955265        0.0004022758        0.0003713165        0.0003661507
      -66.0000000000       -0.0005049764       -0.0001161549        0.0002668389        0.0003915190        0.0004148127        0.0004127507        0.0003788078        0.0003665281
      -65.0000000000       -0.0004938184       -0.0001001917        0.0002907913        0.0004227202        0.0004410019        0.0004092902        0.0003823927        0.0003709157
      -64.0000000000       -0.0004816352       -0.0000601920        0.0003102369        0.0004431294        0.0004573168        0.0004133803        0.0003966315        0.0003861899
      -63.0000000000       -0.0004780808       -0.0000200393        0.0003392514        0.0004561370        0.0004553672        0.0004301409        0.0004139065        0.0003980757
      -62.0000000000       -0.0004754341        0.0000044159        0.0003778544        0.0004693069        0.0004657771        0.0004427900        0.0004224500        0.0003970724
      -61.0000000000       -0.0004738272        0.0000208554        0.0004102589        0.0004804908        0.0004900386        0.0004581609        0.0004289833        0.0004042770
      -60.0000000000       -0.0004720615        0.0000511803        0.0004291712        0.0005041710        0.0005127846        0.0004718589        0.0004326834        0.0004125833
      -59.0000000000       -0.0004795061        0.0000768614        0.0004475390        0.0005330436        0.0005230689        0.0004838288        0.0004407070        0.0004145026
      -58.0000000000       -0.0004931861        0.0001151177        0.0004699547        0.0005435126        0.0005335024        0.0005026006        0.0004534482        0.0004228685
      -57.0000000000       -0.0004875268        0.0001547562        0.0004981409        0.0005468768        0.0005453539        0.0005136320        0.0004618436        0.0004337377
      -56.0000000000       -0.0004755447        0.0001947478        0.0005332099        0.0005615948        0.0005527709        0.0005241777        0.0004785944        0.0004354359
      -55.0000000000       -0.0004713054        0.0002307684        0.0005579241        0.0005862070        0.0005706895        0.0005367016        0.0004871847        0.0004282028
      -54.0000000000       -0.0004804189        0.0002649957        0.0005810549        0.0006083887        0.0005859225        0.0005376905        0.0004876460        0.0004328455
      -53.0000000000       -0.0004788820        0.0002909918        0.0005977621        0.0006306902        0.0005924502        0.0005447062        0.0004920043        0.0004414529
      -52.0000000000       -0.0004679617        0.0003306965        0.0006162091        0.0006513807        0.0006064998        0.0005540370        0.0005060262        0.0004588677
      -51.0000000000       -0.0004627819        0.0003792720        0.0006536777        0.0006660098        0.0006255467        0.0005568683        0.0005262912        0.0004687924
      -50.0000000000       -0.0004725262        0.0004319721        0.0006933309        0.0006795617        0.0006419800        0.0005632991        0.0005437576        0.0004637702
      -49.0000000000       -0.0004733029        0.0004787294        0.0007174121        0.0006974298        0.0006522258        0.0005902261        0.0005505807        0.0004648252
      -48.0000000000       -0.0004808741        0.0005172799        0.0007497212        0.0007153024        0.0006674018        0.0005964973        0.0005585131        0.0004792934
      -47.0000000000       -0.0004852097        0.0005549659        0.0007769013        0.0007352184        0.0006804480        0.0005910046        0.0005555580        0.0004961168
      -46.0000000000       -0.0004855571        0.0005862792        0.0008006984        0.0007626513        0.0006866997        0.0005995197        0.0005579467        0.0005070278
      -45.0000000000       -0.0004826955        0.0006424215        0.0008303269        0.0007795973        0.0006846882        0.0006286996        0.0005679208        0.0005023455
      -44.0000000000       -0.0004804086        0.0007007007        0.0008604232        0.0007986557        0.0006861217        0.0006461831        0.0005756419        0.0005120749
      -43.0000000000       -0.0004770397        0.0007419271        0.0008828616        0.0008174277        0.0007063924        0.0006404883        0.0005792156        0.0005310274
      -42.0000000000       -0.0004707532        0.0007933711        0.0009068276        0.0008334866        0.0007401681        0.0006484543        0.0005942955        0.0005287416
      -41.0000000000       -0.0004714431        0.0008560441        0.0009327637        0.0008474127        0.0007524868        0.0006654616        0.0005978559        0.0005210752
      -40.0000000000       -0.0004769970        0.0009024648        0.0009666857        0.0008605627        0.0007575013        0.0006823315        0.0005917845        0.0005268954
      -39.0000000000       -0.0004740709        0.0009463783        0.0009943474        0.0008706953        0.0007683079        0.0006934861        0.0005947236        0.0005447145
      -38.0000000000       -0.0004738386        0.0010142632        0.0010305415        0.0008892487        0.0007891737        0.0007004928        0.0006171918        0.0005556126
      -37.0000000000       -0.0004775961        0.0010762608        0.0010546769        0.0009211058        0.0008004337        0.0006999186        0.0006385618        0.0005607678
      -36.0000000000       -0.0004859870        0.0011296512        0.0010761075        0.0009433578        0.0008131839        0.0007110031        0.0006408293        0.0005642169
      -35.0000000000       -0.0004867012        0.0011914876        0.0011081137        0.0009555128        0.0008207624        0.0007193058        0.0006302199        0.0005658652
      -34.0000000000       -0.0004879149        0.0012541364        0.0011400543        0.0009631294        0.0008360162        0.0007294931        0.0006320353        0.0005732375
      -33.0000000000       -0.0004836241        0.0012977539        0.0011728510        0.0009717342        0.0008471763        0.0007309547        0.0006368390        0.0005755918
      -32.0000000000       -0.0004765169        0.0013530180        0.0011939546        0.0009825701        0.0008493124        0.0007391983        0.0006337958        0.0005698339
      -31.0000000000       -0.0004821092        0.0014232139        0.0012272690        0.0009939737        0.0008532357        0.0007485351        0.0006544991        0.0005784259
      -30.0000000000       -0.0004939760        0.0014870006        0.0012621694        0.0010042047        0.0008665888        0.0007470744        0.0006756280        0.0005917996
      -29.0000000000       -0.0004857692        0.0015475824        0.0012792785        0.0010199321        0.0008752510        0.0007561315        0.0006763114        0.0005894512
      -28.0000000000       -0.0004749174        0.0015934581        0.0013018938        0.0010375635        0.0008891519        0.0007791755        0.0006779914        0.0005861244
      -27.0000000000       -0.0004723336        0.0016367110        0.0013265098        0.0010662152        0.0008994052        0.0007882925        0.0006822697        0.0005860281
      -26.0000000000       -0.0004761324        0.0016988833        0.0013497033        0.0010883145        0.0009090591        0.0007860798        0.0006890448        0.0006066605
      -25.0000000000       -0.0004728598        0.0017595365        0.0013632001        0.0010926921        0.0009238177        0.0007878477        0.0006900063        0.0006145468
      -24.0000000000       -0.0004676364        0.0018105421        0.0013873361        0.0010991195        0.0009401193        0.0007982188        0.0006934125        0.0006052782
      -23.0000000000       -0.0004666658        0.0018803065        0.0014042968        0.0011141307        0.0009363777        0.0008069722        0.0007020014        0.0006004848
      -22.0000000000       -0.0004773060        0.0019282975        0.0014131888        0.0011233617        0.0009366818        0.0008113874        0.0007001369        0.0006039846
      -21.0000000000       -0.0004815229        0.0019799617        0.0014311980        0.0011299680        0.0009431470        0.0008164918        0.0007064949        0.0006055990
      -20.0000000000       -0.0004834185        0.0020418319        0.0014653707        0.0011352922        0.0009461781        0.0008071445        0.0006968827        0.0006125083
      -19.0000000000       -0.0004819058        0.0020861215        0.0014899910        0.0011393669        0.0009505001        0.0008075069        0.0006971112        0.0006183968
      -18.0000000000       -0.0004753752        0.0021276231        0.0014930174        0.0011618038        0.0009501008        0.0008189758        0.0007151419        0.0006187474
      -17.0000000000       -0.0004724811        0.0021661302        0.0015074451        0.0011765665        0.0009484272        0.0008168363        0.0007139796        0.0006267439
      -16.0000000000       -0.0004790567        0.0022043129        0.0015331545        0.0011857138        0.0009670536        0.0008163894        0.0007131661        0.0006386256
      -15.0000000000       -0.0004823383        0.0022467374        0.0015557270        0.0012026080        0.0009892799        0.0008255679        0.0007147194        0.0006440232
      -14.0000000000       -0.0004817968        0.0022894055        0.0015707277        0.0012146884        0.0009971986        0.0008216166        0.0007157972        0.0006407555
      -13.0000000000       -0.0004743956        0.0023177421        0.0015792915        0.0012252252        0.0009951322        0.0008139434        0.0007171465        0.0006368609
      -12.0000000000       -0.0004661075        0.0023609705        0.0015960711        0.0012260178        0.0010074155        0.0008257659        0.0007164421        0.0006398615
      -11.0000000000       -0.0004549974        0.0024090511        0.0016097072        0.0012245669        0.0010122078        0.0008432157        0.0007224057        0.0006513102
      -10.0000000000       -0.0004395561        0.0024338570        0.0016211790        0.0012348608        0.0010106062        0.0008623828        0.0007226288        0.0006464460
       -9.0000000000       -0.0004328577        0.0024593507        0.0016298374        0.0012306189        0.0010090891        0.0008606150        0.0007261925        0.0006452339
       -8.0000000000       -0.0004064658        0.0024868200        0.0016258700        0.0012365610        0.0010161057        0.0008520740        0.0007380515        0.0006451735
       -7.0000000000       -0.0003745268        0.0025138861        0.0016267701        0.0012483466        0.0010122713        0.0008513194        0.0007320486        0.0006513283
       -6.0000000000       -0.0003099935        0.0025332860        0.0016300966        0.0012584979        0.0010035317        0.0008546742        0.0007251279        0.0006512022
       -5.0000000000       -0.0001631796        0.0025437629        0.0016380244        0.0012590734        0.0010020799        0.0008579477        0.0007330558        0.0006564010
       -4.0000000000        0.0001685601        0.0025518684        0.0016417413        0.0012570220        0.0010012926        0.0008558644        0.0007385361        0.0006594307
       -3.0000000000        0.0011380073        0.0025602036        0.0016541523        0.0012558663        0.0010133125        0.0008563747        0.0007385314        0.0006517630
       -2.0000000000        0.0053706998        0.0025718367        0.0016627321        0.0012590010        0.0010160148        0.0008562437        0.0007419088        0.0006522594
       -1.0000000000        0.0522567610        0.0025912671        0.0016544060        0.0012596001        0.0010125373        0.0008545981        0.0007565847        0.0006581428
        0.0000000000        0.1223476215        0.0025953469        0.0016551930        0.0012547716        0.0010153993        0.0008492947        0.0007508371        0.0006564290
        1.0000000000        0.0522567610        0.0025824009        0.0016681310        0.0012529152        0.0010229523        0.0008490683        0.0007431117        0.0006541710
        2.0000000000        0.0053706998        0.0025767440        0.0016641151        0.0012571058        0.0010197303        0.0008503199        0.0007488865        0.0006514649
        3.0000000000        0.0011380073        0.0025578607        0.0016542768        0.0012687185        0.0010144251        0.0008538184        0.0007543551        0.0006438714
        4.0000000000        0.0001685601        0.0025460859        0.0016602597        0.0012635617        0.0010037912        0.0008641683        0.0007488595        0.0006475186
        5.0000000000       -0.0001631796        0.0025401770        0.0016511580        0.0012540302        0.0010058003        0.0008631456        0.0007411425        0.0006531244
        6.0000000000       -0.0003099935        0.0025271210        0.0016529944        0.0012499632        0.0010211579        0.0008587776        0.0007350534        0.0006497505
        7.0000000000       -0.0003745268        0.0025025290        0.0016505581        0.0012482838        0.0010131850        0.0008641312        0.0007277415        0.0006505558
        8.0000000000       -0.0004064658        0.0024834795        0.0016321423        0.0012407529        0.0010050872        0.0008635720        0.0007262223        0.0006543880
        9.0000000000       -0.0004328577        0.0024513117        0.0016223141        0.0012323254        0.0010098592        0.0008553981        0.0007349073        0.0006506383
       10.0000000000       -0.0004395561        0.0024141290        0.0016082677        0.0012301346        0.0010129170        0.0008549513        0.0007324414        0.0006403070
       11.0000000000       -0.0004549974        0.0024037455        0.0016010058        0.0012332873        0.0010150515        0.0008555963        0.0007327460        0.0006430884
       12.0000000000       -0.0004661075        0.0023795005        0.0015923963        0.0012344824        0.0010040526        0.0008502196        0.0007351673        0.0006401644
       13.0000000000       -0.0004743956        0.0023319754        0.0015819061        0.0012275994        0.0009886040        0.0008565556        0.0007310344        0.0006336903
       14.0000000000       -0.0004817968        0.0022941965        0.0015578303        0.0012233317        0.0009780532        0.0008469380        0.0007248532        0.0006254486
       15.0000000000       -0.0004823383        0.0022513758        0.0015488039        0.0012235091        0.0009809017        0.0008267520        0.0007138181        0.0006270101
       16.0000000000       -0.0004790567        0.0022096734        0.0015352213        0.0012079615        0.0009805372        0.0008191566        0.0007079282        0.0006245863
       17.0000000000       -0.0004724811        0.0021593021        0.0015281519        0.0011887355        0.0009674159        0.0008300317        0.0007127384        0.0006183021
       18.0000000000       -0.0004753752        0.0021122515        0.0015074179        0.0011758089        0.0009545663        0.0008364105        0.0007097257        0.0006110569
       19.0000000000       -0.0004819058        0.0020755392        0.0014843057        0.0011645579        0.0009493492        0.0008237918        0.0007058418        0.0006196785
       20.0000000000       -0.0004834185        0.0020329899        0.0014591975        0.0011542256        0.0009392384        0.0008136676        0.0007090384        0.0006236378
       21.0000000000       -0.0004815229        0.0019843967        0.0014388752        0.0011465361        0.0009345265        0.0008068631        0.0007047349        0.0006196919
       22.0000000000       -0.0004773060        0.0019249642        0.0014314641        0.0011301925        0.0009369403        0.0007979574        0.0006984873        0.0006190435
       23.0000000000       -0.0004666658        0.0018679695        0.0014110062        0.0011236720        0.0009479330        0.0007923454        0.0006983392        0.0006103688
       24.0000000000       -0.0004676364        0.0018106851        0.0013873079        0.0011078137        0.0009462043        0.0007830764        0.0006984783        0.0006135380
       25.0000000000       -0.0004728598        0.0017519367        0.0013627092        0.0010919291        0.0009223351        0.0007788380        0.0006858895        0.0006161638
       26.0000000000       -0.0004761324        0.0016955579        0.0013450690        0.0010800618        0.0009050809        0.0007731691        0.0006757684        0.0006088829
       27.0000000000       -0.0004723336        0.0016373228        0.0013180198        0.0010725033        0.0009058863        0.0007653110        0.0006714799        0.0006083055
       28.0000000000       -0.0004749174        0.0015861979        0.0012856416        0.0010610429        0.0009022178        0.0007639433        0.0006688369        0.0006044010
       29.0000000000       -0.0004857692        0.0015403626        0.0012532393        0.0010408324        0.0008819857        0.0007665944        0.0006625860        0.0005910357
       30.0000000000       -0.0004939760        0.0014830450        0.0012352154        0.0010139042        0.0008660458        0.0007560342        0.0006650172        0.0005776445
       31.0000000000       -0.0004821092        0.0014126846        0.0012218532        0.0009967014        0.0008586435        0.0007412200        0.0006594215        0.0005794769
       32.0000000000       -0.0004765169        0.0013392209        0.0011895915        0.0009945505        0.0008503729        0.0007472740        0.0006475419        0.0005696703
       33.0000000000       -0.0004836241        0.0012911839        0.0011544607        0.0009891786        0.0008313580        0.0007570473        0.0006372221        0.0005614354
       34.0000000000       -0.0004879149        0.0012443335        0.0011213129        0.0009780674        0.0008233016        0.0007449057        0.0006386692        0.0005571872
       35.0000000000       -0.0004867012        0.0011810424        0.0010965053        0.0009577414        0.0008308190        0.0007235023        0.0006357830        0.0005491856
       36.0000000000       -0.0004859870        0.0011253007        0.0010875904        0.0009419544        0.0008292717        0.0007113414        0.0006262986        0.0005503117
       37.0000000000       -0.0004775961        0.0010726056        0.0010561380        0.0009238205        0.0008115153        0.0006967493        0.0006216211        0.0005476263
       38.0000000000       -0.0004738386        0.0010218951        0.0010170483        0.0009099860        0.0007956319        0.0006895284        0.0006246941        0.0005449208
       39.0000000000       -0.0004740709        0.0009586326        0.0009917081        0.0008968062        0.0007765846        0.0006875677        0.0006173115        0.0005359221
       40.0000000000       -0.0004769970        0.0008996009        0.0009686173        0.0008800614        0.0007543045        0.0006774439        0.0005987584        0.0005342019
       41.0000000000       -0.0004714431        0.0008571690        0.0009427591        0.0008584316        0.0007509332        0.0006664368        0.0005947208        0.0005347013
       42.0000000000       -0.0004707532        0.0008053354        0.0009182622        0.0008229729        0.0007444410        0.0006577759        0.0005887317        0.0005218620
       43.0000000000       -0.0004770397        0.0007515862        0.0008845000        0.0007954788        0.0007275657        0.0006538794        0.0005787023        0.0005194220
       44.0000000000       -0.0004804086        0.0007003213        0.0008509684        0.0007986102        0.0007151810        0.0006426491        0.0005769967        0.0005152880
       45.0000000000       -0.0004826955        0.0006396699        0.0008284023        0.0007902377        0.0007079419        0.0006251530        0.0005703340        0.0005048002
       46.0000000000       -0.0004855571        0.0005978253        0.0007981495        0.0007656296        0.0006915573        0.0006226951        0.0005595253        0.0004966199
       47.0000000000       -0.0004852097        0.0005600614        0.0007590688        0.0007395130        0.0006736594        0.0006053509        0.0005432680        0.0004942683
       48.0000000000       -0.0004808741        0.0005130650        0.0007442329        0.0007107582        0.0006561763        0.0005929240        0.0005312136        0.0004981244
       49.0000000000       -0.0004733029        0.0004581505        0.0007176920        0.0006952945        0.0006567246        0.0005870953        0.0005311843        0.0005007014
       50.0000000000       -0.0004725262        0.0004084924        0.0006872014        0.0006845723        0.0006500953        0.0005774315        0.0005358676        0.0004883244
       51.0000000000       -0.0004627819        0.0003837761        0.0006580602        0.0006732546        0.0006395113        0.0005672652        0.0005288202        0.0004698717
       52.0000000000       -0.0004679617        0.0003507058        0.0006256306        0.0006529266        0.0006212368        0.0005481391        0.0005153155        0.0004621599
       53.0000000000       -0.0004788820        0.0003021021        0.0005957988        0.0006271103        0.0005971680        0.0005372831        0.0005152079        0.0004612330
       54.0000000000       -0.0004804189        0.0002593487        0.0005711099        0.0006053574        0.0005781017        0.0005415270        0.0005055514        0.0004520074
       55.0000000000       -0.0004713054        0.0002201316        0.0005483481        0.0005799174        0.0005610036        0.0005323610        0.0004847151        0.0004415219
       56.0000000000       -0.0004755447        0.0001809907        0.0005146875        0.0005735072        0.0005496750        0.0005198533        0.0004835646        0.0004500453
       57.0000000000       -0.0004875268        0.0001489814        0.0004775131        0.0005683620        0.0005496176        0.0005106080        0.0004702386        0.0004391566
       58.0000000000       -0.0004931861        0.0001179778        0.0004525858        0.0005447804        0.0005443756        0.0004913008        0.0004447749        0.0004099029
       59.0000000000       -0.0004795061        0.0000861165        0.0004392752        0.0005269012        0.0005180328        0.0004681001        0.0004428723        0.0003966320
       60.0000000000       -0.0004720615        0.0000533116        0.0004251415        0.0005121419        0.0005012803        0.0004597689        0.0004440709        0.0003978348
       61.0000000000       -0.0004738272        0.0000215761        0.0003876989        0.0004841032        0.0004914552        0.0004556395        0.0004345981        0.0003956529
       62.0000000000       -0.0004754341       -0.0000014589        0.0003540721        0.0004622162        0.0004685849        0.0004546400        0.0004146203        0.0003915028
       63.0000000000       -0.0004780808       -0.0000367020        0.0003368462        0.0004438702        0.0004653479        0.0004375532        0.0004041373        0.0003922825
       64.0000000000       -0.0004816352       -0.0000675180        0.0003256550        0.0004306285        0.0004573913        0.0004242585        0.0003967278        0.0003891410
       65.0000000000       -0.0004938184       -0.0000852310        0.0003067688        0.0004112788        0.0004343173        0.0004291048        0.0003984363        0.0003675869
       66.0000000000       -0.0005049764       -0.0000982796        0.0002772708        0.0003978781        0.0004150233        0.0004332423        0.0003960090        0.0003506501
       67.0000000000       -0.0005101353       -0.0001194487        0.0002491769        0.0003767820        0.0004052322        0.0004201561        0.0003861231        0.0003538008
       68.0000000000       -0.0004931355       -0.0001499735        0.0002345796        0.0003485471        0.0003856266        0.0003922795        0.0003714276        0.0003557388
       69.0000000000       -0.0004820548       -0.0001823485        0.0002125733        0.0003230196        0.0003646587        0.0003714546        0.0003574487        0.0003452965
       70.0000000000       -0.0004839300       -0.0002117054        0.0001842848        0.0003121286        0.0003501339        0.0003628538        0.0003520079        0.0003361617
       71.0000000000       -0.0004797430       -0.0002184775        0.0001686062        0.0003011527        0.0003306042        0.0003590116        0.0003389604        0.0003225847
       72.0000000000       -0.0004878156       -0.0002282879        0.0001388766        0.0002728096        0.0003157519        0.0003441019        0.0003239085        0.0003195213
       73.0000000000       -0.0004902444       -0.0002442676        0.0001110414        0.0002628019        0.0003093239        0.0003327398        0.0003229515        0.0003176739
       74.0000000000       -0.0004836455       -0.0002517495        0.0000939801        0.0002500562        0.0003001658        0.0003184459        0.0003160029        0.0003048937
       75.0000000000       -0.0004750635       -0.0002610256        0.0000800047        0.0002313339        0.0002823605        0.0003117693        0.0003037486        0.0002987274
       76.0000000000       -0.0004822269       -0.0002744729        0.0000594811        0.0002145121        0.0002720829        0.0003022659        0.0002957552        0.0002912770
       77.0000000000       -0.0004858579       -0.0002988135        0.0000383098        0.0002162022        0.0002651705        0.0002858073        0.0002821264        0.0002788744
       78.0000000000       -0.0004843691       -0.0003139777        0.0000224416        0.0002043156        0.0002486976        0.0002745779        0.0002766776        0.0002752313
       79.0000000000       -0.0004776817       -0.0003185901        0.0000012593        0.0001683727        0.0002297920        0.0002608166        0.0002769304        0.0002689474
       80.0000000000       -0.0004730089       -0.0003273377       -0.0000195058        0.0001399242        0.0002105319        0.0002436972        0.0002718205        0.0002647750
       81.0000000000       -0.0004709322       -0.0003327776       -0.0000317849        0.0001277031        0.0002044018        0.0002327105        0.0002557502        0.0002498955
       82.0000000000       -0.0004704879       -0.0003551359       -0.0000463876        0.0001148261        0.0001934468        0.0002234808        0.0002366934        0.0002309093
       83.0000000000       -0.0004798807       -0.0003730024       -0.0000695230        0.0000986871        0.0001793974        0.0002097238        0.0002301862        0.0002206810
       84.0000000000       -0.0004808796       -0.0003721812       -0.0000933770        0.0000756568        0.0001685315        0.0001981443        0.0002164741        0.0002185846
       85.0000000000       -0.0004824166       -0.0003684561       -0.0001008139        0.0000596498        0.0001619741        0.0001924219        0.0001980340        0.0002226245
       86.0000000000       -0.0004810551       -0.0003781195       -0.0001121668        0.0000540970        0.0001413947        0.0001856045        0.0001906691        0.0002099164
       87.0000000000       -0.0004762854       -0.0003824133       -0.0001280540        0.0000509104        0.0001233772        0.0001769797        0.0001870372        0.0002042782
       88.0000000000       -0.0004736699       -0.0003912623       -0.0001452312        0.0000507004        0.0001096859        0.0001654717        0.0001822661        0.0001857122
       89.0000000000       -0.0004678466       -0.0004038069       -0.0001627919        0.0000339079        0.0001003751        0.0001455234        0.0001765715        0.0001694546
       90.0000000000       -0.0004730598       -0.0004032687       -0.0001719918        0.0000067101        0.0000971032        0.0001394390        0.0001580218        0.0001737178
       91.0000000000       -0.0004758661       -0.0003955642       -0.0001732557       -0.0000110639        0.0000886843        0.0001286199        0.0001545269        0.0001835174
       92.0000000000       -0.0004763924       -0.0004142596       -0.0001814843       -0.0000197972        0.0000764491        0.0001191205        0.0001473226        0.0001821260
       93.0000000000       -0.0004790036       -0.0004288993       -0.0001929189       -0.0000326663        0.0000777198        0.0001127208        0.0001431433        0.0001647320
       94.0000000000       -0.0004853462       -0.0004264477       -0.0002167153       -0.0000411118        0.0000676906        0.0001083655        0.0001408931        0.0001555128
       95.0000000000       -0.0004997048       -0.0004380172       -0.0002371087       -0.0000498565        0.0000456355        0.0001046842        0.0001352607        0.0001537662
       96.0000000000       -0.0004998298       -0.0004483729       -0.0002531505       -0.0000708706        0.0000355730        0.0001000868        0.0001183451        0.0001388160
       97.0000000000       -0.0004787396       -0.0004466197       -0.0002564639       -0.0000965322        0.0000203125        0.0000819831        0.0001060846        0.0001242636
       98.0000000000       -0.0004774424       -0.0004375818       -0.0002640256       -0.0001137286        0.0000019798        0.0000642633        0.0000954347        0.0001200943
       99.0000000000       -0.0004764562       -0.0004331366       -0.0002710233       -0.0001153847       -0.0000055042        0.0000503660        0.0000894303        0.0001091944
      100.0000000000       -0.0004721834       -0.0004303458       -0.0002728613       -0.0001177783       -0.0000077458        0.0000357320        0.0000811332        0.0000986430
      101.0000000000       -0.0004675793       -0.0004333822       -0.0002804184       -0.0001347512       -0.0000110151        0.0000221625        0.0000661608        0.0001019300
      102.0000000000       -0.0004658939       -0.0004426230       -0.0002961668       -0.0001371107       -0.0000219041        0.0000083075        0.0000589778        0.0000907776
      103.0000000000       -0.0004685468       -0.0004579134       -0.0003010784       -0.0001487222       -0.0000341521        0.0000090151        0.0000505562        0.0000839890
      104.0000000000       -0.0004743495       -0.0004620390       -0.0003042049       -0.0001615183       -0.0000469640        0.0000084463        0.0000516934        0.0000776751
      105.0000000000       -0.0004824789       -0.0004608346       -0.0003225041       -0.0001717625       -0.0000657329       -0.0000052566        0.0000435623        0.0000695501
      106.0000000000       -0.0004823929       -0.0004591559       -0.0003355875       -0.0001863169       -0.0000803989       -0.0000230890        0.0000292048        0.0000583600
      107.0000000000       -0.0004794818       -0.0004582791       -0.0003401186       -0.0002025548       -0.0000955477       -0.0000304644        0.0000123135        0.0000428543
      108.0000000000       -0.0004931218       -0.0004570682       -0.0003353435       -0.0002117915       -0.0001026432       -0.0000334124        0.0000076144        0.0000301017
      109.0000000000       -0.0005091188       -0.0004628536       -0.0003333436       -0.0002186889       -0.0001043780       -0.0000454714        0.0000149289        0.0000341207
      110.0000000000       -0.0004994227       -0.0004608731       -0.0003427263       -0.0002155103       -0.0001163183       -0.0000586487        0.0000110765        0.0000340926
      111.0000000000       -0.0004887398       -0.0004548940       -0.0003576940       -0.0002179811       -0.0001347439       -0.0000632056       -0.0000060061        0.0000181523
      112.0000000000       -0.0004849253       -0.0004589950       -0.0003676802       -0.0002413898       -0.0001556385       -0.0000660527       -0.0000132717        0.0000102520
      113.0000000000       -0.0004877438       -0.0004667028       -0.0003759226       -0.0002615912       -0.0001691018       -0.0000700362       -0.0000189562        0.0000052263
      114.0000000000       -0.0004877474       -0.0004681797       -0.0003821597       -0.0002669763       -0.0001787884       -0.0000855810       -0.0000324444       -0.0000111359
      115.0000000000       -0.0004872183       -0.0004656159       -0.0003791458       -0.0002676833       -0.0001803594       -0.0000895503       -0.0000460547       -0.0000389549
      116.0000000000       -0.0004785659       -0.0004702353       -0.0003807093       -0.0002581085       -0.0001764319       -0.0000946808       -0.0000514110       -0.0000435554
      117.0000000000       -0.0004697715       -0.0004766391       -0.0003872250       -0.0002590100       -0.0001865560       -0.0001095122       -0.0000602329       -0.0000364928
      118.0000000000       -0.0004687123       -0.0004718458       -0.0003890070       -0.0002691414       -0.0001819612       -0.0001248800       -0.0000738867       -0.0000463764
      119.0000000000       -0.0004766365       -0.0004708912       -0.0003903733       -0.0002774533       -0.0001858305       -0.0001273255       -0.0000857363       -0.0000572315
      120.0000000000       -0.0004844198       -0.0004713006       -0.0004023139       -0.0002791763       -0.0002077609       -0.0001390100       -0.0000879022       -0.0000624659
      121.0000000000       -0.0004787095       -0.0004700573       -0.0004119721       -0.0002931198       -0.0002273656       -0.0001525703       -0.0000885824       -0.0000752180
      122.0000000000       -0.0004720052       -0.0004698379       -0.0004160399       -0.0003092064       -0.0002287234       -0.0001595098       -0.0001005435       -0.0000842284
      123.0000000000       -0.0004830994       -0.0004686084       -0.0004186201       -0.0003266134       -0.0002198957       -0.0001629771       -0.0001030373       -0.0000723185
      124.0000000000       -0.0004875328       -0.0004713845       -0.0004235061       -0.0003379609       -0.0002228277       -0.0001723480       -0.0000986247       -0.0000646227
      125.0000000000       -0.0004824591       -0.0004774332       -0.0004308848       -0.0003333288       -0.0002335353       -0.0001721560       -0.0001064478       -0.0000563884
      126.0000000000       -0.0004839006       -0.0004752422       -0.0004291365       -0.0003241411       -0.0002392614       -0.0001761305       -0.0001187529       -0.0000669733
      127.0000000000       -0.0004841377       -0.0004690785       -0.0004228714       -0.0003265270       -0.0002565191       -0.0001868799       -0.0001186422       -0.0000954536
      128.0000000000       -0.0004821381       -0.0004657820       -0.0004232157       -0.0003370639       -0.0002590835       -0.0001894794       -0.0001309134       -0.0001186022
      129.0000000000       -0.0004716836       -0.0004737292       -0.0004334068       -0.0003484826       -0.0002524683       -0.0001922108       -0.0001376459       -0.0001161002
      130.0000000000       -0.0004672255       -0.0004763879       -0.0004405043       -0.0003627760       -0.0002571780       -0.0001992514       -0.0001492396       -0.0001144140
      131.0000000000       -0.0004784869       -0.0004759494       -0.0004520708       -0.0003611996       -0.0002765844       -0.0002150452       -0.0001619845       -0.0001246081
      132.0000000000       -0.0004802958       -0.0004755290       -0.0004567956       -0.0003628987       -0.0003059978       -0.0002318122       -0.0001757297       -0.0001337577
      133.0000000000       -0.0004891149       -0.0004786058       -0.0004533919       -0.0003703331       -0.0003190380       -0.0002418074       -0.0001813007       -0.0001336848
      134.0000000000       -0.0004922727       -0.0004757303       -0.0004512018       -0.0003775923       -0.0003139979       -0.0002514497       -0.0001765232       -0.0001367815
      135.0000000000       -0.0004827919       -0.0004831467       -0.0004479091       -0.0003870087       -0.0003025376       -0.0002469149       -0.0001840977       -0.0001443514
      136.0000000000       -0.0004767236       -0.0004848247       -0.0004468565       -0.0003915993       -0.0003039274       -0.0002520319       -0.0001882575       -0.0001464228
      137.0000000000       -0.0004894330       -0.0004768628       -0.0004507604       -0.0003921626       -0.0003051183       -0.0002547870       -0.0001859939       -0.0001442925
      138.0000000000       -0.0004898879       -0.0004692786       -0.0004487438       -0.0003935298       -0.0003081827       -0.0002486568       -0.0001904296       -0.0001505708
      139.0000000000       -0.0004771054       -0.0004607043       -0.0004396524       -0.0003974095       -0.0003149649       -0.0002470725       -0.0001983329       -0.0001549205
      140.0000000000       -0.0004783275       -0.0004648564       -0.0004418564       -0.0003953644       -0.0003285799       -0.0002561101       -0.0002040332       -0.0001699599
      141.0000000000       -0.0004821143       -0.0004734668       -0.0004524120       -0.0004061143       -0.0003349457       -0.0002584227       -0.0002188083       -0.0001903934
      142.0000000000       -0.0004856566       -0.0004648900       -0.0004574723       -0.0004109752       -0.0003373792       -0.0002635563       -0.0002327847       -0.0001982762
      143.0000000000       -0.0004871194       -0.0004728114       -0.0004687544       -0.0004120696       -0.0003486629       -0.0002667661       -0.0002385723       -0.0001970583
      144.0000000000       -0.0004867014       -0.0004789094       -0.0004625360       -0.0004151853       -0.0003568275       -0.0002721740       -0.0002429383       -0.0002006269
      145.0000000000       -0.0004768517       -0.0004819512       -0.0004521507       -0.0004135470       -0.0003563557       -0.0002847359       -0.0002466297       -0.0002067989
      146.0000000000       -0.0004650913       -0.0004732853       -0.0004534079       -0.0004058862       -0.0003580846       -0.0002972271       -0.0002619704       -0.0002095811
      147.0000000000       -0.0004628259       -0.0004712372       -0.0004566688       -0.0004058581       -0.0003581721       -0.0003104023       -0.0002724765       -0.0002138558
      148.0000000000       -0.0004716078       -0.0004776131       -0.0004546486       -0.0004151691       -0.0003487863       -0.0003166602       -0.0002719660       -0.0002184668
      149.0000000000       -0.0004782774       -0.0004701457       -0.0004595174       -0.0004290680       -0.0003584502       -0.0003034061       -0.0002794630       -0.0002315144
      150.0000000000       -0.0004686186       -0.0004657469       -0.0004653729       -0.0004284552       -0.0003738100       -0.0003019194       -0.0002752382       -0.0002294211
      151.0000000000       -0.0004747964       -0.0004794744       -0.0004761574       -0.0004322580       -0.0003727070       -0.0003122097       -0.0002655217       -0.0002229594
      152.0000000000       -0.0004740586       -0.0004970351       -0.0004692661       -0.0004260164       -0.0003776643       -0.0003194484       -0.0002692507       -0.0002349604
      153.0000000000       -0.0004756626       -0.0004982587       -0.0004564202       -0.0004208408       -0.0003836469       -0.0003322003       -0.0002787544       -0.0002451862
      154.0000000000       -0.0004765537       -0.0004896855       -0.0004543247       -0.0004287072       -0.0003963151       -0.0003375600       -0.0002786415       -0.0002522476
      155.0000000000       -0.0004741501       -0.0004716289       -0.0004511281       -0.0004303603       -0.0003988745       -0.0003427094       -0.0002835289       -0.0002625531
      156.0000000000       -0.0004683218       -0.0004677800       -0.0004586769       -0.0004253193       -0.0003861166       -0.0003461065       -0.0002996776       -0.0002653142
      157.0000000000       -0.0004748990       -0.0004750504       -0.0004671155       -0.0004249534       -0.0003853102       -0.0003447833       -0.0003051166       -0.0002661924
      158.0000000000       -0.0004795282       -0.0004856796       -0.0004677058       -0.0004214941       -0.0003919772       -0.0003478811       -0.0003103258       -0.0002718895
      159.0000000000       -0.0004703246       -0.0004823467       -0.0004741741       -0.0004261481       -0.0003883915       -0.0003575437       -0.0003111981       -0.0002762893
      160.0000000000       -0.0004722007       -0.0004834362       -0.0004822536       -0.0004505111       -0.0003809024       -0.0003617646       -0.0003228563       -0.0002869703
      161.0000000000       -0.0004787818       -0.0004855826       -0.0004753714       -0.0004662198       -0.0003998425       -0.0003594396       -0.0003275735       -0.0002947697
      162.0000000000       -0.0004774740       -0.0004870500       -0.0004682542       -0.0004619791       -0.0004260057       -0.0003571253       -0.0003299932       -0.0002900713
      163.0000000000       -0.0004813762       -0.0004783164       -0.0004687368       -0.0004521628       -0.0004177071       -0.0003671727       -0.0003353610       -0.0002757869
      164.0000000000       -0.0004945752       -0.0004891947       -0.0004709945       -0.0004523636       -0.0003982119       -0.0003817681       -0.0003344334       -0.0002808979
      165.0000000000       -0.0004975942       -0.0004933431       -0.0004589568       -0.0004455019       -0.0003972018       -0.0003745757       -0.0003383312       -0.0003028526
      166.0000000000       -0.0004871926       -0.0004832837       -0.0004635572       -0.0004365254       -0.0004058823       -0.0003677681       -0.0003454924       -0.0003164550
      167.0000000000       -0.0004756111       -0.0004836482       -0.0004722342       -0.0004438432       -0.0004246409       -0.0003639477       -0.0003553026       -0.0003115757
      168.0000000000       -0.0004766447       -0.0004837222       -0.0004711667       -0.0004527558       -0.0004265556       -0.0003766063       -0.0003555293       -0.0003026268
      169.0000000000       -0.0004842991       -0.0004820754       -0.0004730917       -0.0004504674       -0.0004221470       -0.0003853040       -0.0003508193       -0.0002976190
      170.0000000000       -0.0004767897       -0.0004748674       -0.0004829034       -0.0004494808       -0.0004307972       -0.0003911157       -0.0003567629       -0.0003051319
      171.0000000000       -0.0004695553       -0.0004755011       -0.0004893680       -0.0004516938       -0.0004319344       -0.0003971690       -0.0003657005       -0.0003148105
      172.0000000000       -0.0004770759       -0.0004818957       -0.0004718100       -0.0004525738       -0.0004282942       -0.0004063244       -0.0003641389       -0.0003108715
      173.0000000000       -0.0004744292       -0.0004788021       -0.0004675605       -0.0004569338       -0.0004330255       -0.0004145882       -0.0003668065       -0.0003204715
      174.0000000000       -0.0004788962       -0.0004794768       -0.0004849815       -0.0004583719       -0.0004397566       -0.0004091944       -0.0003733399       -0.0003394396
      175.0000000000       -0.0004857058       -0.0004933187       -0.0004809171       -0.0004613790       -0.0004427988       -0.0004020633       -0.0003747228       -0.0003390787
      176.0000000000       -0.0004899974       -0.0005000047       -0.0004804035       -0.0004624294       -0.0004423353       -0.0003962981       -0.0003665891       -0.0003410012
      177.0000000000       -0.0004875910       -0.0004912334       -0.0004822127       -0.0004658671       -0.0004421373       -0.0004097990       -0.0003652189       -0.0003437115
      178.0000000000       -0.0004846752       -0.0004738598       -0.0004745329       -0.0004673552       -0.0004502420       -0.0004137017       -0.0003614532       -0.0003474615
      179.0000000000       -0.0004793159       -0.0004770027       -0.0004789579       -0.0004700098       -0.0004445713       -0.0003994578       -0.0003669711       -0.0003546919
      180.0000000000       -0.0004855037       -0.0004768027       -0.0004787401       -0.0004709185       -0.0004382902       -0.0004041784       -0.0003842737       -0.0003524671
      181.0000000000       -0.0004878824       -0.0004789952       -0.0004795665       -0.0004748710       -0.0004408981       -0.0004133460       -0.0003865381       -0.0003477928
      182.0000000000       -0.0004875739       -0.0004736340       -0.0004853516       -0.0004793486       -0.0004446129       -0.0004187562       -0.0003827795       -0.0003470995
      183.0000000000       -0.0004855234       -0.0004700408       -0.0004733717       -0.0004753900       -0.0004467026       -0.0004203501       -0.0004007674       -0.0003558183
      184.0000000000       -0.0004811905       -0.0004706293       -0.0004764309       -0.0004812954       -0.0004458453       -0.0004222783       -0.0004092503       -0.0003608232
      185.0000000000       -0.0004799972       -0.0004736612       -0.0004840305       -0.0004866246       -0.0004519423       -0.0004303425       -0.0004030769       -0.0003602046
      186.0000000000       -0.0004719045       -0.0004778209       -0.0004824614       -0.0004756152       -0.0004511719       -0.0004238894       -0.0003961332       -0.0003557197
      187.0000000000       -0.0004612479       -0.0004813881       -0.0004782568       -0.0004661842       -0.0004569253       -0.0004172691       -0.0004009086       -0.0003486322
      188.0000000000       -0.0004757701       -0.0004800636       -0.0004731624       -0.0004680799       -0.0004668167       -0.0004249901       -0.0004035005       -0.0003588194
      189.0000000000       -0.0004825181       -0.0004843090       -0.0004698420       -0.0004634585       -0.0004681880       -0.0004266742       -0.0004048777       -0.0003707488
      190.0000000000       -0.0004787466       -0.0004636949       -0.0004680116       -0.0004636088       -0.0004580003       -0.0004250268       -0.0004035266       -0.0003804285
      191.0000000000       -0.0004785407       -0.0004712796       -0.0004634586       -0.0004698885       -0.0004597501       -0.0004214367       -0.0004086642       -0.0003836033
      192.0000000000       -0.0004784752       -0.0004735146       -0.0004675627       -0.0004789008       -0.0004647028       -0.0004191373       -0.0004125622       -0.0003842663
      193.0000000000       -0.0004766679       -0.0004581682       -0.0004816511       -0.0004821605       -0.0004561254       -0.0004209994       -0.0004156328       -0.0003862303
      194.0000000000       -0.0004671199       -0.0004617038       -0.0004775783       -0.0004867587       -0.0004527444       -0.0004289559       -0.0004079862       -0.0003905820
      195.0000000000       -0.0004714555       -0.0004760739       -0.0004846529       -0.0004752246       -0.0004540987       -0.0004435922       -0.0004057566       -0.0003929875
      196.0000000000       -0.0004791614       -0.0004921909       -0.0004817292       -0.0004659686       -0.0004665336       -0.0004512941       -0.0004161479       -0.0003969988
      197.0000000000       -0.0004858304       -0.0004952284       -0.0004745273       -0.0004749576       -0.0004825227       -0.0004566191       -0.0004139992       -0.0003906167
      198.0000000000       -0.0004917485       -0.0004899819       -0.0004692058       -0.0004866029       -0.0004827752       -0.0004465931       -0.0004075255       -0.0003916725
      199.0000000000       -0.0004873801       -0.0004855447       -0.0004656160       -0.0004783362       -0.0004779082       -0.0004378036       -0.0004037538       -0.0003951106
      200.0000000000       -0.0004834704       -0.0004834436       -0.0004761488       -0.0004688147       -0.0004794370       -0.0004408029       -0.0004168463       -0.0003943289
      201.0000000000       -0.0004812747       -0.0004808264       -0.0004784443       -0.0004623327       -0.0004776650       -0.0004455342       -0.0004184298       -0.0003799481
      202.0000000000       -0.0004793502       -0.0004814673       -0.0004694733       -0.0004695743       -0.0004640749       -0.0004443704       -0.0004063974       -0.0003839092
      203.0000000000       -0.0004846303       -0.0004821392       -0.0004715125       -0.0004758975       -0.0004537527       -0.0004375726       -0.0004035284       -0.0003985396
      204.0000000000       -0.0004954199       -0.0004748667       -0.0004861920       -0.0004807635       -0.0004623254       -0.0004387791       -0.0004203331       -0.0004026220
      205.0000000000       -0.0004920014       -0.0004704866       -0.0004899693       -0.0004812858       -0.0004588089       -0.0004437410       -0.0004218127       -0.0004084866
      206.0000000000       -0.0004783925       -0.0004744303       -0.0004899783       -0.0004834481       -0.0004706747       -0.0004463963       -0.0004075104       -0.0004053497
      207.0000000000       -0.0004801013       -0.0004841345       -0.0004989765       -0.0004766976       -0.0004710536       -0.0004507825       -0.0004165953       -0.0004063790
      208.0000000000       -0.0004764738       -0.0004827648       -0.0004913642       -0.0004830589       -0.0004603431       -0.0004562458       -0.0004297854       -0.0004108662
      209.0000000000       -0.0004721449       -0.0004872048       -0.0004806341       -0.0004793133       -0.0004653301       -0.0004592800       -0.0004438654       -0.0004216636
      210.0000000000       -0.0004756984       -0.0004912692       -0.0004893837       -0.0004677837       -0.0004776067       -0.0004488444       -0.0004442715       -0.0004237532
      211.0000000000       -0.0004631737       -0.0004877623       -0.0004799308       -0.0004701024       -0.0004814587       -0.0004460287       -0.0004385432       -0.0004154163
      212.0000000000       -0.0004647570       -0.0004749951       -0.0004772925       -0.0004809197       -0.0004807733       -0.0004534082       -0.0004435040       -0.0004197392
      213.0000000000       -0.0004725917       -0.0004723249       -0.0004865756       -0.0004838373       -0.0004837408       -0.0004608660       -0.0004448442       -0.0004200136
      214.0000000000       -0.0004752751       -0.0004761297       -0.0004982731       -0.0004961716       -0.0004799564       -0.0004581358       -0.0004429490       -0.0004202878
      215.0000000000       -0.0004814472       -0.0004777592       -0.0004994332       -0.0004899824       -0.0004751191       -0.0004566480       -0.0004460738       -0.0004294262
      216.0000000000       -0.0004867857       -0.0004842886       -0.0004863499       -0.0004705595       -0.0004698640       -0.0004631466       -0.0004447360       -0.0004382847
      217.0000000000       -0.0004885839       -0.0004979623       -0.0004836354       -0.0004659055       -0.0004670100       -0.0004517867       -0.0004388502       -0.0004315466
      218.0000000000       -0.0004924771       -0.0004974981       -0.0004916354       -0.0004787413       -0.0004691908       -0.0004425836       -0.0004389177       -0.0004268336
      219.0000000000       -0.0004895836       -0.0004922159       -0.0004978114       -0.0004924068       -0.0004712269       -0.0004482205       -0.0004456578       -0.0004289309
      220.0000000000       -0.0004874244       -0.0004821175       -0.0004896964       -0.0004804639       -0.0004620333       -0.0004627112       -0.0004535315       -0.0004235004
      221.0000000000       -0.0004730433       -0.0004835184       -0.0004860578       -0.0004658368       -0.0004463250       -0.0004586997       -0.0004552724       -0.0004260052
      222.0000000000       -0.0004654113       -0.0004813767       -0.0004858790       -0.0004660717       -0.0004502014       -0.0004604975       -0.0004548650       -0.0004269596
      223.0000000000       -0.0004711545       -0.0004844892       -0.0004882719       -0.0004739611       -0.0004692807       -0.0004561930       -0.0004518336       -0.0004300853
      224.0000000000       -0.0004833220       -0.0004889085       -0.0004825302       -0.0004747847       -0.0004811180       -0.0004583857       -0.0004435386       -0.0004315057
      225.0000000000       -0.0004893222       -0.0004945137       -0.0004778244       -0.0004823949       -0.0004771324       -0.0004601034       -0.0004433112       -0.0004286899
      226.0000000000       -0.0004836650       -0.0004927189       -0.0004825265       -0.0005013054       -0.0004780076       -0.0004678891       -0.0004554199       -0.0004275767
      227.0000000000       -0.0004974671       -0.0004855985       -0.0004922477       -0.0005134760       -0.0004748840       -0.0004663153       -0.0004628304       -0.0004255465
      228.0000000000       -0.0004987608       -0.0004915750       -0.0004951761       -0.0005025133       -0.0004834639       -0.0004618716       -0.0004614526       -0.0004321064
      229.0000000000       -0.0004967722       -0.0004942976       -0.0004848860       -0.0004967211       -0.0004803205       -0.0004605819       -0.0004577800       -0.0004362833
      230.0000000000       -0.0004913047       -0.0004857282       -0.0005004689       -0.0004855023       -0.0004767184       -0.0004592308       -0.0004507231       -0.0004326052
      231.0000000000       -0.0004877762       -0.0004765422       -0.0004998313       -0.0004812167       -0.0004800725       -0.0004656859       -0.0004481811       -0.0004264374
      232.0000000000       -0.0004787337       -0.0004816575       -0.0004880430       -0.0004899176       -0.0004782511       -0.0004770230       -0.0004516148       -0.0004284885
      233.0000000000       -0.0004807571       -0.0004948387       -0.0004862075       -0.0004915331       -0.0004757496       -0.0004786408       -0.0004638797       -0.0004302811
      234.0000000000       -0.0004827066       -0.0005004082       -0.0004898913       -0.0004883667       -0.0004705265       -0.0004806633       -0.0004680985       -0.0004349820
      235.0000000000       -0.0004892248       -0.0004963130       -0.0004954609       -0.0004902333       -0.0004744031       -0.0004880423       -0.0004660102       -0.0004459478
      236.0000000000       -0.0004935106       -0.0004860655       -0.0004915619       -0.0004925269       -0.0004877574       -0.0004835243       -0.0004612782       -0.0004381569
      237.0000000000       -0.0004882703       -0.0004702965       -0.0004887397       -0.0004890392       -0.0004806476       -0.0004729686       -0.0004652261       -0.0004337950
      238.0000000000       -0.0004864272       -0.0004668763       -0.0004757959       -0.0004868855       -0.0004728932       -0.0004665504       -0.0004711987       -0.0004414435
      239.0000000000       -0.0004791712       -0.0004792043       -0.0004776118       -0.0004794971       -0.0004722653       -0.0004748995       -0.0004739858       -0.0004491514
      240.0000000000       -0.0004773732       -0.0004789271       -0.0004700371       -0.0004749284       -0.0004813363       -0.0004704114       -0.0004668366       -0.0004426686
      241.0000000000       -0.0004897442       -0.0004808233       -0.0004722878       -0.0004790735       -0.0004901736       -0.0004651300       -0.0004578968       -0.0004389271
      242.0000000000       -0.0004956189       -0.0004914871       -0.0004740628       -0.0004863895       -0.0004775584       -0.0004626158       -0.0004601125       -0.0004515895
      243.0000000000       -0.0004986955       -0.0004837132       -0.0004766253       -0.0004880691       -0.0004706925       -0.0004628687       -0.0004650231       -0.0004460420
      244.0000000000       -0.0004959001       -0.0004802766       -0.0004898697       -0.0004883690       -0.0004664580       -0.0004763014       -0.0004604617       -0.0004368132
      245.0000000000       -0.0004888036       -0.0004820422       -0.0004901702       -0.0004920820       -0.0004727010       -0.0004807084       -0.0004640190       -0.0004398751
      246.0000000000       -0.0004907690       -0.0004926931       -0.0004807255       -0.0004795435       -0.0004754162       -0.0004816525       -0.0004690663       -0.0004570741
      247.0000000000       -0.0004862492       -0.0005013649       -0.0004768518       -0.0004743151       -0.0004892570       -0.0004851113       -0.0004572732       -0.0004550948
      248.0000000000       -0.0004830249       -0.0004995497       -0.0004749832       -0.0004804230       -0.0004876256       -0.0004817839       -0.0004546579       -0.0004530339
      249.0000000000       -0.0004775393       -0.0004896476       -0.0004789969       -0.0004743006       -0.0004861753       -0.0004756505       -0.0004576693       -0.0004524049
      250.0000000000       -0.0004767072       -0.0004912327       -0.0004788678       -0.0004699220       -0.0004865985       -0.0004780866       -0.0004573136       -0.0004463168
      251.0000000000       -0.0004806077       -0.0004897184       -0.0004703938       -0.0004785512       -0.0004820584       -0.0004817751       -0.0004570453       -0.0004459870
      252.0000000000       -0.0004767315       -0.0004850210       -0.0004726679       -0.0004817931       -0.0004784927       -0.0004745194       -0.0004501899       -0.0004446178
      253.0000000000       -0.0004703669       -0.0004786517       -0.0004689822       -0.0004828400       -0.0004732186       -0.0004744861       -0.0004581630       -0.0004353588
      254.0000000000       -0.0004753663       -0.0004808968       -0.0004748439       -0.0004836629       -0.0004801617       -0.0004807538       -0.0004678397       -0.0004394308
      255.0000000000       -0.0004845953       -0.0004892902       -0.0004758800       -0.0004903542       -0.0004861925       -0.0004782189       -0.0004722792       -0.0004543622
