        0.0000000000        0.2377579330
        1.0000000000        0.1518027438
        2.0000000000        0.1229443999
        3.0000000000        0.1067050668
        4.0000000000        0.0956624992
        5.0000000000        0.0874292981
        6.0000000000        0.0809388532
        7.0000000000        0.0755973432
        8.0000000000        0.0710604567
        9.0000000000        0.0671717829
       10.0000000000        0.0637378014
       11.0000000000        0.0607032550
       12.0000000000        0.0579809094
       13.0000000000        0.0555033932
       14.0000000000        0.0532658263
       15.0000000000        0.0511985187
       16.0000000000        0.0493078651
       17.0000000000        0.0475402192
       18.0000000000        0.0459076992
       19.0000000000        0.0443713766
       20.0000000000        0.0429420603
       21.0000000000        0.0415811746
       22.0000000000        0.0403001070
       23.0000000000        0.0390946346
       24.0000000000        0.0379690132
       25.0000000000        0.0368748170
       26.0000000000        0.0358214178
       27.0000000000        0.0348327901
       28.0000000000        0.0338991679
       29.0000000000        0.0329977137
       30.0000000000        0.0321437371
       31.0000000000        0.0313281326
       32.0000000000        0.0305241088
       33.0000000000        0.0297772090
       34.0000000000        0.0290556815
       35.0000000000        0.0283342398
       36.0000000000        0.0276446346
       37.0000000000        0.0269911112
       38.0000000000        0.0263520021
       39.0000000000        0.0257353987
       40.0000000000        0.0251540950
       41.0000000000        0.0245848652
       42.0000000000        0.0240460238
       43.0000000000        0.0235281194
       44.0000000000        0.0230013591
       45.0000000000        0.0225019565
       46.0000000000        0.0220412651
       47.0000000000        0.0215865138
       48.0000000000        0.0211379985
       49.0000000000        0.0207015661
       50.0000000000        0.0202405529
       51.0000000000        0.0198289952
       52.0000000000        0.0194096914
       53.0000000000        0.0190047151
       54.0000000000        0.0186226664
       55.0000000000        0.0182452488
       56.0000000000        0.0178725794
       57.0000000000        0.0175141082
       58.0000000000        0.0171622321
       59.0000000000        0.0168101955
       60.0000000000        0.0164699009
       61.0000000000        0.0161471419
       62.0000000000        0.0158399907
       63.0000000000        0.0155162232
       64.0000000000        0.0152195336
       65.0000000000        0.0149135344
       66.0000000000        0.0146096134
       67.0000000000        0.0143337933
       68.0000000000        0.0140555505
       69.0000000000        0.0137645296
       70.0000000000        0.0135049823
       71.0000000000        0.0132380842
       72.0000000000        0.0130007458
       73.0000000000        0.0127475880
       74.0000000000        0.0124918123
       75.0000000000        0.0122547181
       76.0000000000        0.0120231886
       77.0000000000        0.0117877563
       78.0000000000        0.0115485982
       79.0000000000        0.0113254319
       80.0000000000        0.0111005666
       81.0000000000        0.0108821858
       82.0000000000        0.0106628977
       83.0000000000        0.0104565852
       84.0000000000        0.0102785139
       85.0000000000        0.0100686969
       86.0000000000        0.0098641402
       87.0000000000        0.0097032550
       88.0000000000        0.0095251314
       89.0000000000        0.0093438883
       90.0000000000        0.0091640712
       91.0000000000        0.0089899199
       92.0000000000        0.0088249970
       93.0000000000        0.0086550993
       94.0000000000        0.0084695761
       95.0000000000        0.0082867556
       96.0000000000        0.0081031200
       97.0000000000        0.0079442758
       98.0000000000        0.0078008225
       99.0000000000        0.0076512709
      100.0000000000        0.0075049046
      101.0000000000        0.0073526803
      102.0000000000        0.0071959393
      103.0000000000        0.0070409386
      104.0000000000        0.0068953286
      105.0000000000        0.0067694284
      106.0000000000        0.0066374858
      107.0000000000        0.0065007382
      108.0000000000        0.0063708764
      109.0000000000        0.0062391334
      110.0000000000        0.0061227956
      111.0000000000        0.0060057240
      112.0000000000        0.0058926401
      113.0000000000        0.0057707322
      114.0000000000        0.0056553014
      115.0000000000        0.0055250804
      116.0000000000        0.0053990634
      117.0000000000        0.0052885481
      118.0000000000        0.0051607164
      119.0000000000        0.0050734696
      120.0000000000        0.0049623212
      121.0000000000        0.0048388085
      122.0000000000        0.0047304325
      123.0000000000        0.0046223549
      124.0000000000        0.0045501453
      125.0000000000        0.0044661451
      126.0000000000        0.0043442014
      127.0000000000        0.0042435389
      128.0000000000        0.0041408729
      129.0000000000        0.0040285100
      130.0000000000        0.0039325328
      131.0000000000        0.0038407538
      132.0000000000        0.0037551372
      133.0000000000        0.0036767025
      134.0000000000        0.0035988717
      135.0000000000        0.0035096414
      136.0000000000        0.0034254478
      137.0000000000        0.0033530848
      138.0000000000        0.0032560363
      139.0000000000        0.0031689598
      140.0000000000        0.0030738113
      141.0000000000        0.0030003371
      142.0000000000        0.0029023876
      143.0000000000        0.0028239057
      144.0000000000        0.0027616136
      145.0000000000        0.0026856836
      146.0000000000        0.0026205674
      147.0000000000        0.0025473116
      148.0000000000        0.0024780567
      149.0000000000        0.0024450932
      150.0000000000        0.0023761959
      151.0000000000        0.0023162885
      152.0000000000        0.0022644358
      153.0000000000        0.0021984978
      154.0000000000        0.0021427581
      155.0000000000        0.0020719505
      156.0000000000        0.0020187896
      157.0000000000        0.0019605550
      158.0000000000        0.0018957404
      159.0000000000        0.0018538029
      160.0000000000        0.0017844352
      161.0000000000        0.0017165734
      162.0000000000        0.0016708212
      163.0000000000        0.0016463944
      164.0000000000        0.0015959471
      165.0000000000        0.0015388499
      166.0000000000        0.0014838550
      167.0000000000        0.0014312064
      168.0000000000        0.0013983740
      169.0000000000        0.0013600532
      170.0000000000        0.0013096948
      171.0000000000        0.0012615076
      172.0000000000        0.0012356915
      173.0000000000        0.0012037997
      174.0000000000        0.0011681998
      175.0000000000        0.0011253605
      176.0000000000        0.0010963870
      177.0000000000        0.0010643115
      178.0000000000        0.0010299807
      179.0000000000        0.0009959116
      180.0000000000        0.0009443694
      181.0000000000        0.0009057392
      182.0000000000        0.0008745744
      183.0000000000        0.0008455422
      184.0000000000        0.0008085765
      185.0000000000        0.0007772456
      186.0000000000        0.0007347782
      187.0000000000        0.0006947116
      188.0000000000        0.0006553490
      189.0000000000        0.0006197530
      190.0000000000        0.0005913918
      191.0000000000        0.0005844651
      192.0000000000        0.0005594386
      193.0000000000        0.0005074218
      194.0000000000        0.0004601823
      195.0000000000        0.0004318260
      196.0000000000        0.0003975721
      197.0000000000        0.0003552618
      198.0000000000        0.0003246280
      199.0000000000        0.0003131763
      200.0000000000        0.0002861247
      201.0000000000        0.0002660601
      202.0000000000        0.0002535846
      203.0000000000        0.0002203921
      204.0000000000        0.0001943110
      205.0000000000        0.0001729516
      206.0000000000        0.0001520034
      207.0000000000        0.0001354432
      208.0000000000        0.0001280103
      209.0000000000        0.0001204393
      210.0000000000        0.0000925539
      211.0000000000        0.0000640446
      212.0000000000        0.0000350261
      213.0000000000        0.0000239242
      214.0000000000       -0.0000222538
      215.0000000000       -0.0000417342
      216.0000000000       -0.0000722075
      217.0000000000       -0.0000921996
      218.0000000000       -0.0001161930
      219.0000000000       -0.0001438666
      220.0000000000       -0.0001597093
      221.0000000000       -0.0001657062
      222.0000000000       -0.0001605749
      223.0000000000       -0.0001810595
      224.0000000000       -0.0001853211
      225.0000000000       -0.0002148362
      226.0000000000       -0.0002117943
      227.0000000000       -0.0002137819
      228.0000000000       -0.0002205200
      229.0000000000       -0.0002224325
      230.0000000000       -0.0002219755
      231.0000000000       -0.0002446748
      232.0000000000       -0.0002640742
      233.0000000000       -0.0002600089
      234.0000000000       -0.0002483902
      235.0000000000       -0.0002438332
      236.0000000000       -0.0002544861
      237.0000000000       -0.0002594213
      238.0000000000       -0.0002652124
      239.0000000000       -0.0002729823
      240.0000000000       -0.0002722819
      241.0000000000       -0.0002787565
      242.0000000000       -0.0002895409
      243.0000000000       -0.0002866118
      244.0000000000       -0.0002837672
      245.0000000000       -0.0002853460
      246.0000000000       -0.0003024888
      247.0000000000       -0.0003055139
      248.0000000000       -0.0003171792
      249.0000000000       -0.0003139389
      250.0000000000       -0.0003337483
      251.0000000000       -0.0003439029
      252.0000000000       -0.0003520603
      253.0000000000       -0.0003505398
      254.0000000000       -0.0003459346
      255.0000000000       -0.0003489622
      256.0000000000       -0.0003554767
