        0.0000000000        0.1653974703
        1.0000000000        0.1429002731
        2.0000000000        0.1319608273
        3.0000000000        0.1241908615
        4.0000000000        0.1178991779
        5.0000000000        0.1124291718
        6.0000000000        0.1076445228
        7.0000000000        0.1032517830
        8.0000000000        0.0992039614
        9.0000000000        0.0954650922
       10.0000000000        0.0920391067
       11.0000000000        0.0889101658
       12.0000000000        0.0858943044
       13.0000000000        0.0830363628
       14.0000000000        0.0803793817
       15.0000000000        0.0777718264
       16.0000000000        0.0753432111
       17.0000000000        0.0730775010
       18.0000000000        0.0709958178
       19.0000000000        0.0689445653
       20.0000000000        0.0670530672
       21.0000000000        0.0652723022
       22.0000000000        0.0635487578
       23.0000000000        0.0619076065
       24.0000000000        0.0602666643
       25.0000000000        0.0587434274
       26.0000000000        0.0572731360
       27.0000000000        0.0557898781
       28.0000000000        0.0544112820
       29.0000000000        0.0530526827
       30.0000000000        0.0517011981
       31.0000000000        0.0504756044
       32.0000000000        0.0493294178
       33.0000000000        0.0481852117
       34.0000000000        0.0471237438
       35.0000000000        0.0460161033
       36.0000000000        0.0449255395
       37.0000000000        0.0438076259
       38.0000000000        0.0427537551
       39.0000000000        0.0417308388
       40.0000000000        0.0407448495
       41.0000000000        0.0398768348
       42.0000000000        0.0390139733
       43.0000000000        0.0382368239
       44.0000000000        0.0375110013
       45.0000000000        0.0367063174
       46.0000000000        0.0359413344
       47.0000000000        0.0351800336
       48.0000000000        0.0344797216
       49.0000000000        0.0338344068
       50.0000000000        0.0330760404
       51.0000000000        0.0324649843
       52.0000000000        0.0318829231
       53.0000000000        0.0311808304
       54.0000000000        0.0306301690
       55.0000000000        0.0300887489
       56.0000000000        0.0295396262
       57.0000000000        0.0288899766
       58.0000000000        0.0282856049
       59.0000000000        0.0277270474
       60.0000000000        0.0271201336
       61.0000000000        0.0265211912
       62.0000000000        0.0259998738
       63.0000000000        0.0255165467
       64.0000000000        0.0249636983
       65.0000000000        0.0245053473
       66.0000000000        0.0240309772
       67.0000000000        0.0235086726
       68.0000000000        0.0230202395
       69.0000000000        0.0225818896
       70.0000000000        0.0221133056
       71.0000000000        0.0217574291
       72.0000000000        0.0214467210
       73.0000000000        0.0210392366
       74.0000000000        0.0206719022
       75.0000000000        0.0203736610
       76.0000000000        0.0200809639
       77.0000000000        0.0196897110
       78.0000000000        0.0193437936
       79.0000000000        0.0189464339
       80.0000000000        0.0185206832
       81.0000000000        0.0181932656
       82.0000000000        0.0178182140
       83.0000000000        0.0175447683
       84.0000000000        0.0171692066
       85.0000000000        0.0167483148
       86.0000000000        0.0164245185
       87.0000000000        0.0162224378
       88.0000000000        0.0159333928
       89.0000000000        0.0156282101
       90.0000000000        0.0154224863
       91.0000000000        0.0151107399
       92.0000000000        0.0147591840
       93.0000000000        0.0145362648
       94.0000000000        0.0143043331
       95.0000000000        0.0140397194
       96.0000000000        0.0138913039
       97.0000000000        0.0136361902
       98.0000000000        0.0134781276
       99.0000000000        0.0132387038
      100.0000000000        0.0130179192
      101.0000000000        0.0128754882
      102.0000000000        0.0126415274
      103.0000000000        0.0124286714
      104.0000000000        0.0121336780
      105.0000000000        0.0119609635
      106.0000000000        0.0117464905
      107.0000000000        0.0116636392
      108.0000000000        0.0115265101
      109.0000000000        0.0113836708
      110.0000000000        0.0112277977
      111.0000000000        0.0110413864
      112.0000000000        0.0107795004
      113.0000000000        0.0106183933
      114.0000000000        0.0104200329
      115.0000000000        0.0102203165
      116.0000000000        0.0099076808
      117.0000000000        0.0096905412
      118.0000000000        0.0095186198
      119.0000000000        0.0093278206
      120.0000000000        0.0091597535
      121.0000000000        0.0089865757
      122.0000000000        0.0087211844
      123.0000000000        0.0085118852
      124.0000000000        0.0083732859
      125.0000000000        0.0082162882
      126.0000000000        0.0080093177
      127.0000000000        0.0077884078
      128.0000000000        0.0076057422
      129.0000000000        0.0073209260
      130.0000000000        0.0071546979
      131.0000000000        0.0070759730
      132.0000000000        0.0069438838
      133.0000000000        0.0067912450
      134.0000000000        0.0066767938
      135.0000000000        0.0065871740
      136.0000000000        0.0064392068
      137.0000000000        0.0064013704
      138.0000000000        0.0063133933
      139.0000000000        0.0061398788
      140.0000000000        0.0059549429
      141.0000000000        0.0057741275
      142.0000000000        0.0056019349
      143.0000000000        0.0054672420
      144.0000000000        0.0052815528
      145.0000000000        0.0051173721
      146.0000000000        0.0049449733
      147.0000000000        0.0047948917
      148.0000000000        0.0046464906
      149.0000000000        0.0045010274
      150.0000000000        0.0044151746
      151.0000000000        0.0043438098
      152.0000000000        0.0041966437
      153.0000000000        0.0040453724
      154.0000000000        0.0039635674
      155.0000000000        0.0038970220
      156.0000000000        0.0037940711
      157.0000000000        0.0036961459
      158.0000000000        0.0036371961
      159.0000000000        0.0036316309
      160.0000000000        0.0035585250
      161.0000000000        0.0034851190
      162.0000000000        0.0034459480
      163.0000000000        0.0034321512
      164.0000000000        0.0033921694
      165.0000000000        0.0032640799
      166.0000000000        0.0030480744
      167.0000000000        0.0029612911
      168.0000000000        0.0028914486
      169.0000000000        0.0028833664
      170.0000000000        0.0028526546
      171.0000000000        0.0027790032
      172.0000000000        0.0027356325
      173.0000000000        0.0027067131
      174.0000000000        0.0026135177
      175.0000000000        0.0025561821
      176.0000000000        0.0024729198
      177.0000000000        0.0024982152
      178.0000000000        0.0023445604
      179.0000000000        0.0022536820
      180.0000000000        0.0020884021
      181.0000000000        0.0020237857
      182.0000000000        0.0019186868
      183.0000000000        0.0018396242
      184.0000000000        0.0017952126
      185.0000000000        0.0017646908
      186.0000000000        0.0017339377
      187.0000000000        0.0016277024
      188.0000000000        0.0015873866
      189.0000000000        0.0014621286
      190.0000000000        0.0014972932
      191.0000000000        0.0013964753
      192.0000000000        0.0012898909
      193.0000000000        0.0011158221
      194.0000000000        0.0009770667
      195.0000000000        0.0009369384
      196.0000000000        0.0009097334
      197.0000000000        0.0009614257
      198.0000000000        0.0009621266
      199.0000000000        0.0009246297
      200.0000000000        0.0009338112
      201.0000000000        0.0009452605
      202.0000000000        0.0009102740
      203.0000000000        0.0009427504
      204.0000000000        0.0009667108
      205.0000000000        0.0009905197
      206.0000000000        0.0009300687
      207.0000000000        0.0008256273
      208.0000000000        0.0007720011
      209.0000000000        0.0007302069
      210.0000000000        0.0006559797
      211.0000000000        0.0006193185
      212.0000000000        0.0005563800
      213.0000000000        0.0005667260
      214.0000000000        0.0005527188
      215.0000000000        0.0006043298
      216.0000000000        0.0005796363
      217.0000000000        0.0006019498
      218.0000000000        0.0006040481
      219.0000000000        0.0006151725
      220.0000000000        0.0006340245
      221.0000000000        0.0006760349
      222.0000000000        0.0006866998
      223.0000000000        0.0007070591
      224.0000000000        0.0006075976
      225.0000000000        0.0005794584
      226.0000000000        0.0006453876
      227.0000000000        0.0006653326
      228.0000000000        0.0006964901
      229.0000000000        0.0006714276
      230.0000000000        0.0006401664
      231.0000000000        0.0007347525
      232.0000000000        0.0006919266
      233.0000000000        0.0007430176
      234.0000000000        0.0007849620
      235.0000000000        0.0007750866
      236.0000000000        0.0007389586
      237.0000000000        0.0007226103
      238.0000000000        0.0006916230
      239.0000000000        0.0007045459
      240.0000000000        0.0007639711
      241.0000000000        0.0008110701
      242.0000000000        0.0008703484
      243.0000000000        0.0007890745
      244.0000000000        0.0008177850
      245.0000000000        0.0008659824
      246.0000000000        0.0008257441
      247.0000000000        0.0007436237
      248.0000000000        0.0007394640
      249.0000000000        0.0007002601
      250.0000000000        0.0006284503
      251.0000000000        0.0006176335
      252.0000000000        0.0006228117
      253.0000000000        0.0005991857
      254.0000000000        0.0006292698
      255.0000000000        0.0006024759
      256.0000000000        0.0005635660
