        0.0000000000        0.0845550574
        1.0000000000        0.0185676368
        2.0000000000        0.0090848539
        3.0000000000        0.0057598970
        4.0000000000        0.0041137631
        5.0000000000        0.0031496557
        6.0000000000        0.0025288231
        7.0000000000        0.0021041433
        8.0000000000        0.0017978924
        9.0000000000        0.0015781775
       10.0000000000        0.0013887650
       11.0000000000        0.0012462715
       12.0000000000        0.0011262970
       13.0000000000        0.0010245033
       14.0000000000        0.0009245575
       15.0000000000        0.0008686310
       16.0000000000        0.0008011112
       17.0000000000        0.0007408252
       18.0000000000        0.0006751015
       19.0000000000        0.0006487535
       20.0000000000        0.0006057113
       21.0000000000        0.0005531258
       22.0000000000        0.0005542600
       23.0000000000        0.0005131648
       24.0000000000        0.0004885687
       25.0000000000        0.0004489282
       26.0000000000        0.0004303837
       27.0000000000        0.0004196376
       28.0000000000        0.0003895328
       29.0000000000        0.0003502576
       30.0000000000        0.0003512681
       31.0000000000        0.0003433813
       32.0000000000        0.0003390406
       33.0000000000        0.0003195119
       34.0000000000        0.0003211320
       35.0000000000        0.0003103334
       36.0000000000        0.0002779217
       37.0000000000        0.0002839368
       38.0000000000        0.0002755951
       39.0000000000        0.0002816632
       40.0000000000        0.0002608868
       41.0000000000        0.0002563896
       42.0000000000        0.0002384008
       43.0000000000        0.0002209649
       44.0000000000        0.0002101488
       45.0000000000        0.0002056793
       46.0000000000        0.0002014512
       47.0000000000        0.0002156452
       48.0000000000        0.0001917700
       49.0000000000        0.0001960752
       50.0000000000        0.0002085748
       51.0000000000        0.0002003137
       52.0000000000        0.0001938090
       53.0000000000        0.0001806850
       54.0000000000        0.0001571469
       55.0000000000        0.0001670110
       56.0000000000        0.0001522625
       57.0000000000        0.0001461126
       58.0000000000        0.0001683495
       59.0000000000        0.0001622495
       60.0000000000        0.0001667709
       61.0000000000        0.0001418849
       62.0000000000        0.0001271192
       63.0000000000        0.0001336907
       64.0000000000        0.0001414484
       65.0000000000        0.0001402208
       66.0000000000        0.0001432702
       67.0000000000        0.0001458749
       68.0000000000        0.0001406439
       69.0000000000        0.0001389731
       70.0000000000        0.0001356263
       71.0000000000        0.0000950280
       72.0000000000        0.0000991003
       73.0000000000        0.0001146715
       74.0000000000        0.0001170147
       75.0000000000        0.0001190890
       76.0000000000        0.0001057109
       77.0000000000        0.0001201747
       78.0000000000        0.0001156282
       79.0000000000        0.0001368711
       80.0000000000        0.0001291942
       81.0000000000        0.0001205137
       82.0000000000        0.0001243822
       83.0000000000        0.0001078806
       84.0000000000        0.0001272842
       85.0000000000        0.0001031541
       86.0000000000        0.0001039681
       87.0000000000        0.0000978769
       88.0000000000        0.0001058537
       89.0000000000        0.0000881070
       90.0000000000        0.0001054331
       91.0000000000        0.0000924136
       92.0000000000        0.0000865424
       93.0000000000        0.0001124533
       94.0000000000        0.0000940481
       95.0000000000        0.0000884158
       96.0000000000        0.0000844784
       97.0000000000        0.0000792282
       98.0000000000        0.0000721811
       99.0000000000        0.0000849931
      100.0000000000        0.0000677093
      101.0000000000        0.0000827223
      102.0000000000        0.0000830868
      103.0000000000        0.0000815774
      104.0000000000        0.0000734421
      105.0000000000        0.0000647270
      106.0000000000        0.0000628184
      107.0000000000        0.0000519694
      108.0000000000        0.0000752203
      109.0000000000        0.0000427661
      110.0000000000        0.0000603873
      111.0000000000        0.0000588013
      112.0000000000        0.0000785663
      113.0000000000        0.0000658182
      114.0000000000        0.0000648024
      115.0000000000        0.0000717039
      116.0000000000        0.0000675837
      117.0000000000        0.0000627759
      118.0000000000        0.0000509871
      119.0000000000        0.0000536230
      120.0000000000        0.0000623735
      121.0000000000        0.0000648709
      122.0000000000        0.0000426330
      123.0000000000        0.0000513227
      124.0000000000        0.0000489043
      125.0000000000        0.0000752266
      126.0000000000        0.0000653595
      127.0000000000        0.0000590944
      128.0000000000        0.0000677179
      129.0000000000        0.0000459509
      130.0000000000        0.0000686462
      131.0000000000        0.0000381874
      132.0000000000        0.0000431991
      133.0000000000        0.0000471319
      134.0000000000        0.0000515724
      135.0000000000        0.0000628812
      136.0000000000        0.0000714730
      137.0000000000        0.0000794179
      138.0000000000        0.0000520428
      139.0000000000        0.0000517971
      140.0000000000        0.0000629636
      141.0000000000        0.0000594548
      142.0000000000        0.0000544604
      143.0000000000        0.0000693578
      144.0000000000        0.0000501334
      145.0000000000        0.0000562550
      146.0000000000        0.0000434236
      147.0000000000        0.0000305425
      148.0000000000        0.0000451140
      149.0000000000        0.0000415192
      150.0000000000        0.0000309852
      151.0000000000        0.0000343319
      152.0000000000        0.0000479462
      153.0000000000        0.0000264559
      154.0000000000        0.0000325909
      155.0000000000        0.0000425272
      156.0000000000        0.0000492094
      157.0000000000        0.0000294958
      158.0000000000        0.0000375955
      159.0000000000        0.0000268372
      160.0000000000        0.0000264058
      161.0000000000        0.0000310387
      162.0000000000        0.0000236419
      163.0000000000        0.0000335858
      164.0000000000        0.0000392849
      165.0000000000        0.0000442281
      166.0000000000        0.0000457142
      167.0000000000        0.0000222903
      168.0000000000        0.0000400284
      169.0000000000        0.0000191068
      170.0000000000        0.0000331051
      171.0000000000        0.0000368186
      172.0000000000        0.0000378111
      173.0000000000        0.0000346931
      174.0000000000        0.0000397398
      175.0000000000        0.0000264355
      176.0000000000        0.0000154960
      177.0000000000        0.0000255230
      178.0000000000        0.0000434548
      179.0000000000        0.0000484656
      180.0000000000        0.0000135998
      181.0000000000        0.0000288824
      182.0000000000        0.0000534853
      183.0000000000        0.0000196986
      184.0000000000        0.0000322808
      185.0000000000        0.0000244299
      186.0000000000        0.0000340247
      187.0000000000        0.0000431543
      188.0000000000        0.0000295645
      189.0000000000        0.0000246799
      190.0000000000        0.0000497588
      191.0000000000        0.0000445025
      192.0000000000        0.0000422511
      193.0000000000        0.0000218838
      194.0000000000        0.0000337261
      195.0000000000        0.0000088799
      196.0000000000        0.0000154959
      197.0000000000        0.0000269095
      198.0000000000        0.0000376582
      199.0000000000        0.0000380094
      200.0000000000        0.0000295364
      201.0000000000        0.0000195550
      202.0000000000        0.0000044160
      203.0000000000        0.0000180614
      204.0000000000        0.0000259541
      205.0000000000        0.0000354410
      206.0000000000        0.0000282873
      207.0000000000        0.0000243422
      208.0000000000        0.0000166261
      209.0000000000        0.0000161067
      210.0000000000        0.0000182495
      211.0000000000        0.0000274930
      212.0000000000        0.0000283489
      213.0000000000        0.0000227584
      214.0000000000        0.0000125292
      215.0000000000        0.0000142878
      216.0000000000        0.0000211381
      217.0000000000        0.0000300610
      218.0000000000        0.0000200412
      219.0000000000        0.0000238116
      220.0000000000        0.0000054002
      221.0000000000        0.0000357217
      222.0000000000        0.0000164912
      223.0000000000        0.0000287051
      224.0000000000        0.0000408698
      225.0000000000        0.0000254193
      226.0000000000        0.0000259390
      227.0000000000        0.0000113082
      228.0000000000        0.0000287104
      229.0000000000        0.0000169821
      230.0000000000        0.0000166381
      231.0000000000        0.0000282040
      232.0000000000        0.0000511139
      233.0000000000        0.0000309282
      234.0000000000        0.0000135607
      235.0000000000        0.0000207103
      236.0000000000        0.0000152965
      237.0000000000        0.0000441210
      238.0000000000        0.0000310801
      239.0000000000        0.0000284344
      240.0000000000        0.0000242530
      241.0000000000        0.0000224447
      242.0000000000        0.0000280467
      243.0000000000        0.0000210447
      244.0000000000        0.0000257995
      245.0000000000        0.0000214553
      246.0000000000        0.0000224728
      247.0000000000        0.0000196584
      248.0000000000        0.0000332791
      249.0000000000        0.0000163437
      250.0000000000        0.0000362481
      251.0000000000        0.0000331989
      252.0000000000        0.0000200134
      253.0000000000        0.0000220279
      254.0000000000        0.0000259242
      255.0000000000        0.0000434400
      256.0000000000        0.0000506491
      257.0000000000        0.0000416608
      258.0000000000        0.0000371242
      259.0000000000        0.0000458314
      260.0000000000        0.0000452451
      261.0000000000        0.0000291839
      262.0000000000        0.0000249861
      263.0000000000        0.0000172440
      264.0000000000        0.0000061971
      265.0000000000        0.0000312763
      266.0000000000        0.0000178454
      267.0000000000        0.0000151175
      268.0000000000        0.0000166582
      269.0000000000        0.0000182173
      270.0000000000        0.0000311895
      271.0000000000        0.0000292080
      272.0000000000        0.0000362425
      273.0000000000        0.0000202117
      274.0000000000        0.0000218535
      275.0000000000        0.0000296579
      276.0000000000        0.0000675514
      277.0000000000        0.0000425558
      278.0000000000        0.0000215304
      279.0000000000        0.0000321926
      280.0000000000        0.0000048856
      281.0000000000        0.0000290398
      282.0000000000        0.0000162887
      283.0000000000        0.0000254774
      284.0000000000        0.0000107088
      285.0000000000        0.0000205944
      286.0000000000        0.0000235266
      287.0000000000        0.0000193583
      288.0000000000        0.0000150910
      289.0000000000        0.0000062903
      290.0000000000        0.0000196424
      291.0000000000        0.0000001913
      292.0000000000        0.0000018926
      293.0000000000        0.0000021201
      294.0000000000       -0.0000059548
      295.0000000000        0.0000035649
      296.0000000000       -0.0000015620
      297.0000000000        0.0000077063
      298.0000000000        0.0000143071
      299.0000000000        0.0000135801
      300.0000000000        0.0000156543
      301.0000000000        0.0000278005
      302.0000000000        0.0000056808
      303.0000000000        0.0000182846
      304.0000000000       -0.0000000307
      305.0000000000        0.0000081829
      306.0000000000        0.0000040805
      307.0000000000        0.0000072545
      308.0000000000        0.0000159340
      309.0000000000        0.0000171407
      310.0000000000        0.0000009178
      311.0000000000        0.0000095165
      312.0000000000        0.0000114278
      313.0000000000        0.0000048231
      314.0000000000        0.0000226181
      315.0000000000        0.0000128032
      316.0000000000        0.0000209079
      317.0000000000        0.0000225451
      318.0000000000        0.0000178538
      319.0000000000        0.0000126845
      320.0000000000        0.0000106831
      321.0000000000        0.0000277708
      322.0000000000        0.0000275886
      323.0000000000        0.0000209625
      324.0000000000        0.0000009924
      325.0000000000       -0.0000015739
      326.0000000000       -0.0000027133
      327.0000000000        0.0000206187
      328.0000000000        0.0000219595
      329.0000000000        0.0000177287
      330.0000000000        0.0000271715
      331.0000000000        0.0000004736
      332.0000000000        0.0000136228
      333.0000000000        0.0000340713
      334.0000000000        0.0000275301
      335.0000000000        0.0000145269
      336.0000000000        0.0000231523
      337.0000000000        0.0000098520
      338.0000000000        0.0000197729
      339.0000000000        0.0000056995
      340.0000000000        0.0000017804
      341.0000000000        0.0000179714
      342.0000000000        0.0000086475
      343.0000000000       -0.0000115965
      344.0000000000       -0.0000086597
      345.0000000000        0.0000096710
      346.0000000000        0.0000225493
      347.0000000000        0.0000153326
      348.0000000000       -0.0000035947
      349.0000000000        0.0000140530
      350.0000000000        0.0000087753
      351.0000000000        0.0000073798
      352.0000000000        0.0000205186
      353.0000000000        0.0000164013
      354.0000000000        0.0000046534
      355.0000000000        0.0000229194
      356.0000000000       -0.0000010598
      357.0000000000        0.0000080807
      358.0000000000        0.0000188216
      359.0000000000        0.0000260000
      360.0000000000        0.0000095291
      361.0000000000        0.0000009782
      362.0000000000        0.0000003516
      363.0000000000       -0.0000107501
      364.0000000000        0.0000011672
      365.0000000000        0.0000151718
      366.0000000000        0.0000301278
      367.0000000000        0.0000046160
      368.0000000000        0.0000032949
      369.0000000000        0.0000020673
      370.0000000000       -0.0000027262
      371.0000000000       -0.0000084711
      372.0000000000       -0.0000151094
      373.0000000000       -0.0000067327
      374.0000000000       -0.0000117121
      375.0000000000        0.0000040561
      376.0000000000        0.0000056600
      377.0000000000        0.0000294454
      378.0000000000       -0.0000064147
      379.0000000000       -0.0000135732
      380.0000000000        0.0000032968
      381.0000000000       -0.0000138053
      382.0000000000       -0.0000203718
      383.0000000000        0.0000020241
      384.0000000000       -0.0000149301
      385.0000000000       -0.0000048039
      386.0000000000       -0.0000049215
      387.0000000000       -0.0000004188
      388.0000000000       -0.0000076268
      389.0000000000        0.0000006667
      390.0000000000        0.0000331608
      391.0000000000        0.0000100433
      392.0000000000       -0.0000007810
      393.0000000000        0.0000041623
      394.0000000000        0.0000048482
      395.0000000000        0.0000173070
      396.0000000000        0.0000017253
      397.0000000000        0.0000078659
      398.0000000000        0.0000065030
      399.0000000000       -0.0000036816
      400.0000000000       -0.0000155185
      401.0000000000       -0.0000256459
      402.0000000000        0.0000050268
      403.0000000000        0.0000132567
      404.0000000000        0.0000247136
      405.0000000000        0.0000253074
      406.0000000000        0.0000255263
      407.0000000000        0.0000138787
      408.0000000000       -0.0000086102
      409.0000000000        0.0000059634
      410.0000000000        0.0000056549
      411.0000000000       -0.0000014794
      412.0000000000       -0.0000128950
      413.0000000000       -0.0000117741
      414.0000000000        0.0000004396
      415.0000000000       -0.0000020239
      416.0000000000       -0.0000148957
      417.0000000000        0.0000149721
      418.0000000000        0.0000132217
      419.0000000000        0.0000083113
      420.0000000000        0.0000022981
      421.0000000000       -0.0000056080
      422.0000000000        0.0000125895
      423.0000000000        0.0000108428
      424.0000000000        0.0000265189
      425.0000000000        0.0000085314
      426.0000000000        0.0000162021
      427.0000000000       -0.0000045880
      428.0000000000        0.0000126206
      429.0000000000        0.0000089020
      430.0000000000        0.0000219219
      431.0000000000        0.0000073391
      432.0000000000        0.0000245517
      433.0000000000        0.0000108610
      434.0000000000        0.0000095046
      435.0000000000        0.0000137680
      436.0000000000        0.0000100755
      437.0000000000        0.0000056848
      438.0000000000       -0.0000034595
      439.0000000000        0.0000265970
      440.0000000000        0.0000141089
      441.0000000000       -0.0000057574
      442.0000000000        0.0000240660
      443.0000000000       -0.0000011795
      444.0000000000        0.0000096627
      445.0000000000        0.0000144380
      446.0000000000       -0.0000068991
      447.0000000000       -0.0000075235
      448.0000000000       -0.0000197028
      449.0000000000       -0.0000280778
      450.0000000000        0.0000050032
      451.0000000000        0.0000134630
      452.0000000000       -0.0000068028
      453.0000000000        0.0000079226
      454.0000000000       -0.0000029403
      455.0000000000        0.0000051602
      456.0000000000       -0.0000018508
      457.0000000000        0.0000118811
      458.0000000000        0.0000120599
      459.0000000000        0.0000216230
      460.0000000000       -0.0000031381
      461.0000000000        0.0000027057
      462.0000000000       -0.0000186265
      463.0000000000       -0.0000094483
      464.0000000000        0.0000003519
      465.0000000000       -0.0000001780
      466.0000000000        0.0000041178
      467.0000000000        0.0000052186
      468.0000000000       -0.0000142894
      469.0000000000       -0.0000038479
      470.0000000000        0.0000165008
      471.0000000000        0.0000057522
      472.0000000000        0.0000050972
      473.0000000000        0.0000035559
      474.0000000000        0.0000154935
      475.0000000000        0.0000118139
      476.0000000000        0.0000104673
      477.0000000000       -0.0000022014
      478.0000000000        0.0000015503
      479.0000000000       -0.0000063577
      480.0000000000        0.0000146051
      481.0000000000       -0.0000104426
      482.0000000000       -0.0000227603
      483.0000000000       -0.0000215654
      484.0000000000       -0.0000008709
      485.0000000000        0.0000063322
      486.0000000000        0.0000016713
      487.0000000000        0.0000032859
      488.0000000000       -0.0000032327
      489.0000000000       -0.0000071144
      490.0000000000       -0.0000027721
      491.0000000000        0.0000103393
      492.0000000000        0.0000155435
      493.0000000000       -0.0000014171
      494.0000000000        0.0000048391
      495.0000000000        0.0000040271
      496.0000000000       -0.0000017391
      497.0000000000        0.0000040864
      498.0000000000        0.0000071934
      499.0000000000       -0.0000003231
      500.0000000000        0.0000064284
      501.0000000000       -0.0000072338
      502.0000000000        0.0000108175
      503.0000000000        0.0000222598
      504.0000000000       -0.0000023773
      505.0000000000       -0.0000064152
      506.0000000000        0.0000059933
      507.0000000000       -0.0000083115
      508.0000000000       -0.0000146842
      509.0000000000        0.0000006312
      510.0000000000       -0.0000021955
      511.0000000000       -0.0000017521
      512.0000000000       -0.0000009305
      513.0000000000       -0.0000119110
      514.0000000000       -0.0000185264
      515.0000000000        0.0000088652
      516.0000000000        0.0000012839
      517.0000000000        0.0000024309
      518.0000000000       -0.0000044903
      519.0000000000       -0.0000129800
      520.0000000000        0.0000120336
      521.0000000000        0.0000302731
      522.0000000000        0.0000102870
      523.0000000000        0.0000091906
      524.0000000000        0.0000079355
      525.0000000000        0.0000244180
      526.0000000000       -0.0000000853
      527.0000000000        0.0000249678
      528.0000000000        0.0000070059
      529.0000000000       -0.0000140435
      530.0000000000       -0.0000063522
      531.0000000000        0.0000131119
      532.0000000000       -0.0000088100
      533.0000000000        0.0000210021
      534.0000000000        0.0000187197
      535.0000000000        0.0000121898
      536.0000000000        0.0000178269
      537.0000000000        0.0000148033
      538.0000000000        0.0000137073
      539.0000000000        0.0000016138
      540.0000000000        0.0000102468
      541.0000000000        0.0000276191
      542.0000000000       -0.0000006205
      543.0000000000        0.0000049971
      544.0000000000        0.0000107061
      545.0000000000        0.0000327868
      546.0000000000       -0.0000209901
      547.0000000000        0.0000189248
      548.0000000000        0.0000188640
      549.0000000000        0.0000107809
      550.0000000000        0.0000182849
      551.0000000000        0.0000430088
      552.0000000000        0.0000102691
      553.0000000000       -0.0000080617
      554.0000000000        0.0000136544
      555.0000000000        0.0000096563
      556.0000000000        0.0000158145
      557.0000000000        0.0000126689
      558.0000000000       -0.0000045398
      559.0000000000        0.0000036222
      560.0000000000       -0.0000130088
      561.0000000000        0.0000041225
      562.0000000000       -0.0000130076
      563.0000000000        0.0000076294
      564.0000000000        0.0000144741
      565.0000000000        0.0000086058
      566.0000000000        0.0000029757
      567.0000000000        0.0000173585
      568.0000000000        0.0000308752
      569.0000000000        0.0000272648
      570.0000000000        0.0000254101
      571.0000000000        0.0000169474
      572.0000000000        0.0000236474
      573.0000000000        0.0000231538
      574.0000000000        0.0000098010
      575.0000000000        0.0000127176
      576.0000000000        0.0000198603
      577.0000000000        0.0000103889
      578.0000000000       -0.0000023035
      579.0000000000       -0.0000071717
      580.0000000000       -0.0000069333
      581.0000000000        0.0000087382
      582.0000000000        0.0000151031
      583.0000000000        0.0000199743
      584.0000000000        0.0000090352
      585.0000000000        0.0000045564
      586.0000000000        0.0000207699
      587.0000000000       -0.0000138451
      588.0000000000       -0.0000137277
      589.0000000000       -0.0000090267
      590.0000000000        0.0000039564
      591.0000000000        0.0000072911
      592.0000000000       -0.0000021736
      593.0000000000        0.0000042728
      594.0000000000       -0.0000213777
      595.0000000000       -0.0000176433
      596.0000000000       -0.0000198509
      597.0000000000       -0.0000175154
      598.0000000000        0.0000077446
      599.0000000000       -0.0000150805
      600.0000000000       -0.0000211367
      601.0000000000       -0.0000061637
      602.0000000000       -0.0000062029
      603.0000000000       -0.0000046552
      604.0000000000        0.0000010583
      605.0000000000       -0.0000049372
      606.0000000000       -0.0000042798
      607.0000000000        0.0000025579
      608.0000000000       -0.0000037874
      609.0000000000        0.0000079050
      610.0000000000       -0.0000069007
      611.0000000000       -0.0000037589
      612.0000000000       -0.0000101697
      613.0000000000       -0.0000052608
      614.0000000000       -0.0000132301
      615.0000000000       -0.0000096059
      616.0000000000        0.0000004237
      617.0000000000        0.0000038151
      618.0000000000        0.0000046699
      619.0000000000       -0.0000059210
      620.0000000000       -0.0000136732
      621.0000000000       -0.0000094044
      622.0000000000       -0.0000247604
      623.0000000000       -0.0000092752
      624.0000000000       -0.0000075424
      625.0000000000        0.0000076111
      626.0000000000       -0.0000118189
      627.0000000000       -0.0000015130
      628.0000000000        0.0000003068
      629.0000000000       -0.0000112961
      630.0000000000       -0.0000121382
      631.0000000000       -0.0000137091
      632.0000000000        0.0000001825
      633.0000000000        0.0000088743
      634.0000000000       -0.0000031490
      635.0000000000       -0.0000084649
      636.0000000000        0.0000266044
      637.0000000000       -0.0000052733
      638.0000000000        0.0000176929
      639.0000000000        0.0000119054
      640.0000000000        0.0000071617
      641.0000000000       -0.0000085901
      642.0000000000       -0.0000086522
      643.0000000000       -0.0000173994
      644.0000000000       -0.0000120541
      645.0000000000        0.0000054361
      646.0000000000        0.0000072411
      647.0000000000        0.0000049926
      648.0000000000        0.0000029813
      649.0000000000        0.0000001643
      650.0000000000       -0.0000018765
      651.0000000000       -0.0000126527
      652.0000000000       -0.0000046460
      653.0000000000        0.0000011890
      654.0000000000       -0.0000037370
      655.0000000000       -0.0000166150
      656.0000000000       -0.0000114290
      657.0000000000       -0.0000224862
      658.0000000000       -0.0000176830
      659.0000000000       -0.0000221816
      660.0000000000        0.0000023127
      661.0000000000        0.0000043492
      662.0000000000       -0.0000001148
      663.0000000000       -0.0000091519
      664.0000000000       -0.0000323035
      665.0000000000       -0.0000153446
      666.0000000000       -0.0000014826
      667.0000000000       -0.0000101664
      668.0000000000       -0.0000218003
      669.0000000000       -0.0000064246
      670.0000000000        0.0000066647
      671.0000000000        0.0000205115
      672.0000000000       -0.0000097996
      673.0000000000       -0.0000113983
      674.0000000000       -0.0000356283
      675.0000000000       -0.0000272525
      676.0000000000       -0.0000083439
      677.0000000000       -0.0000018125
      678.0000000000        0.0000105408
      679.0000000000        0.0000075941
      680.0000000000        0.0000176063
      681.0000000000       -0.0000122858
      682.0000000000       -0.0000028513
      683.0000000000       -0.0000060309
      684.0000000000        0.0000015212
      685.0000000000        0.0000079219
      686.0000000000       -0.0000066008
      687.0000000000        0.0000035255
      688.0000000000       -0.0000127994
      689.0000000000        0.0000067634
      690.0000000000        0.0000151456
      691.0000000000        0.0000287889
      692.0000000000        0.0000022012
      693.0000000000        0.0000058198
      694.0000000000        0.0000132716
      695.0000000000       -0.0000166227
      696.0000000000       -0.0000059720
      697.0000000000       -0.0000104904
      698.0000000000       -0.0000204110
      699.0000000000       -0.0000134918
      700.0000000000       -0.0000001843
      701.0000000000        0.0000017017
      702.0000000000        0.0000074766
      703.0000000000        0.0000190028
      704.0000000000       -0.0000033830
      705.0000000000        0.0000022246
      706.0000000000       -0.0000155305
      707.0000000000       -0.0000089597
      708.0000000000        0.0000046625
      709.0000000000        0.0000083482
      710.0000000000        0.0000030936
      711.0000000000        0.0000119366
      712.0000000000        0.0000033577
      713.0000000000       -0.0000201924
      714.0000000000        0.0000009428
      715.0000000000        0.0000005875
      716.0000000000       -0.0000054089
      717.0000000000       -0.0000081085
      718.0000000000       -0.0000115214
      719.0000000000       -0.0000061194
      720.0000000000       -0.0000015524
      721.0000000000        0.0000068091
      722.0000000000        0.0000065661
      723.0000000000       -0.0000015701
      724.0000000000        0.0000049590
      725.0000000000        0.0000112056
      726.0000000000        0.0000215197
      727.0000000000        0.0000233395
      728.0000000000        0.0000315591
      729.0000000000        0.0000249993
      730.0000000000        0.0000288196
      731.0000000000        0.0000342548
      732.0000000000        0.0000064374
      733.0000000000        0.0000444461
      734.0000000000        0.0000159278
      735.0000000000        0.0000037082
      736.0000000000       -0.0000011439
      737.0000000000       -0.0000216704
      738.0000000000        0.0000032649
      739.0000000000        0.0000135573
      740.0000000000       -0.0000115350
      741.0000000000       -0.0000064937
      742.0000000000       -0.0000067137
      743.0000000000       -0.0000012495
      744.0000000000       -0.0000012026
      745.0000000000        0.0000098078
      746.0000000000        0.0000082372
      747.0000000000        0.0000157530
      748.0000000000        0.0000146287
      749.0000000000        0.0000103368
      750.0000000000        0.0000149778
      751.0000000000        0.0000142030
      752.0000000000       -0.0000026818
      753.0000000000        0.0000094957
      754.0000000000       -0.0000013776
      755.0000000000        0.0000030773
      756.0000000000        0.0000057990
      757.0000000000        0.0000075425
      758.0000000000        0.0000150882
      759.0000000000        0.0000110093
      760.0000000000       -0.0000035962
      761.0000000000       -0.0000119556
      762.0000000000       -0.0000057752
      763.0000000000        0.0000027297
      764.0000000000       -0.0000105235
      765.0000000000        0.0000010072
      766.0000000000        0.0000046927
      767.0000000000       -0.0000099408
      768.0000000000        0.0000107822
      769.0000000000       -0.0000215177
      770.0000000000       -0.0000026121
      771.0000000000       -0.0000002756
      772.0000000000       -0.0000174255
      773.0000000000       -0.0000339250
      774.0000000000        0.0000015869
      775.0000000000        0.0000037834
      776.0000000000       -0.0000101985
      777.0000000000       -0.0000039065
      778.0000000000       -0.0000208727
      779.0000000000       -0.0000107038
      780.0000000000        0.0000141824
      781.0000000000        0.0000108593
      782.0000000000        0.0000036088
      783.0000000000        0.0000146528
      784.0000000000        0.0000200051
      785.0000000000       -0.0000101127
      786.0000000000       -0.0000073736
      787.0000000000       -0.0000065737
      788.0000000000       -0.0000191350
      789.0000000000       -0.0000210128
      790.0000000000       -0.0000305833
      791.0000000000       -0.0000205441
      792.0000000000       -0.0000151281
      793.0000000000        0.0000162346
      794.0000000000       -0.0000133732
      795.0000000000        0.0000084458
      796.0000000000       -0.0000047079
      797.0000000000        0.0000089180
      798.0000000000        0.0000201282
      799.0000000000        0.0000096323
      800.0000000000       -0.0000063115
      801.0000000000       -0.0000019055
      802.0000000000       -0.0000085595
      803.0000000000       -0.0000197942
      804.0000000000       -0.0000118715
      805.0000000000        0.0000006947
      806.0000000000       -0.0000069233
      807.0000000000       -0.0000048078
      808.0000000000        0.0000125466
      809.0000000000        0.0000080023
      810.0000000000        0.0000190239
      811.0000000000        0.0000150471
      812.0000000000        0.0000156163
      813.0000000000        0.0000072661
      814.0000000000        0.0000213227
      815.0000000000        0.0000217366
      816.0000000000        0.0000229000
      817.0000000000        0.0000308436
      818.0000000000        0.0000165123
      819.0000000000        0.0000135551
      820.0000000000        0.0000039098
      821.0000000000        0.0000214647
      822.0000000000        0.0000283929
      823.0000000000        0.0000130184
      824.0000000000        0.0000055073
      825.0000000000        0.0000071456
      826.0000000000        0.0000247196
      827.0000000000        0.0000036980
      828.0000000000       -0.0000014639
      829.0000000000       -0.0000137148
      830.0000000000       -0.0000264996
      831.0000000000       -0.0000055854
      832.0000000000        0.0000043165
      833.0000000000        0.0000127782
      834.0000000000        0.0000043425
      835.0000000000        0.0000065933
      836.0000000000       -0.0000069720
      837.0000000000       -0.0000040214
      838.0000000000        0.0000102964
      839.0000000000       -0.0000044247
      840.0000000000        0.0000023790
      841.0000000000       -0.0000224809
      842.0000000000       -0.0000203202
      843.0000000000        0.0000042353
      844.0000000000       -0.0000046462
      845.0000000000        0.0000029695
      846.0000000000        0.0000019152
      847.0000000000       -0.0000118418
      848.0000000000        0.0000204109
      849.0000000000        0.0000112479
      850.0000000000        0.0000021532
      851.0000000000        0.0000107758
      852.0000000000       -0.0000116233
      853.0000000000        0.0000053023
      854.0000000000       -0.0000132764
      855.0000000000        0.0000055660
      856.0000000000       -0.0000065025
      857.0000000000       -0.0000036736
      858.0000000000        0.0000077125
      859.0000000000        0.0000024546
      860.0000000000       -0.0000084851
      861.0000000000       -0.0000050966
      862.0000000000       -0.0000329131
      863.0000000000        0.0000175625
      864.0000000000        0.0000140062
      865.0000000000       -0.0000056502
      866.0000000000       -0.0000112472
      867.0000000000       -0.0000262061
      868.0000000000        0.0000017125
      869.0000000000        0.0000250979
      870.0000000000        0.0000088426
      871.0000000000       -0.0000000163
      872.0000000000        0.0000099644
      873.0000000000        0.0000000678
      874.0000000000        0.0000145797
      875.0000000000       -0.0000089660
      876.0000000000        0.0000103545
      877.0000000000       -0.0000061095
      878.0000000000        0.0000001487
      879.0000000000        0.0000011867
      880.0000000000        0.0000039115
      881.0000000000       -0.0000188578
      882.0000000000        0.0000095578
      883.0000000000        0.0000130709
      884.0000000000       -0.0000017639
      885.0000000000        0.0000127944
      886.0000000000       -0.0000001381
      887.0000000000        0.0000098412
      888.0000000000       -0.0000050543
      889.0000000000       -0.0000091810
      890.0000000000       -0.0000202743
      891.0000000000       -0.0000105419
      892.0000000000       -0.0000004726
      893.0000000000       -0.0000093959
      894.0000000000        0.0000121918
      895.0000000000        0.0000094205
      896.0000000000       -0.0000024524
      897.0000000000        0.0000027110
      898.0000000000        0.0000043708
      899.0000000000       -0.0000089696
      900.0000000000        0.0000049124
      901.0000000000        0.0000000513
      902.0000000000       -0.0000171625
      903.0000000000        0.0000000243
      904.0000000000       -0.0000007394
      905.0000000000        0.0000129495
      906.0000000000        0.0000008923
      907.0000000000       -0.0000172786
      908.0000000000       -0.0000125477
      909.0000000000       -0.0000206153
      910.0000000000        0.0000003728
      911.0000000000        0.0000043618
      912.0000000000       -0.0000073641
      913.0000000000       -0.0000097773
      914.0000000000        0.0000151377
      915.0000000000        0.0000070149
      916.0000000000        0.0000117398
      917.0000000000       -0.0000194419
      918.0000000000       -0.0000075938
      919.0000000000       -0.0000119535
      920.0000000000        0.0000096804
      921.0000000000        0.0000118844
      922.0000000000        0.0000146402
      923.0000000000       -0.0000069335
      924.0000000000        0.0000149735
      925.0000000000        0.0000169517
      926.0000000000        0.0000080168
      927.0000000000        0.0000185144
      928.0000000000        0.0000090865
      929.0000000000        0.0000144583
      930.0000000000        0.0000022538
      931.0000000000       -0.0000053748
      932.0000000000       -0.0000174381
      933.0000000000       -0.0000017220
      934.0000000000        0.0000010040
      935.0000000000       -0.0000024555
      936.0000000000       -0.0000093057
      937.0000000000        0.0000116554
      938.0000000000        0.0000168280
      939.0000000000       -0.0000015111
      940.0000000000       -0.0000097250
      941.0000000000       -0.0000148457
      942.0000000000       -0.0000155277
      943.0000000000        0.0000129109
      944.0000000000       -0.0000061344
      945.0000000000        0.0000085735
      946.0000000000       -0.0000015658
      947.0000000000       -0.0000080911
      948.0000000000       -0.0000079186
      949.0000000000       -0.0000013252
      950.0000000000        0.0000171164
      951.0000000000        0.0000235828
      952.0000000000        0.0000010553
      953.0000000000        0.0000040223
      954.0000000000       -0.0000089231
      955.0000000000        0.0000004530
      956.0000000000        0.0000166995
      957.0000000000        0.0000030861
      958.0000000000        0.0000010298
      959.0000000000        0.0000203748
      960.0000000000        0.0000066416
      961.0000000000        0.0000220976
      962.0000000000        0.0000121226
      963.0000000000        0.0000106220
      964.0000000000        0.0000121639
      965.0000000000        0.0000014772
      966.0000000000        0.0000250853
      967.0000000000        0.0000005949
      968.0000000000       -0.0000176428
      969.0000000000       -0.0000017575
      970.0000000000       -0.0000245663
      971.0000000000       -0.0000069448
      972.0000000000       -0.0000005677
      973.0000000000       -0.0000065975
      974.0000000000       -0.0000103708
      975.0000000000       -0.0000001862
      976.0000000000        0.0000005578
      977.0000000000       -0.0000057451
      978.0000000000        0.0000143566
      979.0000000000       -0.0000013779
      980.0000000000       -0.0000162116
      981.0000000000       -0.0000030949
      982.0000000000        0.0000040551
      983.0000000000        0.0000012792
      984.0000000000        0.0000219057
      985.0000000000        0.0000072638
      986.0000000000       -0.0000261728
      987.0000000000       -0.0000108654
      988.0000000000       -0.0000205762
      989.0000000000       -0.0000079464
      990.0000000000       -0.0000002820
      991.0000000000       -0.0000005842
      992.0000000000       -0.0000063524
      993.0000000000       -0.0000038524
      994.0000000000       -0.0000027952
      995.0000000000       -0.0000108137
      996.0000000000       -0.0000004809
      997.0000000000       -0.0000081969
      998.0000000000        0.0000058854
      999.0000000000        0.0000300926
     1000.0000000000        0.0000251838
     1001.0000000000       -0.0000040004
     1002.0000000000       -0.0000169435
     1003.0000000000       -0.0000030835
     1004.0000000000        0.0000021253
     1005.0000000000       -0.0000074116
     1006.0000000000        0.0000027551
     1007.0000000000       -0.0000011778
     1008.0000000000       -0.0000038102
     1009.0000000000        0.0000097268
     1010.0000000000        0.0000027632
     1011.0000000000       -0.0000175998
     1012.0000000000       -0.0000116373
     1013.0000000000       -0.0000037014
     1014.0000000000       -0.0000102207
     1015.0000000000       -0.0000048176
     1016.0000000000       -0.0000114976
     1017.0000000000       -0.0000123895
     1018.0000000000       -0.0000189695
     1019.0000000000       -0.0000128580
     1020.0000000000       -0.0000167137
     1021.0000000000        0.0000058870
     1022.0000000000       -0.0000035346
     1023.0000000000       -0.0000011220
     1024.0000000000       -0.0000003995
