        0.0000000000        0.0491415921
        1.0000000000        0.0234616323
        2.0000000000        0.0157541713
        3.0000000000        0.0118281962
        4.0000000000        0.0092877393
        5.0000000000        0.0074460907
        6.0000000000        0.0061888277
        7.0000000000        0.0051152699
        8.0000000000        0.0043624013
        9.0000000000        0.0037200921
       10.0000000000        0.0030932194
       11.0000000000        0.0027049831
       12.0000000000        0.0023036228
       13.0000000000        0.0021876557
       14.0000000000        0.0018707138
       15.0000000000        0.0017805574
       16.0000000000        0.0015158814
       17.0000000000        0.0013104799
       18.0000000000        0.0012519675
       19.0000000000        0.0013094266
       20.0000000000        0.0011819319
       21.0000000000        0.0010312318
       22.0000000000        0.0009696020
       23.0000000000        0.0009055032
       24.0000000000        0.0009877325
       25.0000000000        0.0009402009
       26.0000000000        0.0009255998
       27.0000000000        0.0008340124
       28.0000000000        0.0007658875
       29.0000000000        0.0006996930
       30.0000000000        0.0006288142
       31.0000000000        0.0005899411
       32.0000000000        0.0005921272
       33.0000000000        0.0005130772
       34.0000000000        0.0005913337
       35.0000000000        0.0006140614
       36.0000000000        0.0006070761
       37.0000000000        0.0005533340
       38.0000000000        0.0005928116
       39.0000000000        0.0005321729
       40.0000000000        0.0004822516
       41.0000000000        0.0006282054
       42.0000000000        0.0006373047
       43.0000000000        0.0005744250
       44.0000000000        0.0004869450
       45.0000000000        0.0003772713
       46.0000000000        0.0003732335
       47.0000000000        0.0004340888
       48.0000000000        0.0004477563
       49.0000000000        0.0004129507
       50.0000000000        0.0003603662
       51.0000000000        0.0003261063
       52.0000000000        0.0003279815
       53.0000000000        0.0003805009
       54.0000000000        0.0004106780
       55.0000000000        0.0004471981
       56.0000000000        0.0003933280
       57.0000000000        0.0002164496
       58.0000000000        0.0002023514
       59.0000000000        0.0001089505
       60.0000000000        0.0002750314
       61.0000000000        0.0001774017
       62.0000000000        0.0001848428
       63.0000000000        0.0001700563
       64.0000000000        0.0001660596
       65.0000000000        0.0001695900
       66.0000000000        0.0002495767
       67.0000000000        0.0003160612
       68.0000000000        0.0002029612
       69.0000000000        0.0002208572
       70.0000000000        0.0000895453
       71.0000000000        0.0000963638
       72.0000000000        0.0001056587
       73.0000000000        0.0001973329
       74.0000000000        0.0001343450
       75.0000000000        0.0002074247
       76.0000000000        0.0001844681
       77.0000000000        0.0001303626
       78.0000000000        0.0001666724
       79.0000000000        0.0000857263
       80.0000000000        0.0001866084
       81.0000000000        0.0001844896
       82.0000000000        0.0001906206
       83.0000000000        0.0002453425
       84.0000000000        0.0001819468
       85.0000000000        0.0001412001
       86.0000000000        0.0001790185
       87.0000000000        0.0002406196
       88.0000000000        0.0002022120
       89.0000000000        0.0002406498
       90.0000000000        0.0003314146
       91.0000000000        0.0002863064
       92.0000000000        0.0002871187
       93.0000000000        0.0003531970
       94.0000000000        0.0004087297
       95.0000000000        0.0004268991
       96.0000000000        0.0003599232
       97.0000000000        0.0004588385
       98.0000000000        0.0003647655
       99.0000000000        0.0003432990
      100.0000000000        0.0003515480
      101.0000000000        0.0002124409
      102.0000000000        0.0001330040
      103.0000000000        0.0002333297
      104.0000000000        0.0001071688
      105.0000000000        0.0002215208
      106.0000000000        0.0002701349
      107.0000000000        0.0002875418
      108.0000000000        0.0001379083
      109.0000000000        0.0002941575
      110.0000000000        0.0002851435
      111.0000000000        0.0002261558
      112.0000000000        0.0002476220
      113.0000000000        0.0002929591
      114.0000000000        0.0001557488
      115.0000000000        0.0001531310
      116.0000000000        0.0002715915
      117.0000000000        0.0002217461
      118.0000000000        0.0002101342
      119.0000000000        0.0001480856
      120.0000000000        0.0001591955
      121.0000000000        0.0001519690
      122.0000000000        0.0001401078
      123.0000000000        0.0002312280
      124.0000000000        0.0003459573
      125.0000000000        0.0002513259
      126.0000000000        0.0001114581
      127.0000000000        0.0000956947
      128.0000000000        0.0000642336
      129.0000000000        0.0000564534
      130.0000000000        0.0000663225
      131.0000000000        0.0000720715
      132.0000000000        0.0000889872
      133.0000000000        0.0000385902
      134.0000000000        0.0000822643
      135.0000000000        0.0001472777
      136.0000000000        0.0002032110
      137.0000000000        0.0001439817
      138.0000000000        0.0002051685
      139.0000000000        0.0002404210
      140.0000000000        0.0002027919
      141.0000000000        0.0000548904
      142.0000000000        0.0000842007
      143.0000000000        0.0001703746
      144.0000000000        0.0001896030
      145.0000000000        0.0001677005
      146.0000000000        0.0000758859
      147.0000000000        0.0002109420
      148.0000000000        0.0000676411
      149.0000000000        0.0000938263
      150.0000000000        0.0000839475
      151.0000000000        0.0000588503
      152.0000000000       -0.0000122629
      153.0000000000        0.0001178126
      154.0000000000        0.0000462123
      155.0000000000        0.0001757324
      156.0000000000        0.0000581466
      157.0000000000        0.0000701973
      158.0000000000        0.0001760597
      159.0000000000        0.0000198099
      160.0000000000        0.0000094715
      161.0000000000       -0.0000136971
      162.0000000000       -0.0000034927
      163.0000000000        0.0000383457
      164.0000000000        0.0000821785
      165.0000000000        0.0001065309
      166.0000000000        0.0000693275
      167.0000000000        0.0001300693
      168.0000000000        0.0001196571
      169.0000000000        0.0000998973
      170.0000000000        0.0000986110
      171.0000000000        0.0000571557
      172.0000000000        0.0000035758
      173.0000000000        0.0000443524
      174.0000000000        0.0001102535
      175.0000000000        0.0001454468
      176.0000000000        0.0001685557
      177.0000000000        0.0001319813
      178.0000000000        0.0000835372
      179.0000000000        0.0002069664
      180.0000000000        0.0000853950
      181.0000000000        0.0000854387
      182.0000000000        0.0000901715
      183.0000000000        0.0000373868
      184.0000000000        0.0000023706
      185.0000000000       -0.0000122513
      186.0000000000       -0.0000578209
      187.0000000000       -0.0000691470
      188.0000000000       -0.0001384280
      189.0000000000       -0.0001661657
      190.0000000000        0.0000180532
      191.0000000000       -0.0000014007
      192.0000000000        0.0000724501
      193.0000000000        0.0000216395
      194.0000000000       -0.0000278635
      195.0000000000        0.0000824013
      196.0000000000        0.0000318094
      197.0000000000        0.0000668050
      198.0000000000       -0.0000395959
      199.0000000000       -0.0001543219
      200.0000000000       -0.0001815104
      201.0000000000       -0.0001199218
      202.0000000000       -0.0000987837
      203.0000000000        0.0001449165
      204.0000000000        0.0000126233
      205.0000000000        0.0000330205
      206.0000000000        0.0001413295
      207.0000000000        0.0001894751
      208.0000000000        0.0002051764
      209.0000000000        0.0000251266
      210.0000000000        0.0000501047
      211.0000000000        0.0000515140
      212.0000000000        0.0000313584
      213.0000000000       -0.0000118359
      214.0000000000       -0.0001268586
      215.0000000000       -0.0000846608
      216.0000000000       -0.0000313665
      217.0000000000       -0.0000637918
      218.0000000000        0.0000752480
      219.0000000000       -0.0000340534
      220.0000000000        0.0000106608
      221.0000000000       -0.0000808908
      222.0000000000       -0.0001005950
      223.0000000000       -0.0000396868
      224.0000000000       -0.0000440617
      225.0000000000       -0.0000795078
      226.0000000000       -0.0000631415
      227.0000000000        0.0000514035
      228.0000000000       -0.0000001652
      229.0000000000        0.0001351398
      230.0000000000        0.0003002000
      231.0000000000        0.0000768003
      232.0000000000        0.0000040074
      233.0000000000        0.0000075378
      234.0000000000        0.0000896157
      235.0000000000        0.0000986479
      236.0000000000       -0.0000132638
      237.0000000000        0.0000714025
      238.0000000000        0.0000083771
      239.0000000000        0.0000447045
      240.0000000000        0.0000458645
      241.0000000000        0.0000072225
      242.0000000000        0.0001336982
      243.0000000000        0.0000975047
      244.0000000000        0.0000688116
      245.0000000000       -0.0000026567
      246.0000000000        0.0000063210
      247.0000000000        0.0000293869
      248.0000000000        0.0000868022
      249.0000000000        0.0000909211
      250.0000000000        0.0000215715
      251.0000000000        0.0000987700
      252.0000000000        0.0002261080
      253.0000000000        0.0002248261
      254.0000000000        0.0001483068
      255.0000000000        0.0001156746
      256.0000000000        0.0001931738
      257.0000000000        0.0001730717
      258.0000000000        0.0002036871
      259.0000000000        0.0000687224
      260.0000000000        0.0000642762
      261.0000000000        0.0001090732
      262.0000000000        0.0001380211
      263.0000000000        0.0000125460
      264.0000000000       -0.0000063237
      265.0000000000       -0.0000051100
      266.0000000000        0.0001039908
      267.0000000000        0.0000539866
      268.0000000000        0.0000703119
      269.0000000000        0.0000842687
      270.0000000000       -0.0000034114
      271.0000000000        0.0000476479
      272.0000000000        0.0001192692
      273.0000000000        0.0000397931
      274.0000000000        0.0000667046
      275.0000000000        0.0000800318
      276.0000000000        0.0001522577
      277.0000000000        0.0002206065
      278.0000000000        0.0000835934
      279.0000000000        0.0000155981
      280.0000000000       -0.0000157182
      281.0000000000        0.0001247338
      282.0000000000        0.0000070997
      283.0000000000        0.0000276288
      284.0000000000        0.0001124002
      285.0000000000        0.0001404025
      286.0000000000        0.0000606166
      287.0000000000        0.0001401328
      288.0000000000        0.0001766656
      289.0000000000        0.0000838148
      290.0000000000        0.0000095165
      291.0000000000       -0.0000294236
      292.0000000000       -0.0000144033
      293.0000000000       -0.0000191055
      294.0000000000        0.0000220297
      295.0000000000        0.0000966855
      296.0000000000        0.0000487038
      297.0000000000        0.0000407279
      298.0000000000        0.0000736134
      299.0000000000       -0.0001135059
      300.0000000000        0.0000409838
      301.0000000000       -0.0000771965
      302.0000000000       -0.0000697277
      303.0000000000        0.0000593158
      304.0000000000       -0.0000037389
      305.0000000000        0.0000788609
      306.0000000000        0.0000739012
      307.0000000000       -0.0000227989
      308.0000000000       -0.0000304271
      309.0000000000       -0.0001252486
      310.0000000000       -0.0000467452
      311.0000000000       -0.0001449633
      312.0000000000       -0.0001557000
      313.0000000000       -0.0001881076
      314.0000000000       -0.0002014803
      315.0000000000       -0.0000612264
      316.0000000000        0.0000621118
      317.0000000000        0.0000410609
      318.0000000000        0.0000866659
      319.0000000000        0.0000062399
      320.0000000000        0.0000439203
      321.0000000000        0.0001571308
      322.0000000000        0.0000817256
      323.0000000000       -0.0000281045
      324.0000000000       -0.0000724548
      325.0000000000        0.0000240383
      326.0000000000        0.0000275403
      327.0000000000       -0.0000120056
      328.0000000000       -0.0001522771
      329.0000000000       -0.0001838336
      330.0000000000       -0.0001623684
      331.0000000000       -0.0000713436
      332.0000000000       -0.0001122849
      333.0000000000       -0.0000961821
      334.0000000000       -0.0000204949
      335.0000000000        0.0000172862
      336.0000000000        0.0000139402
      337.0000000000        0.0000900676
      338.0000000000        0.0000958426
      339.0000000000        0.0001735414
      340.0000000000        0.0000622882
      341.0000000000        0.0000505119
      342.0000000000        0.0001523626
      343.0000000000        0.0000943343
      344.0000000000        0.0000788588
      345.0000000000        0.0000893645
      346.0000000000        0.0000059812
      347.0000000000       -0.0000085594
      348.0000000000       -0.0000034291
      349.0000000000        0.0000928925
      350.0000000000        0.0000330078
      351.0000000000        0.0000879120
      352.0000000000       -0.0000302409
      353.0000000000        0.0000308508
      354.0000000000        0.0001151310
      355.0000000000        0.0000305413
      356.0000000000        0.0000050651
      357.0000000000       -0.0001599539
      358.0000000000       -0.0001190100
      359.0000000000        0.0000035520
      360.0000000000       -0.0000721306
      361.0000000000       -0.0001273824
      362.0000000000       -0.0002481477
      363.0000000000       -0.0001881635
      364.0000000000       -0.0001753744
      365.0000000000       -0.0001449407
      366.0000000000       -0.0001388286
      367.0000000000       -0.0000652790
      368.0000000000       -0.0000451628
      369.0000000000        0.0000692791
      370.0000000000       -0.0000493593
      371.0000000000       -0.0000320323
      372.0000000000       -0.0000504357
      373.0000000000       -0.0000180149
      374.0000000000       -0.0001186204
      375.0000000000       -0.0000387303
      376.0000000000        0.0001051917
      377.0000000000       -0.0000256338
      378.0000000000       -0.0000298651
      379.0000000000        0.0000196135
      380.0000000000        0.0000757064
      381.0000000000        0.0000759263
      382.0000000000       -0.0000375672
      383.0000000000       -0.0001183375
      384.0000000000       -0.0001083086
      385.0000000000       -0.0000931218
      386.0000000000       -0.0000296658
      387.0000000000       -0.0001454906
      388.0000000000       -0.0000363739
      389.0000000000       -0.0001440131
      390.0000000000       -0.0000159280
      391.0000000000        0.0000061972
      392.0000000000       -0.0000961552
      393.0000000000        0.0000269488
      394.0000000000        0.0000386716
      395.0000000000       -0.0000141394
      396.0000000000        0.0000344869
      397.0000000000       -0.0000463492
      398.0000000000        0.0000113338
      399.0000000000        0.0000389872
      400.0000000000        0.0000446039
      401.0000000000       -0.0000526985
      402.0000000000       -0.0000740476
      403.0000000000       -0.0000404691
      404.0000000000        0.0000093144
      405.0000000000       -0.0000208587
      406.0000000000       -0.0000020551
      407.0000000000        0.0000591758
      408.0000000000        0.0001419889
      409.0000000000        0.0001627085
      410.0000000000        0.0001327646
      411.0000000000        0.0000072885
      412.0000000000       -0.0000324300
      413.0000000000        0.0001076889
      414.0000000000        0.0002095229
      415.0000000000       -0.0000131647
      416.0000000000       -0.0001738548
      417.0000000000       -0.0001377323
      418.0000000000       -0.0000897439
      419.0000000000       -0.0000462399
      420.0000000000       -0.0000553106
      421.0000000000        0.0000533736
      422.0000000000        0.0000690951
      423.0000000000        0.0002097311
      424.0000000000        0.0002146319
      425.0000000000        0.0001016105
      426.0000000000        0.0000248629
      427.0000000000       -0.0000110000
      428.0000000000       -0.0000122504
      429.0000000000       -0.0000060037
      430.0000000000        0.0000368660
      431.0000000000        0.0000149557
      432.0000000000        0.0000940010
      433.0000000000        0.0000225379
      434.0000000000       -0.0000297850
      435.0000000000        0.0000534417
      436.0000000000        0.0000639283
      437.0000000000        0.0000489374
      438.0000000000       -0.0000442017
      439.0000000000        0.0000453984
      440.0000000000        0.0000578610
      441.0000000000       -0.0000041126
      442.0000000000       -0.0000410000
      443.0000000000        0.0000491435
      444.0000000000       -0.0000107482
      445.0000000000       -0.0000421804
      446.0000000000       -0.0000879146
      447.0000000000       -0.0000612986
      448.0000000000       -0.0000426785
      449.0000000000       -0.0000807623
      450.0000000000        0.0000306418
      451.0000000000       -0.0000483625
      452.0000000000       -0.0001101832
      453.0000000000        0.0000146827
      454.0000000000       -0.0000244141
      455.0000000000        0.0000345624
      456.0000000000       -0.0000313264
      457.0000000000       -0.0000173664
      458.0000000000        0.0000610265
      459.0000000000        0.0000272691
      460.0000000000        0.0000065612
      461.0000000000       -0.0000080961
      462.0000000000       -0.0001183871
      463.0000000000       -0.0000197221
      464.0000000000        0.0001052716
      465.0000000000        0.0001596904
      466.0000000000        0.0001106141
      467.0000000000        0.0000221864
      468.0000000000        0.0000964237
      469.0000000000        0.0001177432
      470.0000000000        0.0000857595
      471.0000000000        0.0000863216
      472.0000000000        0.0000242645
      473.0000000000        0.0000777578
      474.0000000000        0.0001679692
      475.0000000000       -0.0000419157
      476.0000000000       -0.0000228956
      477.0000000000        0.0000421326
      478.0000000000        0.0001065805
      479.0000000000        0.0000508418
      480.0000000000        0.0000597985
      481.0000000000       -0.0000165400
      482.0000000000        0.0000010491
      483.0000000000       -0.0000652632
      484.0000000000       -0.0001384860
      485.0000000000       -0.0001321917
      486.0000000000       -0.0001151642
      487.0000000000       -0.0000458809
      488.0000000000       -0.0000922590
      489.0000000000       -0.0000343047
      490.0000000000        0.0001229742
      491.0000000000        0.0000462464
      492.0000000000        0.0000668689
      493.0000000000        0.0000099997
      494.0000000000        0.0000178397
      495.0000000000        0.0000180270
      496.0000000000        0.0001209404
      497.0000000000        0.0001691141
      498.0000000000       -0.0000032527
      499.0000000000       -0.0000413159
      500.0000000000       -0.0001018485
      501.0000000000       -0.0000878371
      502.0000000000       -0.0000734097
      503.0000000000       -0.0000742306
      504.0000000000        0.0000890561
      505.0000000000       -0.0000228784
      506.0000000000        0.0001111277
      507.0000000000        0.0000453848
      508.0000000000        0.0001236602
      509.0000000000        0.0000194772
      510.0000000000        0.0000659783
      511.0000000000        0.0001107205
      512.0000000000       -0.0000102088
      513.0000000000       -0.0001206345
      514.0000000000        0.0000275951
      515.0000000000        0.0000526756
      516.0000000000       -0.0000250147
      517.0000000000       -0.0000585798
      518.0000000000        0.0000519302
      519.0000000000       -0.0000904508
      520.0000000000       -0.0000691482
      521.0000000000       -0.0000942954
      522.0000000000        0.0000091409
      523.0000000000        0.0000775678
      524.0000000000        0.0000485119
      525.0000000000       -0.0000275377
      526.0000000000       -0.0001082540
      527.0000000000       -0.0000386432
      528.0000000000       -0.0001198076
      529.0000000000       -0.0000735948
      530.0000000000        0.0000555640
      531.0000000000        0.0000494120
      532.0000000000        0.0000335519
      533.0000000000       -0.0000496712
      534.0000000000       -0.0000722338
      535.0000000000       -0.0000546670
      536.0000000000       -0.0000142419
      537.0000000000       -0.0000442074
      538.0000000000        0.0000858370
      539.0000000000       -0.0000046289
      540.0000000000        0.0000316281
      541.0000000000       -0.0000398677
      542.0000000000        0.0000171448
      543.0000000000        0.0000901237
      544.0000000000        0.0000937958
      545.0000000000       -0.0000315904
      546.0000000000       -0.0000395392
      547.0000000000        0.0000281175
      548.0000000000        0.0000575741
      549.0000000000       -0.0000548009
      550.0000000000       -0.0001308792
      551.0000000000       -0.0000428597
      552.0000000000       -0.0001399493
      553.0000000000       -0.0001328334
      554.0000000000       -0.0000962932
      555.0000000000       -0.0000782726
      556.0000000000        0.0000164265
      557.0000000000        0.0001141227
      558.0000000000        0.0000145457
      559.0000000000       -0.0000679894
      560.0000000000       -0.0000756814
      561.0000000000        0.0001190161
      562.0000000000        0.0000875675
      563.0000000000        0.0000069238
      564.0000000000       -0.0000045572
      565.0000000000       -0.0000912953
      566.0000000000       -0.0001198304
      567.0000000000       -0.0001242430
      568.0000000000       -0.0000780887
      569.0000000000       -0.0001175218
      570.0000000000       -0.0000788819
      571.0000000000       -0.0000878733
      572.0000000000        0.0000540456
      573.0000000000       -0.0001456281
      574.0000000000       -0.0000847036
      575.0000000000       -0.0000481505
      576.0000000000        0.0000582163
      577.0000000000        0.0001121689
      578.0000000000        0.0000357042
      579.0000000000       -0.0000006851
      580.0000000000        0.0000072386
      581.0000000000        0.0000123266
      582.0000000000        0.0000235248
      583.0000000000        0.0001098925
      584.0000000000        0.0000382922
      585.0000000000        0.0000003814
      586.0000000000        0.0001394737
      587.0000000000        0.0000194582
      588.0000000000       -0.0000614090
      589.0000000000       -0.0000486826
      590.0000000000        0.0000481025
      591.0000000000       -0.0000412193
      592.0000000000        0.0001606948
      593.0000000000        0.0000650909
      594.0000000000       -0.0001027204
      595.0000000000       -0.0000382266
      596.0000000000       -0.0001017590
      597.0000000000       -0.0000829860
      598.0000000000       -0.0000513083
      599.0000000000       -0.0000696210
      600.0000000000       -0.0002608265
      601.0000000000        0.0000034119
      602.0000000000        0.0000821416
      603.0000000000        0.0000061003
      604.0000000000        0.0000169226
      605.0000000000        0.0001395126
      606.0000000000       -0.0000188599
      607.0000000000        0.0000584279
      608.0000000000       -0.0000470698
      609.0000000000        0.0001518104
      610.0000000000        0.0000500166
      611.0000000000        0.0000661398
      612.0000000000       -0.0000131544
      613.0000000000       -0.0000768012
      614.0000000000       -0.0001308391
      615.0000000000       -0.0001778703
      616.0000000000       -0.0002052342
      617.0000000000       -0.0001632931
      618.0000000000        0.0000142887
      619.0000000000        0.0000561885
      620.0000000000        0.0001437020
      621.0000000000        0.0002875832
      622.0000000000        0.0001133700
      623.0000000000       -0.0000098779
      624.0000000000       -0.0000542628
      625.0000000000       -0.0000396261
      626.0000000000        0.0001187861
      627.0000000000        0.0001989549
      628.0000000000        0.0000365035
      629.0000000000        0.0000508583
      630.0000000000        0.0001343319
      631.0000000000        0.0001457426
      632.0000000000        0.0003271298
      633.0000000000        0.0002685696
      634.0000000000        0.0001179379
      635.0000000000        0.0000208630
      636.0000000000        0.0001125412
      637.0000000000        0.0000659453
      638.0000000000        0.0001551402
      639.0000000000        0.0001163093
      640.0000000000        0.0001529971
      641.0000000000        0.0001221712
      642.0000000000        0.0000653740
      643.0000000000       -0.0000648736
      644.0000000000       -0.0000222617
      645.0000000000       -0.0000248834
      646.0000000000        0.0000245677
      647.0000000000        0.0000501900
      648.0000000000       -0.0001810007
      649.0000000000       -0.0001445752
      650.0000000000       -0.0000449686
      651.0000000000       -0.0001209250
      652.0000000000       -0.0001236266
      653.0000000000       -0.0001411203
      654.0000000000        0.0000067207
      655.0000000000        0.0000628880
      656.0000000000        0.0000690679
      657.0000000000       -0.0000193223
      658.0000000000       -0.0000112688
      659.0000000000        0.0000546703
      660.0000000000       -0.0000086832
      661.0000000000       -0.0000733684
      662.0000000000       -0.0000539352
      663.0000000000       -0.0000132440
      664.0000000000       -0.0000253601
      665.0000000000       -0.0000529419
      666.0000000000        0.0000236108
      667.0000000000       -0.0000152911
      668.0000000000       -0.0001688273
      669.0000000000       -0.0000400752
      670.0000000000        0.0000029717
      671.0000000000        0.0001363577
      672.0000000000        0.0001593546
      673.0000000000       -0.0000544928
      674.0000000000       -0.0000654885
      675.0000000000       -0.0000501455
      676.0000000000       -0.0000601826
      677.0000000000       -0.0000601848
      678.0000000000       -0.0000527718
      679.0000000000       -0.0001009590
      680.0000000000       -0.0001422822
      681.0000000000       -0.0002447276
      682.0000000000       -0.0001886659
      683.0000000000       -0.0001337145
      684.0000000000       -0.0001047951
      685.0000000000       -0.0000248261
      686.0000000000       -0.0000732507
      687.0000000000       -0.0001648887
      688.0000000000       -0.0001371955
      689.0000000000       -0.0000975620
      690.0000000000       -0.0001076623
      691.0000000000       -0.0000878799
      692.0000000000       -0.0001638121
      693.0000000000       -0.0001468563
      694.0000000000        0.0000276851
      695.0000000000        0.0000878141
      696.0000000000        0.0000568090
      697.0000000000        0.0000207678
      698.0000000000       -0.0001292422
      699.0000000000       -0.0001354187
      700.0000000000       -0.0002185540
      701.0000000000       -0.0000437023
      702.0000000000       -0.0000602284
      703.0000000000       -0.0000851199
      704.0000000000       -0.0000067095
      705.0000000000       -0.0000092463
      706.0000000000       -0.0000206934
      707.0000000000       -0.0000162291
      708.0000000000        0.0000187902
      709.0000000000        0.0000016879
      710.0000000000       -0.0000158751
      711.0000000000       -0.0000125570
      712.0000000000        0.0000397811
      713.0000000000       -0.0000136708
      714.0000000000        0.0000175072
      715.0000000000       -0.0000120136
      716.0000000000       -0.0000638626
      717.0000000000       -0.0000370736
      718.0000000000       -0.0001843801
      719.0000000000       -0.0001738132
      720.0000000000       -0.0000376548
      721.0000000000       -0.0000288029
      722.0000000000        0.0000988416
      723.0000000000       -0.0000463931
      724.0000000000        0.0001129352
      725.0000000000        0.0000477575
      726.0000000000        0.0000015191
      727.0000000000       -0.0000339692
      728.0000000000       -0.0000638033
      729.0000000000       -0.0001356125
      730.0000000000       -0.0002243614
      731.0000000000       -0.0001839777
      732.0000000000       -0.0002687251
      733.0000000000       -0.0001715948
      734.0000000000       -0.0000495701
      735.0000000000       -0.0000023558
      736.0000000000        0.0000205649
      737.0000000000        0.0000124494
      738.0000000000       -0.0000043418
      739.0000000000        0.0000071134
      740.0000000000       -0.0000251116
      741.0000000000       -0.0000328844
      742.0000000000        0.0000683202
      743.0000000000        0.0000116147
      744.0000000000       -0.0000152945
      745.0000000000        0.0000342767
      746.0000000000        0.0001413364
      747.0000000000        0.0000663314
      748.0000000000       -0.0000817229
      749.0000000000       -0.0000744378
      750.0000000000       -0.0001080028
      751.0000000000       -0.0000315478
      752.0000000000       -0.0001458879
      753.0000000000       -0.0000818381
      754.0000000000       -0.0000458531
      755.0000000000       -0.0000269622
      756.0000000000       -0.0000365278
      757.0000000000       -0.0000877903
      758.0000000000       -0.0000709469
      759.0000000000       -0.0000412405
      760.0000000000       -0.0001316774
      761.0000000000        0.0000042957
      762.0000000000       -0.0000293408
      763.0000000000        0.0000061386
      764.0000000000       -0.0000656343
      765.0000000000       -0.0000334591
      766.0000000000       -0.0000884849
      767.0000000000       -0.0000241557
      768.0000000000       -0.0000839740
      769.0000000000       -0.0000067303
      770.0000000000       -0.0000535431
      771.0000000000       -0.0000650607
      772.0000000000       -0.0002181133
      773.0000000000       -0.0002590603
      774.0000000000       -0.0002082616
      775.0000000000       -0.0001927476
      776.0000000000       -0.0002234171
      777.0000000000       -0.0001578721
      778.0000000000       -0.0002584727
      779.0000000000       -0.0002162628
      780.0000000000       -0.0001159268
      781.0000000000       -0.0001955913
      782.0000000000       -0.0001852857
      783.0000000000       -0.0001241113
      784.0000000000       -0.0001607671
      785.0000000000        0.0000195295
      786.0000000000        0.0000021672
      787.0000000000        0.0000346617
      788.0000000000        0.0000944997
      789.0000000000       -0.0001040450
      790.0000000000       -0.0000824310
      791.0000000000       -0.0000321356
      792.0000000000       -0.0000758725
      793.0000000000        0.0000076924
      794.0000000000       -0.0000400326
      795.0000000000       -0.0001330867
      796.0000000000       -0.0001075721
      797.0000000000       -0.0000875093
      798.0000000000       -0.0000472557
      799.0000000000        0.0000091279
      800.0000000000        0.0000541343
      801.0000000000       -0.0000067277
      802.0000000000       -0.0000153672
      803.0000000000       -0.0000863572
      804.0000000000       -0.0001312488
      805.0000000000       -0.0000831795
      806.0000000000       -0.0001348613
      807.0000000000       -0.0000035523
      808.0000000000        0.0000816614
      809.0000000000        0.0000290160
      810.0000000000        0.0000043575
      811.0000000000        0.0000537561
      812.0000000000       -0.0000489651
      813.0000000000        0.0000593598
      814.0000000000       -0.0000273342
      815.0000000000       -0.0000149725
      816.0000000000       -0.0000709649
      817.0000000000        0.0000300310
      818.0000000000        0.0000818643
      819.0000000000        0.0000231917
      820.0000000000        0.0000726757
      821.0000000000        0.0000059716
      822.0000000000       -0.0000362995
      823.0000000000        0.0000635457
      824.0000000000        0.0000694489
      825.0000000000        0.0000585856
      826.0000000000       -0.0000892032
      827.0000000000       -0.0000436936
      828.0000000000       -0.0001361045
      829.0000000000       -0.0000867404
      830.0000000000       -0.0000685814
      831.0000000000        0.0000464910
      832.0000000000        0.0001490780
      833.0000000000        0.0000948112
      834.0000000000       -0.0000858819
      835.0000000000       -0.0000207467
      836.0000000000       -0.0001510156
      837.0000000000       -0.0002162708
      838.0000000000       -0.0001420172
      839.0000000000       -0.0001202964
      840.0000000000       -0.0001043254
      841.0000000000        0.0000110697
      842.0000000000        0.0000372736
      843.0000000000        0.0000307957
      844.0000000000       -0.0000889852
      845.0000000000       -0.0000621992
      846.0000000000       -0.0000620652
      847.0000000000        0.0000175257
      848.0000000000        0.0000482634
      849.0000000000        0.0001248751
      850.0000000000        0.0000334420
      851.0000000000        0.0000938032
      852.0000000000        0.0000722102
      853.0000000000        0.0000874651
      854.0000000000        0.0001938022
      855.0000000000        0.0001613376
      856.0000000000        0.0001166806
      857.0000000000       -0.0000498179
      858.0000000000       -0.0000208171
      859.0000000000       -0.0000069193
      860.0000000000        0.0000221775
      861.0000000000       -0.0000531741
      862.0000000000        0.0000838476
      863.0000000000       -0.0000277089
      864.0000000000       -0.0000658581
      865.0000000000       -0.0000839196
      866.0000000000        0.0000257769
      867.0000000000       -0.0000508247
      868.0000000000        0.0001295808
      869.0000000000        0.0002324103
      870.0000000000        0.0001063113
      871.0000000000        0.0001381152
      872.0000000000        0.0000231156
      873.0000000000       -0.0001141667
      874.0000000000       -0.0001107453
      875.0000000000       -0.0001381743
      876.0000000000       -0.0001434874
      877.0000000000       -0.0001544110
      878.0000000000       -0.0002031836
      879.0000000000       -0.0002244018
      880.0000000000       -0.0001856037
      881.0000000000       -0.0000850097
      882.0000000000       -0.0001030360
      883.0000000000       -0.0000535798
      884.0000000000       -0.0000200138
      885.0000000000       -0.0000316304
      886.0000000000        0.0000219216
      887.0000000000       -0.0000371399
      888.0000000000       -0.0000401739
      889.0000000000       -0.0001918509
      890.0000000000       -0.0002706017
      891.0000000000       -0.0001925295
      892.0000000000       -0.0002105947
      893.0000000000       -0.0001235317
      894.0000000000       -0.0000528746
      895.0000000000       -0.0001178392
      896.0000000000       -0.0002140560
      897.0000000000       -0.0001254051
      898.0000000000       -0.0001713612
      899.0000000000       -0.0001878030
      900.0000000000       -0.0001519368
      901.0000000000       -0.0000872001
      902.0000000000       -0.0000660028
      903.0000000000       -0.0000736925
      904.0000000000       -0.0001412483
      905.0000000000       -0.0001800998
      906.0000000000       -0.0002282547
      907.0000000000       -0.0001479927
      908.0000000000       -0.0000911986
      909.0000000000       -0.0000979144
      910.0000000000       -0.0001418664
      911.0000000000       -0.0001538786
      912.0000000000       -0.0000522547
      913.0000000000       -0.0000255677
      914.0000000000       -0.0001213339
      915.0000000000       -0.0000450822
      916.0000000000       -0.0001810176
      917.0000000000       -0.0000437542
      918.0000000000       -0.0001360999
      919.0000000000       -0.0001650163
      920.0000000000       -0.0001049616
      921.0000000000       -0.0001115380
      922.0000000000       -0.0000760296
      923.0000000000       -0.0000910184
      924.0000000000       -0.0000201671
      925.0000000000       -0.0001230933
      926.0000000000       -0.0000183662
      927.0000000000        0.0001475184
      928.0000000000       -0.0000584580
      929.0000000000        0.0000420265
      930.0000000000        0.0000868233
      931.0000000000        0.0001524323
      932.0000000000        0.0000123221
      933.0000000000       -0.0001185415
      934.0000000000       -0.0000632084
      935.0000000000        0.0000240462
      936.0000000000        0.0000937580
      937.0000000000        0.0001355467
      938.0000000000        0.0000149608
      939.0000000000        0.0000363557
      940.0000000000        0.0000176115
      941.0000000000        0.0000069577
      942.0000000000        0.0000582809
      943.0000000000        0.0001331802
      944.0000000000        0.0001387476
      945.0000000000        0.0001358808
      946.0000000000        0.0002065997
      947.0000000000        0.0000517684
      948.0000000000        0.0000427089
      949.0000000000        0.0001146971
      950.0000000000        0.0001118173
      951.0000000000        0.0000011864
      952.0000000000       -0.0000541791
      953.0000000000        0.0000804620
      954.0000000000        0.0001392631
      955.0000000000        0.0000830630
      956.0000000000        0.0000621689
      957.0000000000       -0.0000091881
      958.0000000000       -0.0000367237
      959.0000000000        0.0000265704
      960.0000000000        0.0000374769
      961.0000000000       -0.0001003172
      962.0000000000       -0.0001548775
      963.0000000000       -0.0000787177
      964.0000000000       -0.0001612811
      965.0000000000       -0.0000911332
      966.0000000000       -0.0000386136
      967.0000000000       -0.0001024528
      968.0000000000       -0.0000705273
      969.0000000000       -0.0001259100
      970.0000000000       -0.0000160119
      971.0000000000        0.0000200035
      972.0000000000        0.0000721917
      973.0000000000        0.0000464760
      974.0000000000        0.0000813490
      975.0000000000        0.0001446515
      976.0000000000        0.0001745442
      977.0000000000        0.0001669990
      978.0000000000        0.0002089849
      979.0000000000        0.0001966318
      980.0000000000        0.0001181894
      981.0000000000        0.0002134841
      982.0000000000        0.0002070070
      983.0000000000        0.0001899508
      984.0000000000        0.0002705480
      985.0000000000        0.0000558141
      986.0000000000        0.0000774181
      987.0000000000        0.0001739498
      988.0000000000        0.0001162339
      989.0000000000        0.0001173260
      990.0000000000        0.0000887947
      991.0000000000        0.0001215227
      992.0000000000       -0.0000084976
      993.0000000000       -0.0000347194
      994.0000000000       -0.0001378365
      995.0000000000       -0.0000813790
      996.0000000000       -0.0000432537
      997.0000000000        0.0000268737
      998.0000000000       -0.0000961516
      999.0000000000       -0.0000676228
     1000.0000000000       -0.0000612856
     1001.0000000000        0.0000498198
     1002.0000000000        0.0000363825
     1003.0000000000        0.0000556485
     1004.0000000000       -0.0000030121
     1005.0000000000       -0.0000350927
     1006.0000000000        0.0000084576
     1007.0000000000        0.0000453003
     1008.0000000000       -0.0000175264
     1009.0000000000       -0.0000693643
     1010.0000000000       -0.0000338200
     1011.0000000000       -0.0000127614
     1012.0000000000       -0.0001219310
     1013.0000000000       -0.0001349910
     1014.0000000000        0.0000151721
     1015.0000000000       -0.0000345955
     1016.0000000000        0.0000371200
     1017.0000000000        0.0000507417
     1018.0000000000       -0.0000048138
     1019.0000000000        0.0000070208
     1020.0000000000        0.0000502308
     1021.0000000000        0.0000575106
     1022.0000000000        0.0000169852
     1023.0000000000        0.0000012325
     1024.0000000000       -0.0000705257
