        0.0000000000        0.0148157192
        1.0000000000        0.0067367806
        2.0000000000        0.0044495884
        3.0000000000        0.0032635051
        4.0000000000        0.0025679927
        5.0000000000        0.0020524634
        6.0000000000        0.0016859707
        7.0000000000        0.0013739737
        8.0000000000        0.0011950835
        9.0000000000        0.0010077566
       10.0000000000        0.0008650242
       11.0000000000        0.0007218333
       12.0000000000        0.0005898475
       13.0000000000        0.0005117439
       14.0000000000        0.0004365805
       15.0000000000        0.0003832456
       16.0000000000        0.0003272473
       17.0000000000        0.0002855323
       18.0000000000        0.0002378728
       19.0000000000        0.0002211958
       20.0000000000        0.0001637828
       21.0000000000        0.0001102254
       22.0000000000        0.0000691570
       23.0000000000        0.0000228284
       24.0000000000        0.0000533243
       25.0000000000        0.0000516624
       26.0000000000        0.0000522237
       27.0000000000        0.0000651245
       28.0000000000        0.0000812750
       29.0000000000        0.0000120357
       30.0000000000        0.0000076264
       31.0000000000        0.0000174402
       32.0000000000        0.0000104697
