        0.0000000000        0.0427625254
        1.0000000000        0.0186502063
        2.0000000000        0.0120989625
        3.0000000000        0.0088494922
        4.0000000000        0.0068455080
        5.0000000000        0.0054686498
        6.0000000000        0.0044717567
        7.0000000000        0.0036990764
        8.0000000000        0.0030834688
        9.0000000000        0.0025985356
       10.0000000000        0.0021898038
       11.0000000000        0.0018559128
       12.0000000000        0.0015678095
       13.0000000000        0.0013248685
       14.0000000000        0.0011140235
       15.0000000000        0.0009434209
       16.0000000000        0.0007867336
       17.0000000000        0.0006564486
       18.0000000000        0.0005427089
       19.0000000000        0.0004499582
       20.0000000000        0.0003627419
       21.0000000000        0.0002850294
       22.0000000000        0.0002268160
       23.0000000000        0.0001678899
       24.0000000000        0.0001267885
       25.0000000000        0.0000934441
       26.0000000000        0.0000562075
       27.0000000000        0.0000381432
       28.0000000000        0.0000190191
       29.0000000000        0.0000018918
       30.0000000000       -0.0000023534
       31.0000000000       -0.0000100654
       32.0000000000       -0.0000194477
