        0.0000000000        0.0151667812
        1.0000000000        0.0068790575
        2.0000000000        0.0045340330
        3.0000000000        0.0033231023
        4.0000000000        0.0025845278
        5.0000000000        0.0020827765
        6.0000000000        0.0016868480
        7.0000000000        0.0013824434
        8.0000000000        0.0012001505
        9.0000000000        0.0010203151
       10.0000000000        0.0008421267
       11.0000000000        0.0007043696
       12.0000000000        0.0005796030
       13.0000000000        0.0004831473
       14.0000000000        0.0004189129
       15.0000000000        0.0003622085
       16.0000000000        0.0003009260
       17.0000000000        0.0002354277
       18.0000000000        0.0002066818
       19.0000000000        0.0001743781
       20.0000000000        0.0001386645
       21.0000000000        0.0001245903
       22.0000000000        0.0000920889
       23.0000000000        0.0000739961
       24.0000000000        0.0000634095
       25.0000000000        0.0000579963
       26.0000000000        0.0000413722
       27.0000000000        0.0000528896
       28.0000000000        0.0000657063
       29.0000000000        0.0000505933
       30.0000000000        0.0000224922
       31.0000000000        0.0000123730
       32.0000000000        0.0000141097
