        0.0000000000        0.0310381597
        1.0000000000        0.0127583396
        2.0000000000        0.0087172406
        3.0000000000        0.0067267409
        4.0000000000        0.0052902865
        5.0000000000        0.0043893853
        6.0000000000        0.0036257913
        7.0000000000        0.0029605987
        8.0000000000        0.0025088038
        9.0000000000        0.0021806040
       10.0000000000        0.0018490804
       11.0000000000        0.0015353617
       12.0000000000        0.0012604514
       13.0000000000        0.0011093983
       14.0000000000        0.0010412514
       15.0000000000        0.0010639275
       16.0000000000        0.0008336310
       17.0000000000        0.0007766490
       18.0000000000        0.0007280124
       19.0000000000        0.0007508053
       20.0000000000        0.0006013092
       21.0000000000        0.0005037839
       22.0000000000        0.0004457338
       23.0000000000        0.0003790171
       24.0000000000        0.0004100651
       25.0000000000        0.0003744647
       26.0000000000        0.0001366754
       27.0000000000        0.0001295225
       28.0000000000        0.0001643724
       29.0000000000        0.0001817315
       30.0000000000        0.0002306437
       31.0000000000        0.0002309951
       32.0000000000        0.0003475478
