        0.0000000000        0.0333423459
        1.0000000000        0.0146034284
        2.0000000000        0.0098370339
        3.0000000000        0.0071415305
        4.0000000000        0.0053223429
        5.0000000000        0.0042301347
        6.0000000000        0.0033744648
        7.0000000000        0.0026443808
        8.0000000000        0.0022681821
        9.0000000000        0.0018177780
       10.0000000000        0.0015357887
       11.0000000000        0.0013387060
       12.0000000000        0.0010474525
       13.0000000000        0.0009462663
       14.0000000000        0.0008323550
       15.0000000000        0.0007989010
       16.0000000000        0.0006713662
       17.0000000000        0.0005430890
       18.0000000000        0.0005268937
       19.0000000000        0.0004667990
       20.0000000000        0.0003869410
       21.0000000000        0.0003885454
       22.0000000000        0.0002959385
       23.0000000000        0.0002540950
       24.0000000000        0.0003840865
       25.0000000000        0.0003342622
       26.0000000000        0.0002505430
       27.0000000000        0.0001908182
       28.0000000000        0.0001648549
       29.0000000000        0.0001401565
       30.0000000000        0.0001239173
       31.0000000000        0.0000604455
       32.0000000000        0.0000923442
