        0.0000000000        0.0214457992
        1.0000000000        0.0058222612
        2.0000000000        0.0032625551
        3.0000000000        0.0022594254
        4.0000000000        0.0017110036
        5.0000000000        0.0013535878
        6.0000000000        0.0011062712
        7.0000000000        0.0009230865
        8.0000000000        0.0007757956
        9.0000000000        0.0006614822
       10.0000000000        0.0005682173
       11.0000000000        0.0004894497
       12.0000000000        0.0004172470
       13.0000000000        0.0003604575
       14.0000000000        0.0003115603
       15.0000000000        0.0002697680
       16.0000000000        0.0002335121
       17.0000000000        0.0001998368
       18.0000000000        0.0001692452
       19.0000000000        0.0001439870
       20.0000000000        0.0001213048
       21.0000000000        0.0001014008
       22.0000000000        0.0000826711
       23.0000000000        0.0000694029
       24.0000000000        0.0000573858
       25.0000000000        0.0000460152
       26.0000000000        0.0000354305
       27.0000000000        0.0000251671
       28.0000000000        0.0000153901
       29.0000000000        0.0000089388
       30.0000000000        0.0000054891
       31.0000000000       -0.0000041272
       32.0000000000       -0.0000039263
