     -255.0000000000       -0.0004215780       -0.0004184421       -0.0003988757       -0.0004104203       -0.0004094903       -0.0004039635       -0.0004194806       -0.0004181031
     -254.0000000000       -0.0004020348       -0.0004314276       -0.0003960805       -0.0004011188       -0.0004059763       -0.0003914820       -0.0004038012       -0.0004274887
     -253.0000000000       -0.0003945788       -0.0004233080       -0.0004120106       -0.0004124765       -0.0004090093       -0.0003953520       -0.0003939340       -0.0004368777
     -252.0000000000       -0.0003961143       -0.0004117565       -0.0004176856       -0.0004209569       -0.0004116063       -0.0004115073       -0.0003903761       -0.0004251504
     -251.0000000000       -0.0004003472       -0.0004055904       -0.0004130760       -0.0004077703       -0.0004185618       -0.0004175091       -0.0003967385       -0.0004114693
     -250.0000000000       -0.0004113836       -0.0004024620       -0.0004061314       -0.0004125838       -0.0004219026       -0.0004122509       -0.0003961243       -0.0004077187
     -249.0000000000       -0.0004197951       -0.0004001374       -0.0004098990       -0.0004101609       -0.0004114970       -0.0004107261       -0.0003962711       -0.0003926826
     -248.0000000000       -0.0004170658       -0.0003993711       -0.0004224016       -0.0003981074       -0.0004080080       -0.0004018824       -0.0003788451       -0.0004036931
     -247.0000000000       -0.0004286574       -0.0003939655       -0.0004241635       -0.0003878358       -0.0004247588       -0.0004099067       -0.0003840936       -0.0004287416
     -246.0000000000       -0.0004340473       -0.0003980895       -0.0004134059       -0.0003986707       -0.0004348077       -0.0004094844       -0.0004170705       -0.0004212400
     -245.0000000000       -0.0004191696       -0.0004047827       -0.0004087474       -0.0004036183       -0.0004275837       -0.0004008068       -0.0004366397       -0.0004087503
     -244.0000000000       -0.0003970117       -0.0004209976       -0.0004163724       -0.0004033235       -0.0004275037       -0.0004092743       -0.0004283012       -0.0004127983
     -243.0000000000       -0.0003918157       -0.0004245818       -0.0004154131       -0.0004026109       -0.0004350781       -0.0004013412       -0.0004127920       -0.0004143297
     -242.0000000000       -0.0004074255       -0.0004239643       -0.0004101997       -0.0004008316       -0.0004154616       -0.0003841032       -0.0004105006       -0.0004021195
     -241.0000000000       -0.0004182485       -0.0004280259       -0.0004213077       -0.0004118969       -0.0004173840       -0.0003844556       -0.0004116855       -0.0004019032
     -240.0000000000       -0.0003991673       -0.0004345082       -0.0004206510       -0.0004140254       -0.0004271732       -0.0003997723       -0.0004149253       -0.0004041962
     -239.0000000000       -0.0004053264       -0.0004379950       -0.0004135125       -0.0004055959       -0.0004100861       -0.0004175902       -0.0004132269       -0.0004002717
     -238.0000000000       -0.0004277783       -0.0004341227       -0.0003942526       -0.0004046717       -0.0003849105       -0.0004166240       -0.0004044868       -0.0003935922
     -237.0000000000       -0.0004354792       -0.0004318897       -0.0004020735       -0.0004077501       -0.0003901888       -0.0004126640       -0.0003998260       -0.0003930946
     -236.0000000000       -0.0004259219       -0.0004132930       -0.0004155092       -0.0004152298       -0.0004075704       -0.0004160705       -0.0004094776       -0.0003930627
     -235.0000000000       -0.0004168081       -0.0003927048       -0.0004188618       -0.0004274907       -0.0004090125       -0.0004208391       -0.0003937642       -0.0004176181
     -234.0000000000       -0.0003990913       -0.0003934713       -0.0004190720       -0.0004249779       -0.0004104913       -0.0004190670       -0.0003945542       -0.0004241318
     -233.0000000000       -0.0003818511       -0.0003987606       -0.0004264420       -0.0004053727       -0.0004096558       -0.0004008698       -0.0003928105       -0.0004202672
     -232.0000000000       -0.0003817294       -0.0004046750       -0.0004258101       -0.0004169865       -0.0004005311       -0.0003894421       -0.0003982196       -0.0004142766
     -231.0000000000       -0.0003833660       -0.0004067323       -0.0004139109       -0.0004248960       -0.0004001889       -0.0003939831       -0.0004187655       -0.0004005685
     -230.0000000000       -0.0003972186       -0.0004019829       -0.0004094174       -0.0004199586       -0.0003961224       -0.0004036895       -0.0004271925       -0.0003944694
     -229.0000000000       -0.0004279744       -0.0004089837       -0.0004072362       -0.0004211033       -0.0003922972       -0.0004032817       -0.0004212799       -0.0004018548
     -228.0000000000       -0.0004320267       -0.0004304969       -0.0004063862       -0.0004240615       -0.0003958174       -0.0004134375       -0.0004189191       -0.0003925528
     -227.0000000000       -0.0004199312       -0.0004352854       -0.0004018282       -0.0004208542       -0.0004072229       -0.0004160121       -0.0004076850       -0.0003998504
     -226.0000000000       -0.0004099556       -0.0004206190       -0.0004001360       -0.0004093165       -0.0004069638       -0.0004003594       -0.0004009442       -0.0004095429
     -225.0000000000       -0.0004017190       -0.0004198137       -0.0004056711       -0.0004053939       -0.0004002063       -0.0003955033       -0.0004128421       -0.0004143889
     -224.0000000000       -0.0003973524       -0.0004124004       -0.0004034769       -0.0004116937       -0.0004064830       -0.0004040015       -0.0004118675       -0.0004144412
     -223.0000000000       -0.0003969509       -0.0004180648       -0.0003997323       -0.0003948198       -0.0004207625       -0.0004189353       -0.0004188174       -0.0004017468
     -222.0000000000       -0.0004191005       -0.0004288103       -0.0004043889       -0.0003851798       -0.0004170815       -0.0004145219       -0.0004037908       -0.0004073674
     -221.0000000000       -0.0004371954       -0.0004111870       -0.0004074655       -0.0003881220       -0.0004049624       -0.0004066581       -0.0004065005       -0.0004121542
     -220.0000000000       -0.0004332507       -0.0004023032       -0.0004068117       -0.0003897145       -0.0004109903       -0.0004012516       -0.0004142848       -0.0004131122
     -219.0000000000       -0.0004237859       -0.0004085904       -0.0004097313       -0.0004016230       -0.0004167159       -0.0003982340       -0.0004025623       -0.0004077083
     -218.0000000000       -0.0004240558       -0.0004153328       -0.0004095254       -0.0004044824       -0.0004234333       -0.0004263738       -0.0003978267       -0.0004182798
     -217.0000000000       -0.0004153417       -0.0004171194       -0.0004198786       -0.0004064190       -0.0004143367       -0.0004310243       -0.0004091630       -0.0004159774
     -216.0000000000       -0.0004165155       -0.0004057812       -0.0004309730       -0.0003975937       -0.0004018646       -0.0004131865       -0.0004174164       -0.0004084174
     -215.0000000000       -0.0004109488       -0.0003908407       -0.0004222033       -0.0003942509       -0.0004053117       -0.0004055936       -0.0004302064       -0.0004158442
     -214.0000000000       -0.0004093582       -0.0004006608       -0.0004097999       -0.0004184324       -0.0004153081       -0.0004101284       -0.0004290811       -0.0004131571
     -213.0000000000       -0.0004102437       -0.0004138114       -0.0004169060       -0.0004234331       -0.0004148370       -0.0004129242       -0.0004149470       -0.0004203288
     -212.0000000000       -0.0004104017       -0.0004087398       -0.0004155202       -0.0004100266       -0.0004173207       -0.0004035841       -0.0004095225       -0.0004350047
     -211.0000000000       -0.0004168868       -0.0004074462       -0.0004192253       -0.0004126870       -0.0004151871       -0.0004047003       -0.0004087105       -0.0004171018
     -210.0000000000       -0.0004299591       -0.0004216016       -0.0004169284       -0.0004327722       -0.0004168192       -0.0004220203       -0.0003953949       -0.0004015389
     -209.0000000000       -0.0004275086       -0.0004318069       -0.0004204077       -0.0004489436       -0.0004103192       -0.0004266951       -0.0003701975       -0.0003976655
     -208.0000000000       -0.0004167858       -0.0004280415       -0.0004136504       -0.0004456570       -0.0003984980       -0.0004159238       -0.0003761138       -0.0003867226
     -207.0000000000       -0.0004142372       -0.0004209095       -0.0004069304       -0.0004322784       -0.0003919824       -0.0003955641       -0.0003930708       -0.0003874805
     -206.0000000000       -0.0004170974       -0.0004200919       -0.0004129555       -0.0004183522       -0.0003967694       -0.0004007801       -0.0003994806       -0.0003912876
     -205.0000000000       -0.0004188520       -0.0004144931       -0.0004131636       -0.0004117258       -0.0004105666       -0.0004004442       -0.0003966183       -0.0004012139
     -204.0000000000       -0.0004117981       -0.0004143626       -0.0004111598       -0.0004081532       -0.0004019724       -0.0004040555       -0.0004053817       -0.0004065321
     -203.0000000000       -0.0004044719       -0.0004195409       -0.0004177433       -0.0004075844       -0.0004070858       -0.0004021799       -0.0004187688       -0.0004018294
     -202.0000000000       -0.0004140220       -0.0004146390       -0.0004089147       -0.0004086318       -0.0004275666       -0.0004060126       -0.0004232158       -0.0004183257
     -201.0000000000       -0.0004168494       -0.0004129183       -0.0004152989       -0.0003989228       -0.0004175123       -0.0004008189       -0.0004133959       -0.0004176758
     -200.0000000000       -0.0004114904       -0.0004044363       -0.0004073110       -0.0003996318       -0.0003939693       -0.0004045376       -0.0004152647       -0.0003948330
     -199.0000000000       -0.0004173142       -0.0004187531       -0.0004013446       -0.0004230110       -0.0003939918       -0.0004037726       -0.0004253190       -0.0003932183
     -198.0000000000       -0.0004200204       -0.0004238168       -0.0004147367       -0.0004309622       -0.0004078715       -0.0004112037       -0.0004341267       -0.0004005757
     -197.0000000000       -0.0004200700       -0.0004216483       -0.0004166012       -0.0004266711       -0.0004156297       -0.0004224563       -0.0004296623       -0.0004028998
     -196.0000000000       -0.0004170221       -0.0004180788       -0.0004271192       -0.0004211332       -0.0004189017       -0.0004149487       -0.0004167028       -0.0004067593
     -195.0000000000       -0.0004093811       -0.0004187534       -0.0004259530       -0.0004125714       -0.0004149266       -0.0003989825       -0.0004137156       -0.0003958000
     -194.0000000000       -0.0004139542       -0.0004120610       -0.0004078679       -0.0004114534       -0.0004171666       -0.0004052931       -0.0004094574       -0.0003988802
     -193.0000000000       -0.0004233408       -0.0004080414       -0.0004015301       -0.0004164228       -0.0004189801       -0.0003952706       -0.0004213743       -0.0003961878
     -192.0000000000       -0.0004149830       -0.0004165835       -0.0004029530       -0.0004178478       -0.0004159469       -0.0003988430       -0.0004252457       -0.0003848599
     -191.0000000000       -0.0004077441       -0.0004139719       -0.0004086256       -0.0004058487       -0.0004120028       -0.0004147146       -0.0004207270       -0.0003882273
     -190.0000000000       -0.0004056899       -0.0004071714       -0.0003989016       -0.0004156507       -0.0004214407       -0.0004090877       -0.0004191131       -0.0004074456
     -189.0000000000       -0.0003998165       -0.0004028049       -0.0003905666       -0.0004248316       -0.0004137747       -0.0003950393       -0.0004140365       -0.0004110385
     -188.0000000000       -0.0004092973       -0.0003956810       -0.0003952986       -0.0004268533       -0.0004191588       -0.0003945088       -0.0003981537       -0.0004081793
     -187.0000000000       -0.0004232111       -0.0004195260       -0.0004046712       -0.0004160258       -0.0004208938       -0.0003924113       -0.0003878055       -0.0004029871
     -186.0000000000       -0.0004273223       -0.0004201795       -0.0004159604       -0.0003986222       -0.0004120535       -0.0004033759       -0.0003978698       -0.0003980768
     -185.0000000000       -0.0004368585       -0.0003973847       -0.0004066513       -0.0004004159       -0.0003822890       -0.0004091259       -0.0003913690       -0.0003930522
     -184.0000000000       -0.0004457376       -0.0004053467       -0.0004043978       -0.0004119978       -0.0003911464       -0.0004016250       -0.0003888348       -0.0003847554
     -183.0000000000       -0.0004317668       -0.0004015228       -0.0004087319       -0.0004241804       -0.0004134056       -0.0004049061       -0.0004170306       -0.0003889769
     -182.0000000000       -0.0004251041       -0.0003818032       -0.0004020657       -0.0004142574       -0.0004065973       -0.0004167315       -0.0004248248       -0.0003967150
     -181.0000000000       -0.0004174992       -0.0003935496       -0.0004000270       -0.0004092116       -0.0004025638       -0.0004234994       -0.0004038826       -0.0004078384
     -180.0000000000       -0.0004179479       -0.0004039658       -0.0004224444       -0.0004146916       -0.0004092164       -0.0004202671       -0.0003899073       -0.0004110964
     -179.0000000000       -0.0004210909       -0.0004088943       -0.0004113935       -0.0004026172       -0.0004044734       -0.0004094775       -0.0003921675       -0.0004068566
     -178.0000000000       -0.0004183089       -0.0004160391       -0.0004030172       -0.0004020444       -0.0003987341       -0.0004126032       -0.0003951799       -0.0004004673
     -177.0000000000       -0.0004107871       -0.0004113120       -0.0003954858       -0.0004224165       -0.0003955926       -0.0004104412       -0.0003874100       -0.0003939326
     -176.0000000000       -0.0004065380       -0.0004099702       -0.0004005899       -0.0004226340       -0.0004017338       -0.0004001224       -0.0003927195       -0.0003922096
     -175.0000000000       -0.0004052874       -0.0004139379       -0.0003931463       -0.0004246533       -0.0003985095       -0.0003965903       -0.0003983676       -0.0003832597
     -174.0000000000       -0.0004142162       -0.0004168007       -0.0003982407       -0.0004190217       -0.0003971387       -0.0003983423       -0.0003977976       -0.0003747480
     -173.0000000000       -0.0004124994       -0.0004110723       -0.0004196278       -0.0004083729       -0.0003985971       -0.0004097613       -0.0003989606       -0.0003682500
     -172.0000000000       -0.0003912240       -0.0003984844       -0.0004175390       -0.0003943227       -0.0003993935       -0.0003963537       -0.0003999377       -0.0003575244
     -171.0000000000       -0.0004002142       -0.0004009796       -0.0004096628       -0.0004060928       -0.0003998035       -0.0003773236       -0.0004004416       -0.0003637241
     -170.0000000000       -0.0004129426       -0.0004017441       -0.0004125510       -0.0004161649       -0.0004136455       -0.0003856392       -0.0004048250       -0.0003700780
     -169.0000000000       -0.0004217948       -0.0003920580       -0.0004052230       -0.0004095573       -0.0004235090       -0.0003893232       -0.0004043576       -0.0003801313
     -168.0000000000       -0.0004288258       -0.0003988559       -0.0003979691       -0.0004097680       -0.0004164563       -0.0004009257       -0.0003822039       -0.0003843896
     -167.0000000000       -0.0004009826       -0.0004177003       -0.0004006804       -0.0004155320       -0.0004097049       -0.0004159917       -0.0003632761       -0.0003720715
     -166.0000000000       -0.0003937092       -0.0004336235       -0.0004122929       -0.0004149556       -0.0004122491       -0.0004272870       -0.0003683885       -0.0003744405
     -165.0000000000       -0.0004270488       -0.0004421142       -0.0004211001       -0.0004024569       -0.0004088308       -0.0004300756       -0.0003732770       -0.0003837523
     -164.0000000000       -0.0004351926       -0.0004252441       -0.0004199255       -0.0003972493       -0.0004022825       -0.0004013069       -0.0003902804       -0.0003898007
     -163.0000000000       -0.0004245094       -0.0004218916       -0.0004257512       -0.0004021143       -0.0004123321       -0.0003887216       -0.0003827168       -0.0003930701
     -162.0000000000       -0.0004097154       -0.0004228696       -0.0004351746       -0.0003972396       -0.0004066949       -0.0003789473       -0.0003590038       -0.0003901697
     -161.0000000000       -0.0004128992       -0.0004117269       -0.0004251069       -0.0003981980       -0.0004049175       -0.0003831020       -0.0003721176       -0.0003764833
     -160.0000000000       -0.0004167519       -0.0004137922       -0.0004250423       -0.0004088222       -0.0004181513       -0.0003897190       -0.0003852628       -0.0003642463
     -159.0000000000       -0.0004095473       -0.0004090604       -0.0004295167       -0.0004114773       -0.0004208427       -0.0003928748       -0.0003833985       -0.0003634168
     -158.0000000000       -0.0003990335       -0.0004053544       -0.0004190783       -0.0004053892       -0.0004093792       -0.0003910802       -0.0003667172       -0.0003667550
     -157.0000000000       -0.0003981944       -0.0004007367       -0.0004090928       -0.0004040100       -0.0004160039       -0.0003917643       -0.0003662398       -0.0003706867
     -156.0000000000       -0.0004113461       -0.0003957618       -0.0004182367       -0.0004162949       -0.0003994046       -0.0003925662       -0.0003641920       -0.0003635608
     -155.0000000000       -0.0003983111       -0.0004064915       -0.0004156528       -0.0004034229       -0.0003892645       -0.0003968348       -0.0003615030       -0.0003604025
     -154.0000000000       -0.0003908050       -0.0004268831       -0.0004013056       -0.0004026911       -0.0004035800       -0.0003816818       -0.0003748189       -0.0003710672
     -153.0000000000       -0.0004038136       -0.0004251526       -0.0004001417       -0.0004063799       -0.0004179357       -0.0003808429       -0.0004000159       -0.0003693194
     -152.0000000000       -0.0004093427       -0.0004214721       -0.0004063508       -0.0004099942       -0.0004069871       -0.0003806686       -0.0003999335       -0.0003587123
     -151.0000000000       -0.0004089126       -0.0004099769       -0.0004196207       -0.0004151242       -0.0003845727       -0.0003748069       -0.0003898103       -0.0003466537
     -150.0000000000       -0.0004086610       -0.0004099087       -0.0004119529       -0.0004070846       -0.0003921826       -0.0003912082       -0.0003770775       -0.0003317738
     -149.0000000000       -0.0004063867       -0.0004122547       -0.0003904570       -0.0004181860       -0.0003962357       -0.0004003418       -0.0003759917       -0.0003356150
     -148.0000000000       -0.0004006634       -0.0004169487       -0.0003968559       -0.0004250345       -0.0003979959       -0.0003923454       -0.0003815018       -0.0003406545
     -147.0000000000       -0.0003965032       -0.0004085322       -0.0004100488       -0.0004171258       -0.0004100777       -0.0003933787       -0.0003677418       -0.0003403812
     -146.0000000000       -0.0004013604       -0.0003956411       -0.0004183169       -0.0004095735       -0.0004015079       -0.0003941030       -0.0003621438       -0.0003178900
     -145.0000000000       -0.0004240337       -0.0003949920       -0.0004197868       -0.0004109915       -0.0003979129       -0.0004013609       -0.0003704290       -0.0003167747
     -144.0000000000       -0.0004273900       -0.0003919329       -0.0004103964       -0.0004171352       -0.0003907932       -0.0003977261       -0.0003703670       -0.0003250504
     -143.0000000000       -0.0004177326       -0.0003920789       -0.0004145407       -0.0004180170       -0.0003919360       -0.0004021156       -0.0003533485       -0.0003283058
     -142.0000000000       -0.0004156954       -0.0004027313       -0.0003957397       -0.0003983096       -0.0003861094       -0.0003924931       -0.0003315238       -0.0003315723
     -141.0000000000       -0.0004242514       -0.0004045353       -0.0004090321       -0.0003870950       -0.0003940901       -0.0003716704       -0.0003381957       -0.0003287025
     -140.0000000000       -0.0004099818       -0.0003934456       -0.0004335746       -0.0003952201       -0.0003992756       -0.0003666933       -0.0003329675       -0.0003317971
     -139.0000000000       -0.0004136305       -0.0003896702       -0.0004402868       -0.0003999871       -0.0003920259       -0.0003803200       -0.0003453949       -0.0003339670
     -138.0000000000       -0.0004276745       -0.0004018269       -0.0004286568       -0.0003891431       -0.0003838768       -0.0003854316       -0.0003440061       -0.0003167715
     -137.0000000000       -0.0004214299       -0.0004037510       -0.0004093049       -0.0003949666       -0.0003918198       -0.0003647382       -0.0003384029       -0.0003016089
     -136.0000000000       -0.0004105477       -0.0004182182       -0.0003988060       -0.0004012149       -0.0003930097       -0.0003555506       -0.0003291790       -0.0003054043
     -135.0000000000       -0.0003950775       -0.0004228365       -0.0003924427       -0.0003970799       -0.0003860667       -0.0003728204       -0.0003270393       -0.0002901757
     -134.0000000000       -0.0003892548       -0.0004059982       -0.0004070138       -0.0004014508       -0.0003926848       -0.0003641929       -0.0003339812       -0.0002758415
     -133.0000000000       -0.0003953229       -0.0004057547       -0.0004127600       -0.0004024068       -0.0003868076       -0.0003502414       -0.0003205737       -0.0002629397
     -132.0000000000       -0.0004144853       -0.0004150886       -0.0004084700       -0.0004010340       -0.0003763914       -0.0003444019       -0.0003090057       -0.0002827564
     -131.0000000000       -0.0004225281       -0.0004281387       -0.0004084554       -0.0004037417       -0.0003758678       -0.0003478720       -0.0003093232       -0.0002819269
     -130.0000000000       -0.0004013160       -0.0004267574       -0.0004132169       -0.0004122687       -0.0003760388       -0.0003429459       -0.0003169743       -0.0002603434
     -129.0000000000       -0.0004070476       -0.0004227860       -0.0004222407       -0.0004065275       -0.0003750242       -0.0003424774       -0.0003188678       -0.0002592129
     -128.0000000000       -0.0004293135       -0.0004242581       -0.0004279215       -0.0004028232       -0.0003748681       -0.0003457781       -0.0003137597       -0.0002770457
     -127.0000000000       -0.0004316751       -0.0004114122       -0.0004254882       -0.0003995954       -0.0003785170       -0.0003383513       -0.0003147038       -0.0002849353
     -126.0000000000       -0.0004372822       -0.0004166919       -0.0004139496       -0.0003871579       -0.0003826770       -0.0003362876       -0.0003048124       -0.0002697473
     -125.0000000000       -0.0004398139       -0.0004281962       -0.0004177490       -0.0003940051       -0.0003866682       -0.0003330174       -0.0002839985       -0.0002644119
     -124.0000000000       -0.0004138943       -0.0004263729       -0.0004118858       -0.0003943301       -0.0003707840       -0.0003273203       -0.0002847955       -0.0002651729
     -123.0000000000       -0.0004070410       -0.0004186131       -0.0004087223       -0.0003828289       -0.0003731208       -0.0003230197       -0.0002842152       -0.0002487477
     -122.0000000000       -0.0004238885       -0.0004288539       -0.0004127612       -0.0003770963       -0.0003667060       -0.0003244921       -0.0002879780       -0.0002511540
     -121.0000000000       -0.0004199832       -0.0004428379       -0.0004072204       -0.0003878428       -0.0003609194       -0.0003106820       -0.0002816574       -0.0002432826
     -120.0000000000       -0.0004132549       -0.0004349031       -0.0004108422       -0.0003985009       -0.0003499148       -0.0002900090       -0.0002570206       -0.0002351306
     -119.0000000000       -0.0004177962       -0.0004215361       -0.0004128942       -0.0003965958       -0.0003392700       -0.0002947986       -0.0002626405       -0.0002324826
     -118.0000000000       -0.0004193884       -0.0004226786       -0.0004032124       -0.0003898806       -0.0003421019       -0.0003041196       -0.0002633976       -0.0002159317
     -117.0000000000       -0.0004141725       -0.0004364683       -0.0003716890       -0.0003859649       -0.0003485721       -0.0003134506       -0.0002519430       -0.0001965355
     -116.0000000000       -0.0004219832       -0.0004352511       -0.0003894142       -0.0003816536       -0.0003483180       -0.0003125111       -0.0002243755       -0.0001809751
     -115.0000000000       -0.0004257983       -0.0004213219       -0.0003904547       -0.0003778575       -0.0003332159       -0.0003041635       -0.0002257184       -0.0001954688
     -114.0000000000       -0.0004148601       -0.0004105190       -0.0004021829       -0.0003861238       -0.0003289202       -0.0002945505       -0.0002360754       -0.0002060343
     -113.0000000000       -0.0004190508       -0.0004098520       -0.0004056526       -0.0003889743       -0.0003307213       -0.0002833249       -0.0002304529       -0.0001935289
     -112.0000000000       -0.0004134528       -0.0004089393       -0.0003991874       -0.0003785054       -0.0003222891       -0.0002685345       -0.0002267234       -0.0001756219
     -111.0000000000       -0.0004168610       -0.0004053971       -0.0003936335       -0.0003646838       -0.0003254117       -0.0002579986       -0.0002272687       -0.0001702554
     -110.0000000000       -0.0004274606       -0.0004139771       -0.0003986182       -0.0003664776       -0.0003294654       -0.0002649158       -0.0002118577       -0.0001625811
     -109.0000000000       -0.0004178652       -0.0004313015       -0.0003998971       -0.0003541958       -0.0003285328       -0.0002476354       -0.0002062080       -0.0001458367
     -108.0000000000       -0.0004165180       -0.0004290903       -0.0003929588       -0.0003509724       -0.0003095253       -0.0002393455       -0.0001933976       -0.0001390497
     -107.0000000000       -0.0004158856       -0.0004144755       -0.0003964743       -0.0003548759       -0.0002881352       -0.0002415323       -0.0001918742       -0.0001435855
     -106.0000000000       -0.0004258780       -0.0004051867       -0.0004040081       -0.0003575533       -0.0002822013       -0.0002364141       -0.0001908373       -0.0001364173
     -105.0000000000       -0.0004301266       -0.0004130781       -0.0003875098       -0.0003498527       -0.0002896609       -0.0002345527       -0.0001785097       -0.0001240875
     -104.0000000000       -0.0004187513       -0.0004256293       -0.0003834495       -0.0003522769       -0.0002926614       -0.0002277312       -0.0001527913       -0.0001163753
     -103.0000000000       -0.0004141801       -0.0004032850       -0.0003844787       -0.0003475381       -0.0002875663       -0.0002155301       -0.0001417652       -0.0001048311
     -102.0000000000       -0.0004115332       -0.0004008343       -0.0003695900       -0.0003581983       -0.0002659284       -0.0001987960       -0.0001329855       -0.0001027658
     -101.0000000000       -0.0004157458       -0.0004107280       -0.0003701909       -0.0003650238       -0.0002526295       -0.0001977011       -0.0001073879       -0.0001055109
     -100.0000000000       -0.0004301177       -0.0004056653       -0.0003834142       -0.0003244032       -0.0002365698       -0.0001860824       -0.0000974219       -0.0000786340
      -99.0000000000       -0.0004344569       -0.0004010129       -0.0003923293       -0.0003192733       -0.0002251907       -0.0001632842       -0.0000981570       -0.0000644074
      -98.0000000000       -0.0004126064       -0.0004057745       -0.0003957860       -0.0003296057       -0.0002245676       -0.0001610857       -0.0000928633       -0.0000509363
      -97.0000000000       -0.0004018466       -0.0004109119       -0.0003945303       -0.0003256125       -0.0002363327       -0.0001530536       -0.0000898268       -0.0000434817
      -96.0000000000       -0.0004171241       -0.0004053960       -0.0003984094       -0.0003119591       -0.0002261312       -0.0001484702       -0.0000741443       -0.0000299111
      -95.0000000000       -0.0004254550       -0.0004024064       -0.0003696260       -0.0002995063       -0.0002055650       -0.0001406746       -0.0000493825       -0.0000102311
      -94.0000000000       -0.0004143071       -0.0004038530       -0.0003551809       -0.0002787316       -0.0002136402       -0.0001259170       -0.0000540925       -0.0000004458
      -93.0000000000       -0.0004116515       -0.0004140844       -0.0003778078       -0.0002771062       -0.0002118968       -0.0001116994       -0.0000500795        0.0000149701
      -92.0000000000       -0.0004156052       -0.0004237277       -0.0003897598       -0.0002846392       -0.0001973928       -0.0000874197       -0.0000439120        0.0000131361
      -91.0000000000       -0.0004066819       -0.0004054912       -0.0003754558       -0.0002784881       -0.0001836784       -0.0000804478       -0.0000346690        0.0000010887
      -90.0000000000       -0.0004052754       -0.0003947966       -0.0003595201       -0.0002549124       -0.0001550736       -0.0000768019       -0.0000406019        0.0000118866
      -89.0000000000       -0.0004275742       -0.0003939971       -0.0003613469       -0.0002335119       -0.0001360468       -0.0000773338       -0.0000203794        0.0000319155
      -88.0000000000       -0.0004180716       -0.0004016627       -0.0003758284       -0.0002364004       -0.0001410680       -0.0000815422       -0.0000105160        0.0000379706
      -87.0000000000       -0.0004083998       -0.0004116191       -0.0003665299       -0.0002407866       -0.0001411161       -0.0000543678       -0.0000180664        0.0000635318
      -86.0000000000       -0.0004158380       -0.0004007933       -0.0003373773       -0.0002334270       -0.0001271172       -0.0000405112       -0.0000087034        0.0000832553
      -85.0000000000       -0.0004148845       -0.0003888315       -0.0003277970       -0.0002318591       -0.0001231218       -0.0000412987        0.0000197150        0.0000905946
      -84.0000000000       -0.0003955080       -0.0003845232       -0.0003323433       -0.0002239687       -0.0001094307       -0.0000374943        0.0000418863        0.0001040901
      -83.0000000000       -0.0004036185       -0.0003841439       -0.0003309330       -0.0001983278       -0.0000856744       -0.0000122962        0.0000738911        0.0001270862
      -82.0000000000       -0.0004235403       -0.0003856662       -0.0003204974       -0.0001815915       -0.0000751406        0.0000175783        0.0000870944        0.0001332096
      -81.0000000000       -0.0004349969       -0.0003845609       -0.0003298101       -0.0001724148       -0.0000606737        0.0000376911        0.0000987429        0.0001496746
      -80.0000000000       -0.0004272546       -0.0003910839       -0.0003211088       -0.0001629203       -0.0000371433        0.0000535715        0.0001169458        0.0001700133
      -79.0000000000       -0.0004231369       -0.0004060766       -0.0002889090       -0.0001598506       -0.0000214068        0.0000519193        0.0001301684        0.0001723424
      -78.0000000000       -0.0004091409       -0.0004248016       -0.0002883170       -0.0001492848       -0.0000195653        0.0000588294        0.0001481788        0.0001706600
      -77.0000000000       -0.0004016971       -0.0004332268       -0.0002684649       -0.0001310102       -0.0000121494        0.0000682138        0.0001535099        0.0001881384
      -76.0000000000       -0.0004169937       -0.0004069447       -0.0002605091       -0.0001032253        0.0000113756        0.0000790462        0.0001593302        0.0001991746
      -75.0000000000       -0.0004176213       -0.0003943203       -0.0002493070       -0.0000764433        0.0000370643        0.0001028692        0.0001788360        0.0002011259
      -74.0000000000       -0.0004048496       -0.0003895419       -0.0002501172       -0.0000638265        0.0000551098        0.0001217821        0.0001840946        0.0002069400
      -73.0000000000       -0.0004073617       -0.0003938378       -0.0002425552       -0.0000460359        0.0000654918        0.0001442017        0.0001827772        0.0002224869
      -72.0000000000       -0.0004326527       -0.0003917452       -0.0002320849       -0.0000394846        0.0000694128        0.0001648028        0.0002045796        0.0002575109
      -71.0000000000       -0.0004379488       -0.0003906085       -0.0002135149       -0.0000312231        0.0000968285        0.0001870843        0.0002140779        0.0002963503
      -70.0000000000       -0.0004063302       -0.0003893991       -0.0001946307       -0.0000029035        0.0001264135        0.0002151620        0.0002354220        0.0003053377
      -69.0000000000       -0.0003887047       -0.0003797307       -0.0001811412        0.0000009184        0.0001429533        0.0002374910        0.0002550348        0.0003002199
      -68.0000000000       -0.0004054138       -0.0003743684       -0.0001721754        0.0000066552        0.0001703644        0.0002485019        0.0002726415        0.0003165921
      -67.0000000000       -0.0004220964       -0.0003658508       -0.0001634679        0.0000309907        0.0001754967        0.0002642857        0.0002859654        0.0003217047
      -66.0000000000       -0.0004086153       -0.0003595637       -0.0001374887        0.0000568195        0.0001733209        0.0002761120        0.0003051396        0.0003243305
      -65.0000000000       -0.0004028952       -0.0003573389       -0.0001183557        0.0000853865        0.0001971040        0.0002798950        0.0003266507        0.0003431048
      -64.0000000000       -0.0004109729       -0.0003463601       -0.0000954439        0.0001058180        0.0002309380        0.0003052710        0.0003442817        0.0003752959
      -63.0000000000       -0.0004147496       -0.0003266549       -0.0000587164        0.0001280968        0.0002660878        0.0003404230        0.0003555386        0.0003958852
      -62.0000000000       -0.0004130137       -0.0003080492       -0.0000334490        0.0001610108        0.0002859544        0.0003585772        0.0003730336        0.0003913803
      -61.0000000000       -0.0004025435       -0.0002948427        0.0000005279        0.0001987306        0.0003048235        0.0003745252        0.0003923016        0.0003922348
      -60.0000000000       -0.0004055351       -0.0002991947        0.0000218364        0.0002225372        0.0003356906        0.0003772454        0.0004184649        0.0004248781
      -59.0000000000       -0.0004021400       -0.0003007613        0.0000223060        0.0002484018        0.0003577970        0.0004042641        0.0004385007        0.0004495892
      -58.0000000000       -0.0004057368       -0.0002958391        0.0000401420        0.0002829600        0.0003815141        0.0004141574        0.0004397618        0.0004597398
      -57.0000000000       -0.0004103425       -0.0002842481        0.0000784292        0.0003045069        0.0003934243        0.0004383615        0.0004616522        0.0004780405
      -56.0000000000       -0.0004189964       -0.0002795361        0.0001062587        0.0003307194        0.0004295027        0.0004705635        0.0004881521        0.0004932123
      -55.0000000000       -0.0004246437       -0.0002535904        0.0001288927        0.0003483961        0.0004568079        0.0004880404        0.0005020207        0.0004955556
      -54.0000000000       -0.0004209491       -0.0002275497        0.0001511631        0.0003767144        0.0004721561        0.0005015181        0.0005104125        0.0005025245
      -53.0000000000       -0.0004213823       -0.0002205710        0.0001916926        0.0004174956        0.0005157324        0.0005329338        0.0005243071        0.0005205955
      -52.0000000000       -0.0004280306       -0.0001826804        0.0002424010        0.0004479656        0.0005426518        0.0005623848        0.0005510792        0.0005432053
      -51.0000000000       -0.0004378212       -0.0001520894        0.0002752790        0.0004805547        0.0005692754        0.0005705373        0.0005712412        0.0005589778
      -50.0000000000       -0.0004312024       -0.0001470392        0.0003034418        0.0005110838        0.0005985201        0.0005880585        0.0005914010        0.0005660593
      -49.0000000000       -0.0004251075       -0.0001286396        0.0003444253        0.0005369759        0.0006108148        0.0006149319        0.0006312665        0.0005710323
      -48.0000000000       -0.0004396426       -0.0000921390        0.0003900987        0.0005528446        0.0006258579        0.0006209227        0.0006383249        0.0005837298
      -47.0000000000       -0.0004502233       -0.0000446048        0.0004398828        0.0005901839        0.0006527780        0.0006521842        0.0006372571        0.0006065861
      -46.0000000000       -0.0004414222        0.0000061525        0.0004793615        0.0006391080        0.0006618309        0.0006802939        0.0006442496        0.0006347351
      -45.0000000000       -0.0004162105        0.0000407643        0.0005231845        0.0006816202        0.0006832873        0.0006974067        0.0006627946        0.0006387925
      -44.0000000000       -0.0004328466        0.0000624508        0.0005478278        0.0007044797        0.0007125742        0.0007256992        0.0006918205        0.0006582778
      -43.0000000000       -0.0004457815        0.0000934617        0.0005827011        0.0007483418        0.0007440647        0.0007549435        0.0007070818        0.0006694382
      -42.0000000000       -0.0004440107        0.0001501908        0.0006241026        0.0007818071        0.0007777904        0.0007734855        0.0007208126        0.0006801411
      -41.0000000000       -0.0004435152        0.0002232114        0.0006939821        0.0008061029        0.0008013200        0.0007718634        0.0007360740        0.0006950851
      -40.0000000000       -0.0004464865        0.0002922244        0.0007466232        0.0008298530        0.0008342965        0.0007923406        0.0007658251        0.0007242175
      -39.0000000000       -0.0004347021        0.0003369315        0.0007941999        0.0008707379        0.0008700316        0.0008145243        0.0007918512        0.0007439141
      -38.0000000000       -0.0004193675        0.0003989264        0.0008545331        0.0009095747        0.0009087099        0.0008201705        0.0008052961        0.0007376162
      -37.0000000000       -0.0004224883        0.0004715715        0.0008966549        0.0009530249        0.0009286825        0.0008325239        0.0008097886        0.0007407315
      -36.0000000000       -0.0004259295        0.0005314722        0.0009456863        0.0009819105        0.0009280269        0.0008533545        0.0008187619        0.0007456800
      -35.0000000000       -0.0004238179        0.0006080832        0.0010029417        0.0010136213        0.0009566648        0.0008880721        0.0008458939        0.0007805138
      -34.0000000000       -0.0004344513        0.0006964336        0.0010585638        0.0010576291        0.0009828530        0.0009188058        0.0008717608        0.0007931769
      -33.0000000000       -0.0004290616        0.0007826594        0.0011181096        0.0010828082        0.0009977841        0.0009450971        0.0008633932        0.0007967121
      -32.0000000000       -0.0004086878        0.0008560182        0.0011662884        0.0011175936        0.0010300352        0.0009590899        0.0008582857        0.0008204988
      -31.0000000000       -0.0004110761        0.0009279018        0.0012192513        0.0011642851        0.0010710042        0.0009851478        0.0008825885        0.0008218520
      -30.0000000000       -0.0004222232        0.0010143407        0.0012802849        0.0011916699        0.0011027767        0.0010223151        0.0009039800        0.0008399554
      -29.0000000000       -0.0004246271        0.0010964002        0.0013187923        0.0012176783        0.0011195611        0.0010369735        0.0009126175        0.0008501761
      -28.0000000000       -0.0004050044        0.0011950809        0.0013622575        0.0012450952        0.0011362776        0.0010364779        0.0009239252        0.0008535285
      -27.0000000000       -0.0003995161        0.0013036734        0.0014069749        0.0012787847        0.0011669088        0.0010584490        0.0009390942        0.0008596971
      -26.0000000000       -0.0004117875        0.0014215705        0.0014704261        0.0013106448        0.0011929780        0.0010700911        0.0009439156        0.0008784656
      -25.0000000000       -0.0004177652        0.0015306500        0.0015286333        0.0013464352        0.0012173382        0.0010803054        0.0009780726        0.0008946082
      -24.0000000000       -0.0004182955        0.0016389095        0.0015865846        0.0013853448        0.0012223261        0.0010849889        0.0009858092        0.0008909110
      -23.0000000000       -0.0004176954        0.0017559482        0.0016344582        0.0014221268        0.0012437715        0.0011094307        0.0009930961        0.0009039634
      -22.0000000000       -0.0004170573        0.0018917058        0.0016892275        0.0014349187        0.0012727780        0.0011266592        0.0010164609        0.0009256426
      -21.0000000000       -0.0004076226        0.0019854348        0.0017489516        0.0014596146        0.0012837281        0.0011323446        0.0010270001        0.0009433188
      -20.0000000000       -0.0004067325        0.0020882210        0.0017842493        0.0014934871        0.0012961521        0.0011509384        0.0010290731        0.0009437973
      -19.0000000000       -0.0004257931        0.0022023288        0.0018409752        0.0015268818        0.0013233797        0.0011519862        0.0010329122        0.0009393777
      -18.0000000000       -0.0004303168        0.0023228551        0.0018924491        0.0015791327        0.0013357328        0.0011702029        0.0010343414        0.0009360801
      -17.0000000000       -0.0004173811        0.0024421636        0.0019521141        0.0016136800        0.0013424093        0.0011928134        0.0010377797        0.0009495550
      -16.0000000000       -0.0004106551        0.0025294935        0.0019846632        0.0016305983        0.0013631781        0.0011970030        0.0010529847        0.0009584006
      -15.0000000000       -0.0004186670        0.0026412505        0.0020184211        0.0016308432        0.0013794706        0.0012214472        0.0010709730        0.0009597236
      -14.0000000000       -0.0004205458        0.0027483513        0.0020640284        0.0016443327        0.0013988017        0.0012321381        0.0010896623        0.0009791007
      -13.0000000000       -0.0004151473        0.0028383439        0.0020906314        0.0016648688        0.0014035023        0.0012401196        0.0010799021        0.0009977957
      -12.0000000000       -0.0004004902        0.0029304851        0.0021066710        0.0016837968        0.0014206295        0.0012630969        0.0010859853        0.0009967593
      -11.0000000000       -0.0003893048        0.0030285222        0.0021560430        0.0017133763        0.0014471377        0.0012802531        0.0010981040        0.0009995551
      -10.0000000000       -0.0003808211        0.0031300497        0.0021842146        0.0017381268        0.0014466602        0.0012881269        0.0011144597        0.0009949502
       -9.0000000000       -0.0003720873        0.0032078685        0.0021911492        0.0017545462        0.0014468549        0.0012857403        0.0011319955        0.0009791845
       -8.0000000000       -0.0003490749        0.0032646952        0.0022185920        0.0017701597        0.0014784123        0.0012668767        0.0011324116        0.0009926563
       -7.0000000000       -0.0003247248        0.0033043389        0.0022674048        0.0017777021        0.0015080354        0.0012509841        0.0011211002        0.0009969357
       -6.0000000000       -0.0002789269        0.0033609543        0.0023067267        0.0017907085        0.0015031076        0.0012437380        0.0011177719        0.0010095620
       -5.0000000000       -0.0001689149        0.0034247134        0.0023142121        0.0017959127        0.0014918864        0.0012545629        0.0011210002        0.0010256767
       -4.0000000000        0.0001146508        0.0034753963        0.0023200907        0.0017938608        0.0014964066        0.0012610450        0.0011186491        0.0010197590
       -3.0000000000        0.0009538108        0.0035145170        0.0023074435        0.0017777828        0.0014864312        0.0012654054        0.0011185617        0.0010089034
       -2.0000000000        0.0046140626        0.0035338307        0.0023040279        0.0017712722        0.0014853940        0.0012730733        0.0011338218        0.0010014736
       -1.0000000000        0.0452392313        0.0035424216        0.0023181155        0.0017781245        0.0014801334        0.0012814426        0.0011522318        0.0010015503
        0.0000000000        0.1060052614        0.0035502760        0.0023294325        0.0017967117        0.0014818259        0.0012742763        0.0011524752        0.0010066285
        1.0000000000        0.0452392313        0.0035539602        0.0023276582        0.0017981390        0.0014854059        0.0012659432        0.0011357702        0.0010018611
        2.0000000000        0.0046140626        0.0035476981        0.0023106067        0.0018007900        0.0015106278        0.0012658418        0.0011205177        0.0009986658
        3.0000000000        0.0009538108        0.0035216361        0.0023061448        0.0017951436        0.0015278018        0.0012652359        0.0011180889        0.0009999419
        4.0000000000        0.0001146508        0.0034905614        0.0022928986        0.0017898974        0.0015130708        0.0012781561        0.0011146147        0.0010041738
        5.0000000000       -0.0001689149        0.0034467622        0.0022766851        0.0017890971        0.0014904579        0.0012596437        0.0011125601        0.0010132977
        6.0000000000       -0.0002789269        0.0033819321        0.0022711522        0.0017895948        0.0014707083        0.0012468434        0.0011175747        0.0010112289
        7.0000000000       -0.0003247248        0.0033222357        0.0022569405        0.0017720907        0.0014530484        0.0012570713        0.0011171921        0.0010062398
        8.0000000000       -0.0003490749        0.0032484333        0.0022174949        0.0017635078        0.0014563946        0.0012605652        0.0011092963        0.0010045946
        9.0000000000       -0.0003720873        0.0031686112        0.0022058464        0.0017542548        0.0014538503        0.0012686579        0.0011122207        0.0009938127
       10.0000000000       -0.0003808211        0.0030897736        0.0021883531        0.0017272737        0.0014458070        0.0012643705        0.0011165240        0.0009757637
       11.0000000000       -0.0003893048        0.0030084476        0.0021401169        0.0017151834        0.0014245127        0.0012401216        0.0010903416        0.0009811390
       12.0000000000       -0.0004004902        0.0029253852        0.0020959035        0.0017036972        0.0014235327        0.0012307618        0.0010769948        0.0009828098
       13.0000000000       -0.0004151473        0.0028504296        0.0020608260        0.0016835465        0.0013995580        0.0012295786        0.0010872619        0.0009581824
       14.0000000000       -0.0004205458        0.0027506463        0.0020321946        0.0016586958        0.0013872811        0.0012152969        0.0010890968        0.0009510173
       15.0000000000       -0.0004186670        0.0026366427        0.0020035153        0.0016420684        0.0013907639        0.0011989600        0.0010764861        0.0009580355
       16.0000000000       -0.0004106551        0.0025240090        0.0019746297        0.0016093907        0.0013578500        0.0011978792        0.0010540313        0.0009646402
       17.0000000000       -0.0004173811        0.0023976023        0.0019234421        0.0015848159        0.0013409926        0.0011889874        0.0010396561        0.0009587047
       18.0000000000       -0.0004303168        0.0022895106        0.0018665075        0.0015662776        0.0013259981        0.0011710166        0.0010485235        0.0009485532
       19.0000000000       -0.0004257931        0.0021835275        0.0018194944        0.0015473683        0.0013205835        0.0011537062        0.0010443545        0.0009359219
       20.0000000000       -0.0004067325        0.0020746740        0.0017834603        0.0015180777        0.0013109487        0.0011422351        0.0010476339        0.0009214039
       21.0000000000       -0.0004076226        0.0019533035        0.0017430639        0.0014799265        0.0012764380        0.0011289893        0.0010375669        0.0009092478
       22.0000000000       -0.0004170573        0.0018499501        0.0016939192        0.0014483601        0.0012459686        0.0011216648        0.0010087485        0.0008998046
       23.0000000000       -0.0004176954        0.0017497158        0.0016321193        0.0014113617        0.0012408587        0.0010924451        0.0010152728        0.0009035200
       24.0000000000       -0.0004182955        0.0016373392        0.0015594576        0.0013758220        0.0012386845        0.0010787124        0.0010035853        0.0008865481
       25.0000000000       -0.0004177652        0.0015307032        0.0015064882        0.0013485492        0.0012172912        0.0010643013        0.0009739880        0.0008629830
       26.0000000000       -0.0004117875        0.0014264029        0.0014568375        0.0013102276        0.0011900814        0.0010538167        0.0009533645        0.0008622534
       27.0000000000       -0.0003995161        0.0013132166        0.0014200600        0.0012762290        0.0011596208        0.0010411415        0.0009389061        0.0008714759
       28.0000000000       -0.0004050044        0.0012081898        0.0013703767        0.0012474722        0.0011294363        0.0010105134        0.0009349436        0.0008611220
       29.0000000000       -0.0004246271        0.0011111499        0.0013081202        0.0012278482        0.0011024535        0.0010017987        0.0009207982        0.0008427602
       30.0000000000       -0.0004222232        0.0010198914        0.0012434377        0.0011993846        0.0010762930        0.0009937874        0.0008864027        0.0008286921
       31.0000000000       -0.0004110761        0.0009166840        0.0011862750        0.0011527897        0.0010599859        0.0009767888        0.0008717002        0.0008304190
       32.0000000000       -0.0004086878        0.0008340427        0.0011459977        0.0011195055        0.0010380784        0.0009555684        0.0008636719        0.0008070203
       33.0000000000       -0.0004290616        0.0007608436        0.0011039439        0.0010961917        0.0010028993        0.0009451184        0.0008519955        0.0007641800
       34.0000000000       -0.0004344513        0.0006803217        0.0010522981        0.0010635142        0.0009756076        0.0009341034        0.0008330221        0.0007599223
       35.0000000000       -0.0004238179        0.0006059313        0.0010134159        0.0010203251        0.0009450559        0.0009126781        0.0008163498        0.0007606600
       36.0000000000       -0.0004259295        0.0005290642        0.0009572478        0.0009720425        0.0009182824        0.0008819376        0.0008061214        0.0007523963
       37.0000000000       -0.0004224883        0.0004638675        0.0008789112        0.0009276194        0.0008995676        0.0008464466        0.0007902141        0.0007398641
       38.0000000000       -0.0004193675        0.0003988095        0.0008289429        0.0008889744        0.0008792921        0.0008370532        0.0007671112        0.0007453224
       39.0000000000       -0.0004347021        0.0003228521        0.0007821780        0.0008636079        0.0008511936        0.0008284342        0.0007444467        0.0007223112
       40.0000000000       -0.0004464865        0.0002683808        0.0007271297        0.0008334759        0.0008411127        0.0007995809        0.0007295636        0.0007094484
       41.0000000000       -0.0004435152        0.0002183394        0.0006895640        0.0007955826        0.0008143045        0.0007869434        0.0007317891        0.0007050242
       42.0000000000       -0.0004440107        0.0001687757        0.0006511815        0.0007582088        0.0007865485        0.0007592621        0.0007342636        0.0006736620
       43.0000000000       -0.0004457815        0.0001243977        0.0006026659        0.0007218193        0.0007583909        0.0007340873        0.0007075320        0.0006540152
       44.0000000000       -0.0004328466        0.0000805295        0.0005642862        0.0007066207        0.0007111866        0.0007000520        0.0006760450        0.0006450122
       45.0000000000       -0.0004162105        0.0000314189        0.0005154802        0.0006757230        0.0006794697        0.0006763196        0.0006602947        0.0006293538
       46.0000000000       -0.0004414222       -0.0000115829        0.0004651484        0.0006271004        0.0006544123        0.0006662235        0.0006400837        0.0006285217
       47.0000000000       -0.0004502233       -0.0000330018        0.0004063301        0.0005911182        0.0006462284        0.0006549547        0.0006260970        0.0006093135
       48.0000000000       -0.0004396426       -0.0000562187        0.0003583008        0.0005584459        0.0006355449        0.0006300427        0.0006295817        0.0005839067
       49.0000000000       -0.0004251075       -0.0000932853        0.0003448253        0.0005202874        0.0005985466        0.0006044983        0.0006253155        0.0005853534
       50.0000000000       -0.0004312024       -0.0001326460        0.0003117278        0.0004853559        0.0005579737        0.0005794127        0.0006096670        0.0005821819
       51.0000000000       -0.0004378212       -0.0001590648        0.0002806205        0.0004682851        0.0005242645        0.0005628110        0.0005792958        0.0005709734
       52.0000000000       -0.0004280306       -0.0001715950        0.0002581904        0.0004495054        0.0005186551        0.0005458990        0.0005472091        0.0005571982
       53.0000000000       -0.0004213823       -0.0001938739        0.0002160062        0.0004098458        0.0004825737        0.0005285482        0.0005396259        0.0005405133
       54.0000000000       -0.0004209491       -0.0002159817        0.0001685127        0.0003704649        0.0004536436        0.0005283925        0.0005274314        0.0005313641
       55.0000000000       -0.0004246437       -0.0002378400        0.0001389838        0.0003357746        0.0004426251        0.0005121172        0.0005058404        0.0005183597
       56.0000000000       -0.0004189964       -0.0002644239        0.0000997843        0.0003096750        0.0004353345        0.0004887409        0.0004946180        0.0005007827
       57.0000000000       -0.0004103425       -0.0002786487        0.0000556341        0.0002791784        0.0004063943        0.0004612305        0.0004702222        0.0004848680
       58.0000000000       -0.0004057368       -0.0002839348        0.0000423771        0.0002643643        0.0003736922        0.0004455669        0.0004388651        0.0004686530
       59.0000000000       -0.0004021400       -0.0002755884        0.0000275007        0.0002448076        0.0003651035        0.0004182512        0.0004390760        0.0004475692
       60.0000000000       -0.0004055351       -0.0002807203        0.0000037976        0.0002202893        0.0003532510        0.0003897755        0.0004335796        0.0004319284
       61.0000000000       -0.0004025435       -0.0003084773       -0.0000123895        0.0001856772        0.0003114625        0.0003699370        0.0003998524        0.0004256904
       62.0000000000       -0.0004130137       -0.0003253271       -0.0000438371        0.0001601619        0.0002737607        0.0003507989        0.0003818716        0.0004143246
       63.0000000000       -0.0004147496       -0.0003418775       -0.0000715435        0.0001372206        0.0002627947        0.0003341036        0.0003616756        0.0003813603
       64.0000000000       -0.0004109729       -0.0003540532       -0.0000877367        0.0001261534        0.0002287790        0.0003077020        0.0003473249        0.0003491833
       65.0000000000       -0.0004028952       -0.0003563571       -0.0001140829        0.0001014278        0.0002093827        0.0002842709        0.0003335507        0.0003450446
       66.0000000000       -0.0004086153       -0.0003508639       -0.0001068688        0.0000816806        0.0001985835        0.0002669986        0.0003231357        0.0003482339
       67.0000000000       -0.0004220964       -0.0003472082       -0.0001192031        0.0000604779        0.0001986686        0.0002534191        0.0002955856        0.0003270903
       68.0000000000       -0.0004054138       -0.0003541124       -0.0001598936        0.0000147451        0.0001835951        0.0002286280        0.0002876505        0.0003016897
       69.0000000000       -0.0003887047       -0.0003581278       -0.0001830999       -0.0000175022        0.0001442747        0.0002254295        0.0002850753        0.0002801361
       70.0000000000       -0.0004063302       -0.0003711062       -0.0001880380       -0.0000289109        0.0001196676        0.0002033532        0.0002673802        0.0002612385
       71.0000000000       -0.0004379488       -0.0003735935       -0.0002053562       -0.0000183046        0.0001057932        0.0001593075        0.0002442960        0.0002490041
       72.0000000000       -0.0004326527       -0.0003910641       -0.0002055224       -0.0000182149        0.0000908048        0.0001430403        0.0002310620        0.0002489068
       73.0000000000       -0.0004073617       -0.0004021933       -0.0002163106       -0.0000370505        0.0000610062        0.0001305605        0.0002082849        0.0002462188
       74.0000000000       -0.0004048496       -0.0003987060       -0.0002469535       -0.0000712693        0.0000434177        0.0001404066        0.0001936699        0.0002258356
       75.0000000000       -0.0004176213       -0.0003855698       -0.0002601813       -0.0001118453        0.0000467780        0.0001442143        0.0001776724        0.0002028837
       76.0000000000       -0.0004169937       -0.0003944999       -0.0002630314       -0.0001119280        0.0000370189        0.0001248189        0.0001584828        0.0001947072
       77.0000000000       -0.0004016971       -0.0003880638       -0.0002711114       -0.0001181191        0.0000094019        0.0000901475        0.0001397483        0.0001813568
       78.0000000000       -0.0004091409       -0.0003942092       -0.0002805839       -0.0001416287       -0.0000215037        0.0000517390        0.0001389903        0.0001671265
       79.0000000000       -0.0004231369       -0.0004144719       -0.0002928223       -0.0001627647       -0.0000300716        0.0000507179        0.0001277693        0.0001615490
       80.0000000000       -0.0004272546       -0.0004019680       -0.0003220910       -0.0001721048       -0.0000458714        0.0000507040        0.0001022362        0.0001543120
       81.0000000000       -0.0004349969       -0.0004008162       -0.0003387367       -0.0001904508       -0.0000606838        0.0000377302        0.0000733148        0.0001512736
       82.0000000000       -0.0004235403       -0.0004191254       -0.0003218882       -0.0002027858       -0.0000583036        0.0000246890        0.0000645889        0.0001413168
       83.0000000000       -0.0004036185       -0.0004246466       -0.0003056077       -0.0001919255       -0.0000688233        0.0000046837        0.0000608551        0.0001255824
       84.0000000000       -0.0003955080       -0.0004082444       -0.0003158499       -0.0002059888       -0.0000903024       -0.0000126252        0.0000413150        0.0001124502
       85.0000000000       -0.0004148845       -0.0003907900       -0.0003433421       -0.0002227060       -0.0000982113       -0.0000295442        0.0000304626        0.0001107336
       86.0000000000       -0.0004158380       -0.0003952657       -0.0003549290       -0.0002237435       -0.0001179443       -0.0000281552        0.0000332091        0.0000840986
       87.0000000000       -0.0004083998       -0.0004143884       -0.0003454954       -0.0002370048       -0.0001406915       -0.0000271489        0.0000298822        0.0000517009
       88.0000000000       -0.0004180716       -0.0004168216       -0.0003500619       -0.0002353858       -0.0001402758       -0.0000459270        0.0000077818        0.0000476258
       89.0000000000       -0.0004275742       -0.0003983556       -0.0003794844       -0.0002384222       -0.0001383864       -0.0000771698       -0.0000064600        0.0000444058
       90.0000000000       -0.0004052754       -0.0003965153       -0.0003779127       -0.0002579342       -0.0001745128       -0.0000807029       -0.0000063645        0.0000183445
       91.0000000000       -0.0004066819       -0.0004018996       -0.0003642424       -0.0002749128       -0.0001946457       -0.0000974089       -0.0000268448       -0.0000030563
       92.0000000000       -0.0004156052       -0.0003993306       -0.0003752801       -0.0002724231       -0.0001819228       -0.0001086169       -0.0000382898       -0.0000141090
       93.0000000000       -0.0004116515       -0.0003998667       -0.0003856188       -0.0002597741       -0.0001708713       -0.0001014373       -0.0000489780       -0.0000171676
       94.0000000000       -0.0004143071       -0.0003936448       -0.0003775216       -0.0002721822       -0.0002064836       -0.0001106465       -0.0000570368       -0.0000239002
       95.0000000000       -0.0004254550       -0.0003879652       -0.0003638085       -0.0002905323       -0.0002352085       -0.0001370757       -0.0000534406       -0.0000163488
       96.0000000000       -0.0004171241       -0.0004005052       -0.0003653200       -0.0003003761       -0.0002380270       -0.0001564517       -0.0000528591       -0.0000253453
       97.0000000000       -0.0004018466       -0.0004112592       -0.0003858387       -0.0002961467       -0.0002361368       -0.0001648691       -0.0000826231       -0.0000475299
       98.0000000000       -0.0004126064       -0.0004067454       -0.0003854636       -0.0002908038       -0.0002476473       -0.0001817650       -0.0001082908       -0.0000653657
       99.0000000000       -0.0004344569       -0.0003849335       -0.0003869525       -0.0002924459       -0.0002462695       -0.0001730258       -0.0001215485       -0.0000782563
      100.0000000000       -0.0004301177       -0.0003869269       -0.0003965627       -0.0003019596       -0.0002531514       -0.0001617098       -0.0001303817       -0.0000723930
      101.0000000000       -0.0004157458       -0.0003882510       -0.0003979606       -0.0003124972       -0.0002656318       -0.0001697592       -0.0001271388       -0.0000803601
      102.0000000000       -0.0004115332       -0.0004052812       -0.0003947418       -0.0003350185       -0.0002694045       -0.0001831539       -0.0001382395       -0.0001006599
      103.0000000000       -0.0004141801       -0.0004160148       -0.0003811943       -0.0003371088       -0.0002699064       -0.0002010261       -0.0001490316       -0.0001063599
      104.0000000000       -0.0004187513       -0.0004152778       -0.0003882229       -0.0003343982       -0.0002714517       -0.0002137700       -0.0001603788       -0.0001158847
      105.0000000000       -0.0004301266       -0.0004224374       -0.0003977609       -0.0003413386       -0.0002848909       -0.0002205293       -0.0001650697       -0.0001270544
      106.0000000000       -0.0004258780       -0.0004246749       -0.0004010211       -0.0003623290       -0.0003025598       -0.0002119163       -0.0001757741       -0.0001482567
      107.0000000000       -0.0004158856       -0.0004128761       -0.0003956996       -0.0003819953       -0.0003112604       -0.0002203579       -0.0001821041       -0.0001391155
      108.0000000000       -0.0004165180       -0.0003906056       -0.0003827474       -0.0003807136       -0.0003048997       -0.0002330705       -0.0001874880       -0.0001295866
      109.0000000000       -0.0004178652       -0.0003909258       -0.0003784364       -0.0003848484       -0.0003141117       -0.0002278327       -0.0002092804       -0.0001441739
      110.0000000000       -0.0004274606       -0.0004078419       -0.0003758105       -0.0003805453       -0.0003092223       -0.0002362345       -0.0002032554       -0.0001560852
      111.0000000000       -0.0004168610       -0.0004252671       -0.0003771763       -0.0003740097       -0.0003038930       -0.0002400392       -0.0001887322       -0.0001793843
      112.0000000000       -0.0004134528       -0.0004251512       -0.0003833716       -0.0003656784       -0.0003297302       -0.0002584353       -0.0002037843       -0.0001956739
      113.0000000000       -0.0004190508       -0.0004157607       -0.0003721683       -0.0003647042       -0.0003428120       -0.0002892354       -0.0002135022       -0.0001903504
      114.0000000000       -0.0004148601       -0.0004058609       -0.0003785891       -0.0003859393       -0.0003448007       -0.0002983868       -0.0002154561       -0.0001792975
      115.0000000000       -0.0004257983       -0.0004031750       -0.0003901631       -0.0003916332       -0.0003449764       -0.0002940916       -0.0002447275       -0.0001753845
      116.0000000000       -0.0004219832       -0.0004034644       -0.0004043310       -0.0003877526       -0.0003367063       -0.0002925286       -0.0002429382       -0.0001932989
      117.0000000000       -0.0004141725       -0.0004158687       -0.0004126978       -0.0003910495       -0.0003174913       -0.0002953994       -0.0002250540       -0.0002188366
      118.0000000000       -0.0004193884       -0.0004178336       -0.0004174222       -0.0003784164       -0.0003236552       -0.0002979039       -0.0002477601       -0.0002131825
      119.0000000000       -0.0004177962       -0.0004079050       -0.0003983209       -0.0003728231       -0.0003500591       -0.0002974066       -0.0002805030       -0.0001988195
      120.0000000000       -0.0004132549       -0.0004039182       -0.0003855438       -0.0003792354       -0.0003591092       -0.0002946733       -0.0002903989       -0.0002121762
      121.0000000000       -0.0004199832       -0.0004094739       -0.0003833337       -0.0003776463       -0.0003507917       -0.0003028081       -0.0002675241       -0.0002256042
      122.0000000000       -0.0004238885       -0.0004201199       -0.0003817244       -0.0003865392       -0.0003436663       -0.0003086049       -0.0002612174       -0.0002461352
      123.0000000000       -0.0004070410       -0.0004272657       -0.0003891409       -0.0003854134       -0.0003336407       -0.0003299689       -0.0002828655       -0.0002439500
      124.0000000000       -0.0004138943       -0.0004288500       -0.0003927941       -0.0003643819       -0.0003425741       -0.0003430803       -0.0003048322       -0.0002371334
      125.0000000000       -0.0004398139       -0.0004102338       -0.0004033833       -0.0003668467       -0.0003584415       -0.0003393447       -0.0003095807       -0.0002553482
      126.0000000000       -0.0004372822       -0.0003988728       -0.0004033182       -0.0003863886       -0.0003770321       -0.0003376530       -0.0003130342       -0.0002585229
      127.0000000000       -0.0004316751       -0.0004223640       -0.0004121814       -0.0003949923       -0.0003749127       -0.0003423239       -0.0002976345       -0.0002630006
      128.0000000000       -0.0004293135       -0.0004244696       -0.0004037663       -0.0003951027       -0.0003717610       -0.0003342737       -0.0002982961       -0.0002741809
      129.0000000000       -0.0004070476       -0.0004118860       -0.0003857115       -0.0004007812       -0.0003767231       -0.0003342333       -0.0002985408       -0.0002810910
      130.0000000000       -0.0004013160       -0.0004118199       -0.0003998698       -0.0003986365       -0.0003692060       -0.0003472622       -0.0003002157       -0.0002675843
      131.0000000000       -0.0004225281       -0.0004154842       -0.0004227242       -0.0003944023       -0.0003749268       -0.0003498830       -0.0003217768       -0.0002645181
      132.0000000000       -0.0004144853       -0.0004179630       -0.0004138794       -0.0003987117       -0.0003835389       -0.0003468058       -0.0003401569       -0.0002776637
      133.0000000000       -0.0003953229       -0.0004222283       -0.0004088414       -0.0003943225       -0.0003859032       -0.0003458365       -0.0003325001       -0.0002864407
      134.0000000000       -0.0003892548       -0.0004282512       -0.0004024139       -0.0003887371       -0.0003808579       -0.0003510492       -0.0003258802       -0.0002956725
      135.0000000000       -0.0003950775       -0.0004287364       -0.0003990122       -0.0003924380       -0.0003875326       -0.0003496651       -0.0003254298       -0.0002916940
      136.0000000000       -0.0004105477       -0.0004144148       -0.0004009598       -0.0003910023       -0.0003852512       -0.0003415333       -0.0003384749       -0.0002863218
      137.0000000000       -0.0004214299       -0.0004181623       -0.0004103875       -0.0003857255       -0.0003919675       -0.0003443100       -0.0003497212       -0.0002951079
      138.0000000000       -0.0004276745       -0.0004193265       -0.0004167055       -0.0004118796       -0.0003889033       -0.0003634486       -0.0003498390       -0.0002970464
      139.0000000000       -0.0004136305       -0.0004114364       -0.0004208446       -0.0004300175       -0.0003873050       -0.0003786546       -0.0003366376       -0.0003126805
      140.0000000000       -0.0004099818       -0.0004133752       -0.0004137920       -0.0004179671       -0.0003964187       -0.0003736408       -0.0003375972       -0.0003155234
      141.0000000000       -0.0004242514       -0.0003990484       -0.0003927508       -0.0004124369       -0.0004007878       -0.0003705056       -0.0003403514       -0.0003243739
      142.0000000000       -0.0004156954       -0.0004096396       -0.0003936842       -0.0004152341       -0.0004024881       -0.0003852937       -0.0003350502       -0.0003362100
      143.0000000000       -0.0004177326       -0.0004171974       -0.0004033428       -0.0004107148       -0.0004023785       -0.0004026340       -0.0003487266       -0.0003408022
      144.0000000000       -0.0004273900       -0.0004130395       -0.0004137121       -0.0004071099       -0.0004049123       -0.0003875785       -0.0003578728       -0.0003277071
      145.0000000000       -0.0004240337       -0.0004087105       -0.0004365592       -0.0004047898       -0.0004109873       -0.0003837964       -0.0003613028       -0.0003306666
      146.0000000000       -0.0004013604       -0.0003991671       -0.0004414484       -0.0004145306       -0.0004084638       -0.0003834707       -0.0003608997       -0.0003349377
      147.0000000000       -0.0003965032       -0.0003989448       -0.0004285065       -0.0004263453       -0.0004023023       -0.0003870928       -0.0003631444       -0.0003278544
      148.0000000000       -0.0004006634       -0.0004018962       -0.0004078858       -0.0004280980       -0.0003977183       -0.0004039129       -0.0003653060       -0.0003504296
      149.0000000000       -0.0004063867       -0.0004091477       -0.0003965567       -0.0004187804       -0.0003910976       -0.0004099532       -0.0003646867       -0.0003578393
      150.0000000000       -0.0004086610       -0.0004132460       -0.0003968224       -0.0004106443       -0.0004039666       -0.0003985895       -0.0003771368       -0.0003603464
      151.0000000000       -0.0004089126       -0.0003971753       -0.0003914501       -0.0004061477       -0.0004072685       -0.0004038729       -0.0003723245       -0.0003470919
      152.0000000000       -0.0004093427       -0.0003942321       -0.0003947348       -0.0004095804       -0.0004053619       -0.0003993524       -0.0003751687       -0.0003380622
      153.0000000000       -0.0004038136       -0.0004001830       -0.0004032731       -0.0003911102       -0.0004025062       -0.0003807035       -0.0003676429       -0.0003428753
      154.0000000000       -0.0003908050       -0.0004027143       -0.0004095411       -0.0003861637       -0.0003868838       -0.0003947418       -0.0003715753       -0.0003412540
      155.0000000000       -0.0003983111       -0.0004096449       -0.0004131282       -0.0003977148       -0.0003723657       -0.0004027530       -0.0003871119       -0.0003358465
      156.0000000000       -0.0004113461       -0.0004147551       -0.0004231827       -0.0004174682       -0.0003840283       -0.0003951892       -0.0003790049       -0.0003372936
      157.0000000000       -0.0003981944       -0.0004223377       -0.0004256413       -0.0004246522       -0.0003922304       -0.0003959466       -0.0003746390       -0.0003463515
      158.0000000000       -0.0003990335       -0.0004182676       -0.0004240046       -0.0004146515       -0.0003906947       -0.0004074214       -0.0003799541       -0.0003657452
      159.0000000000       -0.0004095473       -0.0003972541       -0.0004310786       -0.0004115488       -0.0003883707       -0.0004091144       -0.0003791166       -0.0003792500
      160.0000000000       -0.0004167519       -0.0003967574       -0.0004313599       -0.0003980000       -0.0004073246       -0.0004149899       -0.0003708231       -0.0003619038
      161.0000000000       -0.0004128992       -0.0004130763       -0.0004226779       -0.0003948724       -0.0004171539       -0.0004127718       -0.0003799311       -0.0003703021
      162.0000000000       -0.0004097154       -0.0004241311       -0.0004134054       -0.0004004272       -0.0003971082       -0.0003947138       -0.0003818813       -0.0003787400
      163.0000000000       -0.0004245094       -0.0004304049       -0.0004223044       -0.0003990810       -0.0003829502       -0.0003762234       -0.0003792201       -0.0003903339
      164.0000000000       -0.0004351926       -0.0004298575       -0.0004163303       -0.0004082036       -0.0003809635       -0.0003799887       -0.0003723438       -0.0003791712
      165.0000000000       -0.0004270488       -0.0004337658       -0.0004069320       -0.0003986594       -0.0003986111       -0.0003956834       -0.0003664253       -0.0003655896
      166.0000000000       -0.0003937092       -0.0004263552       -0.0004142372       -0.0004045340       -0.0004125656       -0.0003964578       -0.0003809068       -0.0003727565
      167.0000000000       -0.0004009826       -0.0004139779       -0.0004097037       -0.0004065817       -0.0004040140       -0.0004058872       -0.0003757227       -0.0003780617
      168.0000000000       -0.0004288258       -0.0004043833       -0.0003952490       -0.0004032944       -0.0004006650       -0.0004092945       -0.0003705770       -0.0003656546
      169.0000000000       -0.0004217948       -0.0004228329       -0.0003960015       -0.0004021085       -0.0004093809       -0.0003907428       -0.0003792182       -0.0003519174
      170.0000000000       -0.0004129426       -0.0004303304       -0.0003992785       -0.0003966148       -0.0004004019       -0.0003902817       -0.0003982019       -0.0003633191
      171.0000000000       -0.0004002142       -0.0004288516       -0.0004061477       -0.0003962233       -0.0003945874       -0.0003882987       -0.0004141675       -0.0003858700
      172.0000000000       -0.0003912240       -0.0004214419       -0.0004263404       -0.0004065446       -0.0003887741       -0.0004049175       -0.0004078394       -0.0003984184
      173.0000000000       -0.0004124994       -0.0004084202       -0.0004262499       -0.0004179639       -0.0003953110       -0.0004056861       -0.0004062806       -0.0003956883
      174.0000000000       -0.0004142162       -0.0004178982       -0.0004113938       -0.0004200086       -0.0004166531       -0.0003906808       -0.0004159443       -0.0004029006
      175.0000000000       -0.0004052874       -0.0004244486       -0.0004170817       -0.0004214389       -0.0004189744       -0.0003925438       -0.0004140231       -0.0004037673
      176.0000000000       -0.0004065380       -0.0004227108       -0.0004211187       -0.0004364097       -0.0004126605       -0.0004026063       -0.0003984065       -0.0004009440
      177.0000000000       -0.0004107871       -0.0004371678       -0.0004159544       -0.0004196071       -0.0004151668       -0.0004134720       -0.0003980428       -0.0004004833
      178.0000000000       -0.0004183089       -0.0004446280       -0.0004031989       -0.0004031172       -0.0004021722       -0.0004292883       -0.0003949628       -0.0004039320
      179.0000000000       -0.0004210909       -0.0004500889       -0.0003887371       -0.0003858723       -0.0003792523       -0.0004293895       -0.0003997591       -0.0004007438
      180.0000000000       -0.0004179479       -0.0004445811       -0.0003812947       -0.0003864099       -0.0003865447       -0.0004099218       -0.0004037869       -0.0003998673
      181.0000000000       -0.0004174992       -0.0004205666       -0.0004109391       -0.0003899405       -0.0004148017       -0.0003890653       -0.0003959857       -0.0003909005
      182.0000000000       -0.0004251041       -0.0003986195       -0.0004398787       -0.0003876431       -0.0004293799       -0.0003940527       -0.0004004849       -0.0003854457
      183.0000000000       -0.0004317668       -0.0003966565       -0.0004285063       -0.0004033516       -0.0004419387       -0.0003976050       -0.0003991949       -0.0003834494
      184.0000000000       -0.0004457376       -0.0003814524       -0.0004081575       -0.0004037815       -0.0004305653       -0.0003954606       -0.0003818375       -0.0003832467
      185.0000000000       -0.0004368585       -0.0003853683       -0.0004254135       -0.0004059579       -0.0004249222       -0.0003971121       -0.0003849666       -0.0003769399
      186.0000000000       -0.0004273223       -0.0004086868       -0.0004230636       -0.0004086261       -0.0004369562       -0.0003991171       -0.0003938143       -0.0003820563
      187.0000000000       -0.0004232111       -0.0004178359       -0.0004080548       -0.0004137137       -0.0004427856       -0.0004064523       -0.0003984158       -0.0004056485
      188.0000000000       -0.0004092973       -0.0004006736       -0.0003991285       -0.0004174695       -0.0004366342       -0.0004263964       -0.0003885795       -0.0004133705
      189.0000000000       -0.0003998165       -0.0003867077       -0.0004239367       -0.0004165192       -0.0004205246       -0.0004187917       -0.0003922547       -0.0004134218
      190.0000000000       -0.0004056899       -0.0003883566       -0.0004383946       -0.0004166591       -0.0004021110       -0.0004130026       -0.0004007492       -0.0004112754
      191.0000000000       -0.0004077441       -0.0003908750       -0.0004315752       -0.0004267792       -0.0003993435       -0.0004276836       -0.0004073638       -0.0003988282
      192.0000000000       -0.0004149830       -0.0004031244       -0.0004220749       -0.0004313507       -0.0003937899       -0.0004223554       -0.0004114547       -0.0003940657
      193.0000000000       -0.0004233408       -0.0004112802       -0.0004165155       -0.0004355977       -0.0003981383       -0.0004051860       -0.0004233284       -0.0003802256
      194.0000000000       -0.0004139542       -0.0004277866       -0.0004085055       -0.0004407647       -0.0004061738       -0.0004004063       -0.0004188077       -0.0003668840
      195.0000000000       -0.0004093811       -0.0004276783       -0.0003893209       -0.0004175425       -0.0004152076       -0.0003961062       -0.0004102902       -0.0003975377
      196.0000000000       -0.0004170221       -0.0004162734       -0.0004044630       -0.0004168753       -0.0004018889       -0.0004031321       -0.0004102574       -0.0004314453
      197.0000000000       -0.0004200700       -0.0004211741       -0.0004089067       -0.0004277350       -0.0004018525       -0.0004120011       -0.0004151403       -0.0004246080
      198.0000000000       -0.0004200204       -0.0004227983       -0.0004014576       -0.0004173166       -0.0004072656       -0.0004192936       -0.0004177536       -0.0004059120
      199.0000000000       -0.0004173142       -0.0004307622       -0.0003927724       -0.0004128404       -0.0004196525       -0.0004200667       -0.0004224454       -0.0004061070
      200.0000000000       -0.0004114904       -0.0004226672       -0.0004012141       -0.0004128557       -0.0004331684       -0.0003991594       -0.0004106072       -0.0004108309
      201.0000000000       -0.0004168494       -0.0004129076       -0.0004186775       -0.0004123243       -0.0004366205       -0.0003839443       -0.0004091951       -0.0004083977
      202.0000000000       -0.0004140220       -0.0004106300       -0.0004176527       -0.0004089609       -0.0004170475       -0.0003990962       -0.0004202186       -0.0003977340
      203.0000000000       -0.0004044719       -0.0004136677       -0.0004080452       -0.0003992203       -0.0004135755       -0.0004080418       -0.0004258033       -0.0004030922
      204.0000000000       -0.0004117981       -0.0004235001       -0.0003902215       -0.0004097160       -0.0004178479       -0.0004183296       -0.0004146854       -0.0004075442
      205.0000000000       -0.0004188520       -0.0004207783       -0.0003871290       -0.0004179106       -0.0004259828       -0.0004225004       -0.0003974606       -0.0004148559
      206.0000000000       -0.0004170974       -0.0004216410       -0.0004059981       -0.0004201903       -0.0004300750       -0.0004123463       -0.0004108800       -0.0003987603
      207.0000000000       -0.0004142372       -0.0004281899       -0.0004293252       -0.0004153321       -0.0004293189       -0.0004063166       -0.0004326233       -0.0003790546
      208.0000000000       -0.0004167858       -0.0004268286       -0.0004232230       -0.0003990299       -0.0004117683       -0.0004190825       -0.0004388628       -0.0003977663
      209.0000000000       -0.0004275086       -0.0004272455       -0.0004085921       -0.0003915322       -0.0004030140       -0.0004301812       -0.0004209581       -0.0004121835
      210.0000000000       -0.0004299591       -0.0004158179       -0.0004151889       -0.0003862626       -0.0004044254       -0.0004302267       -0.0004161314       -0.0004126363
      211.0000000000       -0.0004168868       -0.0003967632       -0.0004296079       -0.0004048982       -0.0003973805       -0.0004154834       -0.0004201496       -0.0004107864
      212.0000000000       -0.0004104017       -0.0003955306       -0.0004351907       -0.0004167371       -0.0004030604       -0.0004159237       -0.0004162017       -0.0004016462
      213.0000000000       -0.0004102437       -0.0003937604       -0.0004283664       -0.0004297788       -0.0004158051       -0.0004024461       -0.0004131409       -0.0004036659
      214.0000000000       -0.0004093582       -0.0003895439       -0.0004305497       -0.0004191229       -0.0004190225       -0.0003973426       -0.0004147546       -0.0004132626
      215.0000000000       -0.0004109488       -0.0004002312       -0.0004343374       -0.0004196199       -0.0004340973       -0.0004058934       -0.0004196843       -0.0004172468
      216.0000000000       -0.0004165155       -0.0004098692       -0.0004285274       -0.0004199831       -0.0004290379       -0.0004040324       -0.0004206107       -0.0004087021
      217.0000000000       -0.0004153417       -0.0004227302       -0.0004194828       -0.0004160997       -0.0004125624       -0.0004064223       -0.0004184417       -0.0004018701
      218.0000000000       -0.0004240558       -0.0004147264       -0.0004182841       -0.0004120933       -0.0003978032       -0.0004219291       -0.0004070372       -0.0004106879
      219.0000000000       -0.0004237859       -0.0004085738       -0.0004185273       -0.0004073432       -0.0004054344       -0.0004028201       -0.0004024779       -0.0004151822
      220.0000000000       -0.0004332507       -0.0004003986       -0.0004032761       -0.0004098673       -0.0004172911       -0.0003961524       -0.0004027930       -0.0004041325
      221.0000000000       -0.0004371954       -0.0004220200       -0.0004068207       -0.0004181181       -0.0004118131       -0.0004083096       -0.0003891251       -0.0003958366
      222.0000000000       -0.0004191005       -0.0004290148       -0.0004122859       -0.0004205180       -0.0004181237       -0.0004236662       -0.0003911698       -0.0003942856
      223.0000000000       -0.0003969509       -0.0004154314       -0.0004107309       -0.0004284098       -0.0004152602       -0.0004249079       -0.0004011834       -0.0003913358
      224.0000000000       -0.0003973524       -0.0003974711       -0.0004111967       -0.0004257701       -0.0004067916       -0.0004171901       -0.0003966585       -0.0003944082
      225.0000000000       -0.0004017190       -0.0003858258       -0.0004096980       -0.0004166023       -0.0004080872       -0.0004133917       -0.0003946679       -0.0003976196
      226.0000000000       -0.0004099556       -0.0004056152       -0.0004141465       -0.0004120016       -0.0004004272       -0.0004087091       -0.0003852090       -0.0004103323
      227.0000000000       -0.0004199312       -0.0004167692       -0.0004201298       -0.0004314191       -0.0004195422       -0.0003990826       -0.0003973606       -0.0004019169
      228.0000000000       -0.0004320267       -0.0004101437       -0.0004030020       -0.0004249337       -0.0004238727       -0.0004126956       -0.0004090870       -0.0003944605
      229.0000000000       -0.0004279744       -0.0004208937       -0.0003974048       -0.0004298919       -0.0004186273       -0.0004239487       -0.0004080008       -0.0004045866
      230.0000000000       -0.0003972186       -0.0004134794       -0.0004027609       -0.0004319599       -0.0004067193       -0.0004134153       -0.0004090754       -0.0004072742
      231.0000000000       -0.0003833660       -0.0004018828       -0.0004270398       -0.0004213816       -0.0004178428       -0.0004057910       -0.0004106581       -0.0003863583
      232.0000000000       -0.0003817294       -0.0004033096       -0.0004345927       -0.0004178598       -0.0004110229       -0.0004127669       -0.0004197926       -0.0003869990
      233.0000000000       -0.0003818511       -0.0004030138       -0.0004104816       -0.0004119377       -0.0004034536       -0.0004119454       -0.0004145311       -0.0003990855
      234.0000000000       -0.0003990913       -0.0004196606       -0.0003934764       -0.0004042404       -0.0003946824       -0.0004105317       -0.0004046014       -0.0003961882
      235.0000000000       -0.0004168081       -0.0004276612       -0.0003815787       -0.0003975756       -0.0003993477       -0.0004127761       -0.0003992624       -0.0003982990
      236.0000000000       -0.0004259219       -0.0004288826       -0.0003900666       -0.0004126042       -0.0003979757       -0.0004204585       -0.0004046501       -0.0004049840
      237.0000000000       -0.0004354792       -0.0004161298       -0.0004239228       -0.0004337593       -0.0003979004       -0.0004194618       -0.0003990219       -0.0004123306
      238.0000000000       -0.0004277783       -0.0004068250       -0.0004258438       -0.0004340697       -0.0003995065       -0.0004078677       -0.0003997392       -0.0004136102
      239.0000000000       -0.0004053264       -0.0004102537       -0.0004152445       -0.0004277554       -0.0004023709       -0.0004119873       -0.0004001455       -0.0004051966
      240.0000000000       -0.0003991673       -0.0004155838       -0.0004085951       -0.0004118718       -0.0004039580       -0.0004222067       -0.0004244646       -0.0004056917
      241.0000000000       -0.0004182485       -0.0004126467       -0.0004160319       -0.0004062964       -0.0004113109       -0.0004183624       -0.0004169571       -0.0004158649
      242.0000000000       -0.0004074255       -0.0004131771       -0.0004183978       -0.0004058101       -0.0004158536       -0.0004016067       -0.0004011508       -0.0004218139
      243.0000000000       -0.0003918157       -0.0004163724       -0.0004268567       -0.0003953644       -0.0004122669       -0.0004020311       -0.0004098351       -0.0004242462
      244.0000000000       -0.0003970117       -0.0004206452       -0.0004198766       -0.0003878469       -0.0004097134       -0.0004114647       -0.0004305487       -0.0004302157
      245.0000000000       -0.0004191696       -0.0004182816       -0.0004139760       -0.0003947902       -0.0004172092       -0.0004100659       -0.0004240128       -0.0004246644
      246.0000000000       -0.0004340473       -0.0004011945       -0.0004029826       -0.0004037383       -0.0004313048       -0.0004015525       -0.0004115562       -0.0004221033
      247.0000000000       -0.0004286574       -0.0003926731       -0.0003984806       -0.0003971944       -0.0004191470       -0.0004024113       -0.0004121161       -0.0004087135
      248.0000000000       -0.0004170658       -0.0004016561       -0.0004005709       -0.0003780400       -0.0004054205       -0.0004041340       -0.0004201134       -0.0004046790
      249.0000000000       -0.0004197951       -0.0003972115       -0.0003956667       -0.0003823655       -0.0004097214       -0.0004038419       -0.0004076257       -0.0004077856
      250.0000000000       -0.0004113836       -0.0003908126       -0.0004093111       -0.0004045954       -0.0004089835       -0.0004247180       -0.0003875497       -0.0003956049
      251.0000000000       -0.0004003472       -0.0004021090       -0.0004363014       -0.0004141452       -0.0004088645       -0.0004279949       -0.0003732535       -0.0003963569
      252.0000000000       -0.0003961143       -0.0004113984       -0.0004278495       -0.0004096033       -0.0004148075       -0.0004269334       -0.0003812251       -0.0004058659
      253.0000000000       -0.0003945788       -0.0004212423       -0.0004242967       -0.0004036238       -0.0004038601       -0.0004140795       -0.0003940604       -0.0004008100
      254.0000000000       -0.0004020348       -0.0004188820       -0.0004210822       -0.0004040187       -0.0003921470       -0.0004050156       -0.0004093243       -0.0003842954
      255.0000000000       -0.0004215780       -0.0003999153       -0.0004052907       -0.0004055969       -0.0003880000       -0.0004179655       -0.0004178048       -0.0003842411
