     -255.0000000000       -0.0009267004       -0.0008760268       -0.0009520581       -0.0009661522       -0.0009556471       -0.0009265493       -0.0008866841       -0.0008397831
     -254.0000000000       -0.0008704131       -0.0009339746       -0.0009198455       -0.0009814174       -0.0009275768       -0.0009128738       -0.0008630508       -0.0008579921
     -253.0000000000       -0.0008868920       -0.0009954919       -0.0009540316       -0.0009555050       -0.0008747585       -0.0009348374       -0.0009360121       -0.0008228522
     -252.0000000000       -0.0009345201       -0.0008725263       -0.0009052765       -0.0009092372       -0.0009004838       -0.0009197841       -0.0009359514       -0.0008261858
     -251.0000000000       -0.0009333078       -0.0009183907       -0.0008993922       -0.0009140387       -0.0008588707       -0.0009269749       -0.0009253488       -0.0008225431
     -250.0000000000       -0.0009624257       -0.0009288631       -0.0009316696       -0.0009458170       -0.0008849145       -0.0009442490       -0.0009043719       -0.0009264986
     -249.0000000000       -0.0009235325       -0.0009705266       -0.0008956669       -0.0009491617       -0.0008893152       -0.0009119701       -0.0008719172       -0.0009024947
     -248.0000000000       -0.0009233187       -0.0009222660       -0.0009757612       -0.0009536568       -0.0008989768       -0.0008982910       -0.0008830997       -0.0009060892
     -247.0000000000       -0.0008981496       -0.0009206131       -0.0009534605       -0.0009142843       -0.0009573830       -0.0008878770       -0.0009079152       -0.0008350398
     -246.0000000000       -0.0009148359       -0.0009873346       -0.0009234934       -0.0009313063       -0.0009112910       -0.0009461405       -0.0009303043       -0.0008616753
     -245.0000000000       -0.0009533267       -0.0009633077       -0.0009066474       -0.0009426309       -0.0009161459       -0.0009168649       -0.0009213394       -0.0008956103
     -244.0000000000       -0.0009376679       -0.0009544024       -0.0009072992       -0.0009600289       -0.0009372110       -0.0009110898       -0.0008988296       -0.0009410816
     -243.0000000000       -0.0009724917       -0.0008830045       -0.0009432979       -0.0008867989       -0.0009736123       -0.0009543513       -0.0008617712       -0.0008916813
     -242.0000000000       -0.0009479184       -0.0009220439       -0.0009443502       -0.0009366763       -0.0009127650       -0.0009212943       -0.0008902718       -0.0008788107
     -241.0000000000       -0.0009196845       -0.0009102871       -0.0009534743       -0.0009488846       -0.0009407801       -0.0008679288       -0.0009211458       -0.0008216840
     -240.0000000000       -0.0008979278       -0.0008687972       -0.0009185555       -0.0009644914       -0.0009091234       -0.0009515509       -0.0009106775       -0.0008957814
     -239.0000000000       -0.0009439840       -0.0009259327       -0.0009557336       -0.0009661280       -0.0009242143       -0.0009080264       -0.0009220615       -0.0008545161
     -238.0000000000       -0.0009502741       -0.0009208989       -0.0009642631       -0.0009201321       -0.0008697598       -0.0009114135       -0.0008704712       -0.0008350795
     -237.0000000000       -0.0009201538       -0.0009051964       -0.0009186991       -0.0008847036       -0.0009322277       -0.0008790483       -0.0008778999       -0.0008377865
     -236.0000000000       -0.0009157693       -0.0009587998       -0.0009069091       -0.0009320790       -0.0009089073       -0.0008699744       -0.0008811257       -0.0008883820
     -235.0000000000       -0.0009073225       -0.0009026051       -0.0009052257       -0.0009725735       -0.0009205819       -0.0008918135       -0.0009209217       -0.0008986465
     -234.0000000000       -0.0008989446       -0.0009199960       -0.0008761843       -0.0008783710       -0.0009467377       -0.0008536257       -0.0009151321       -0.0008454814
     -233.0000000000       -0.0009061367       -0.0009350384       -0.0008935709       -0.0008879896       -0.0008928729       -0.0009147584       -0.0009264224       -0.0008307657
     -232.0000000000       -0.0009501476       -0.0009209437       -0.0008845060       -0.0009386266       -0.0009340373       -0.0009141216       -0.0009050066       -0.0008711252
     -231.0000000000       -0.0009318347       -0.0009269422       -0.0009180289       -0.0009049533       -0.0008831596       -0.0009494567       -0.0009348227       -0.0008414491
     -230.0000000000       -0.0009310279       -0.0009162242       -0.0009429207       -0.0009289813       -0.0009289149       -0.0008718580       -0.0008932488       -0.0008855914
     -229.0000000000       -0.0009483852       -0.0009483357       -0.0009221135       -0.0009268438       -0.0009153063       -0.0009217266       -0.0009136839       -0.0008762389
     -228.0000000000       -0.0008657603       -0.0009483542       -0.0009074349       -0.0009156963       -0.0008793296       -0.0009010341       -0.0009168866       -0.0008645714
     -227.0000000000       -0.0009205754       -0.0009571593       -0.0009721176       -0.0008882090       -0.0008633918       -0.0009256687       -0.0008519135       -0.0008203603
     -226.0000000000       -0.0009447783       -0.0009519536       -0.0009521228       -0.0009259357       -0.0009151742       -0.0009559381       -0.0008282169       -0.0008558866
     -225.0000000000       -0.0009594122       -0.0009062167       -0.0009528995       -0.0009517071       -0.0009057781       -0.0008365823       -0.0008240735       -0.0008556560
     -224.0000000000       -0.0008977682       -0.0009610510       -0.0008907129       -0.0009721966       -0.0009495671       -0.0009365709       -0.0008705858       -0.0008354442
     -223.0000000000       -0.0009166846       -0.0009186015       -0.0009202369       -0.0008777489       -0.0009048130       -0.0009239749       -0.0009184819       -0.0008963175
     -222.0000000000       -0.0009436321       -0.0009145935       -0.0009537158       -0.0009098881       -0.0008823326       -0.0008784173       -0.0008777851       -0.0008399706
     -221.0000000000       -0.0009372235       -0.0009230074       -0.0009064115       -0.0009223553       -0.0008635437       -0.0008435288       -0.0008464646       -0.0007983422
     -220.0000000000       -0.0009584613       -0.0009328299       -0.0009219267       -0.0008995621       -0.0009188308       -0.0008986359       -0.0009030381       -0.0008417386
     -219.0000000000       -0.0009114086       -0.0009374870       -0.0009134410       -0.0008977462       -0.0009705827       -0.0008598207       -0.0008531525       -0.0008360243
     -218.0000000000       -0.0009426441       -0.0009354976       -0.0009038591       -0.0009176440       -0.0009382423       -0.0009011114       -0.0008663879       -0.0008874749
     -217.0000000000       -0.0009731296       -0.0009270891       -0.0009215577       -0.0009164838       -0.0009251100       -0.0008792055       -0.0008628017       -0.0008223196
     -216.0000000000       -0.0009193188       -0.0009325930       -0.0009444753       -0.0009100841       -0.0008951208       -0.0009382691       -0.0008320316       -0.0008483521
     -215.0000000000       -0.0008897699       -0.0009127740       -0.0009484816       -0.0009330365       -0.0009179286       -0.0009021212       -0.0008234221       -0.0008585910
     -214.0000000000       -0.0009437893       -0.0009725071       -0.0009277126       -0.0008895049       -0.0009345347       -0.0008866678       -0.0008547492       -0.0008644793
     -213.0000000000       -0.0009025371       -0.0009511070       -0.0009461139       -0.0008792211       -0.0008766903       -0.0009279306       -0.0008545316       -0.0008127907
     -212.0000000000       -0.0009661695       -0.0008898494       -0.0009165776       -0.0008904865       -0.0009394079       -0.0009126395       -0.0009112704       -0.0007892888
     -211.0000000000       -0.0009662811       -0.0009734943       -0.0008967287       -0.0009225466       -0.0009472642       -0.0008971058       -0.0008913308       -0.0008354883
     -210.0000000000       -0.0009744493       -0.0009668809       -0.0009197493       -0.0009001306       -0.0009218573       -0.0009328401       -0.0008575405       -0.0008220182
     -209.0000000000       -0.0009667955       -0.0009527388       -0.0009360269       -0.0009534602       -0.0009224872       -0.0009167301       -0.0008516432       -0.0008781364
     -208.0000000000       -0.0009097889       -0.0009394073       -0.0009469728       -0.0009347449       -0.0008980700       -0.0008897703       -0.0008561413       -0.0008393507
     -207.0000000000       -0.0009123440       -0.0008687141       -0.0009251662       -0.0009262473       -0.0008721075       -0.0009082633       -0.0008680553       -0.0008220722
     -206.0000000000       -0.0008954278       -0.0009052664       -0.0009162856       -0.0009089633       -0.0008808396       -0.0008814355       -0.0008545469       -0.0007982035
     -205.0000000000       -0.0009361101       -0.0009206331       -0.0009581984       -0.0009057905       -0.0008928800       -0.0009016697       -0.0008674469       -0.0007596253
     -204.0000000000       -0.0009586625       -0.0009376651       -0.0009475372       -0.0009173232       -0.0009276809       -0.0008882972       -0.0008253207       -0.0007705292
     -203.0000000000       -0.0009269196       -0.0008704377       -0.0009550517       -0.0009071893       -0.0009507723       -0.0008861362       -0.0008633420       -0.0008175775
     -202.0000000000       -0.0009271518       -0.0009451259       -0.0008835559       -0.0008746381       -0.0009319536       -0.0008058802       -0.0008537889       -0.0007925689
     -201.0000000000       -0.0009247286       -0.0009330607       -0.0009005777       -0.0009374779       -0.0008852514       -0.0008562524       -0.0008618960       -0.0008385781
     -200.0000000000       -0.0009430169       -0.0009020009       -0.0009234126       -0.0009173436       -0.0008937700       -0.0008507191       -0.0008217233       -0.0008078185
     -199.0000000000       -0.0009599052       -0.0009360682       -0.0008520547       -0.0009504362       -0.0008697828       -0.0008573353       -0.0008196049       -0.0008037238
     -198.0000000000       -0.0009094879       -0.0009608044       -0.0008700118       -0.0009172430       -0.0009199954       -0.0008308295       -0.0007942333       -0.0008271338
     -197.0000000000       -0.0009179455       -0.0009367394       -0.0009814496       -0.0009063042       -0.0009303243       -0.0008733433       -0.0008192771       -0.0007900822
     -196.0000000000       -0.0009458679       -0.0009177250       -0.0009164428       -0.0009233564       -0.0008996546       -0.0008575818       -0.0008378196       -0.0007851911
     -195.0000000000       -0.0009609878       -0.0009490401       -0.0009542778       -0.0009476652       -0.0008940805       -0.0009105768       -0.0008415458       -0.0008079917
     -194.0000000000       -0.0009685935       -0.0009711121       -0.0009334125       -0.0008906071       -0.0008999625       -0.0008479985       -0.0008187467       -0.0007818961
     -193.0000000000       -0.0009410295       -0.0009573061       -0.0008896093       -0.0009032416       -0.0008817941       -0.0008829004       -0.0008030200       -0.0007763071
     -192.0000000000       -0.0009515512       -0.0009353422       -0.0008832741       -0.0009154191       -0.0008905443       -0.0008433035       -0.0007899965       -0.0007746723
     -191.0000000000       -0.0009139280       -0.0009270156       -0.0009396270       -0.0009184506       -0.0008740553       -0.0009117593       -0.0008172479       -0.0007625968
     -190.0000000000       -0.0009348328       -0.0009112079       -0.0009360136       -0.0009208913       -0.0008617966       -0.0008393668       -0.0007808489       -0.0007412593
     -189.0000000000       -0.0009121811       -0.0009249612       -0.0009118978       -0.0008849321       -0.0008993217       -0.0008568069       -0.0008244593       -0.0007721268
     -188.0000000000       -0.0009392978       -0.0008838702       -0.0009289400       -0.0008770380       -0.0008900913       -0.0008391285       -0.0007544291       -0.0007616205
     -187.0000000000       -0.0008976090       -0.0009178058       -0.0008902001       -0.0009329742       -0.0009044650       -0.0008174310       -0.0007898440       -0.0008125751
     -186.0000000000       -0.0009350295       -0.0009139395       -0.0008726682       -0.0009196470       -0.0009259912       -0.0008759576       -0.0008393652       -0.0007593010
     -185.0000000000       -0.0009413150       -0.0009642880       -0.0009301294       -0.0009336884       -0.0008341055       -0.0008461983       -0.0007822951       -0.0007312780
     -184.0000000000       -0.0009570961       -0.0009236678       -0.0009130155       -0.0009146785       -0.0009011349       -0.0008362303       -0.0007705017       -0.0007471298
     -183.0000000000       -0.0009215977       -0.0009594948       -0.0009290725       -0.0008905630       -0.0008311471       -0.0008565235       -0.0007737608       -0.0006737539
     -182.0000000000       -0.0009140748       -0.0009406932       -0.0009529015       -0.0009355090       -0.0008775137       -0.0008335504       -0.0007928245       -0.0006706637
     -181.0000000000       -0.0009008361       -0.0009102790       -0.0009281389       -0.0009420156       -0.0008468701       -0.0008058868       -0.0008269768       -0.0007215318
     -180.0000000000       -0.0008807884       -0.0009140113       -0.0008872837       -0.0009028429       -0.0008513228       -0.0008477869       -0.0007410802       -0.0007235531
     -179.0000000000       -0.0008791322       -0.0009158888       -0.0008830878       -0.0009004839       -0.0009057939       -0.0008675044       -0.0008065340       -0.0006588437
     -178.0000000000       -0.0009310710       -0.0009414858       -0.0008869947       -0.0009011266       -0.0008788663       -0.0008078163       -0.0007675132       -0.0006655711
     -177.0000000000       -0.0009410365       -0.0009339228       -0.0008965274       -0.0008791551       -0.0008377211       -0.0008419029       -0.0007271179       -0.0007039874
     -176.0000000000       -0.0009842515       -0.0009112726       -0.0008573714       -0.0008964021       -0.0008656733       -0.0008477934       -0.0007482666       -0.0006943270
     -175.0000000000       -0.0009436056       -0.0009466456       -0.0009079194       -0.0008479999       -0.0009275757       -0.0008236181       -0.0007359125       -0.0006987215
     -174.0000000000       -0.0008738111       -0.0008483916       -0.0009564810       -0.0008960006       -0.0008475945       -0.0007582958       -0.0007228012       -0.0006987611
     -173.0000000000       -0.0008881030       -0.0008967217       -0.0009221318       -0.0008987794       -0.0008637704       -0.0007911801       -0.0007150834       -0.0007062647
     -172.0000000000       -0.0008839402       -0.0008926843       -0.0009250137       -0.0008680261       -0.0008713218       -0.0007697143       -0.0007466203       -0.0006377994
     -171.0000000000       -0.0009246193       -0.0008772321       -0.0009064298       -0.0009259760       -0.0008605564       -0.0008133177       -0.0007724156       -0.0006965940
     -170.0000000000       -0.0009312838       -0.0009427742       -0.0009366935       -0.0009088043       -0.0008064193       -0.0007960882       -0.0007098752       -0.0006814404
     -169.0000000000       -0.0009530159       -0.0009178713       -0.0009005678       -0.0008892146       -0.0008442478       -0.0007658903       -0.0007048504       -0.0006490477
     -168.0000000000       -0.0009143068       -0.0009198338       -0.0008938052       -0.0008660489       -0.0008311569       -0.0007905811       -0.0007277383       -0.0006209990
     -167.0000000000       -0.0009173687       -0.0009259930       -0.0009547944       -0.0008797987       -0.0008186740       -0.0008244352       -0.0007318955       -0.0006554594
     -166.0000000000       -0.0008892833       -0.0009479220       -0.0009358829       -0.0008717928       -0.0008363698       -0.0007551140       -0.0006845447       -0.0006389224
     -165.0000000000       -0.0009075927       -0.0009138373       -0.0008579515       -0.0009039761       -0.0008444676       -0.0007286220       -0.0007033344       -0.0006909729
     -164.0000000000       -0.0009332992       -0.0008695271       -0.0009362971       -0.0009134012       -0.0008344572       -0.0007749665       -0.0006868974       -0.0006134977
     -163.0000000000       -0.0009196164       -0.0008768709       -0.0009351190       -0.0009116173       -0.0008114869       -0.0007635608       -0.0006848140       -0.0005890056
     -162.0000000000       -0.0009110428       -0.0009066691       -0.0009008219       -0.0008604832       -0.0007988265       -0.0007305508       -0.0007051345       -0.0005750613
     -161.0000000000       -0.0009414339       -0.0009407409       -0.0008732954       -0.0008604386       -0.0008587976       -0.0007290024       -0.0006894716       -0.0005625970
     -160.0000000000       -0.0009446560       -0.0009448792       -0.0008657631       -0.0009202508       -0.0008264694       -0.0007085751       -0.0007133863       -0.0006186306
     -159.0000000000       -0.0009190127       -0.0009231242       -0.0008987196       -0.0008613977       -0.0008418562       -0.0006906457       -0.0006746600       -0.0005844772
     -158.0000000000       -0.0009437661       -0.0008814537       -0.0008974914       -0.0008713437       -0.0008224223       -0.0006814027       -0.0006587034       -0.0006040581
     -157.0000000000       -0.0009197222       -0.0009085733       -0.0008982664       -0.0007960791       -0.0007955094       -0.0007046652       -0.0006393434       -0.0005469195
     -156.0000000000       -0.0009455516       -0.0008905852       -0.0008855367       -0.0008050906       -0.0007858292       -0.0006985531       -0.0006007393       -0.0005406230
     -155.0000000000       -0.0009654521       -0.0009207789       -0.0009345114       -0.0008765866       -0.0008087987       -0.0007138263       -0.0005889966       -0.0005115317
     -154.0000000000       -0.0009438221       -0.0008898159       -0.0009255307       -0.0008851218       -0.0007431070       -0.0006890940       -0.0006072877       -0.0005215487
     -153.0000000000       -0.0009255378       -0.0009511139       -0.0008950250       -0.0008372271       -0.0008015164       -0.0006923059       -0.0005467114       -0.0005943096
     -152.0000000000       -0.0009131985       -0.0009289975       -0.0008890718       -0.0008361796       -0.0007832563       -0.0006989499       -0.0005836451       -0.0005121939
     -151.0000000000       -0.0008973318       -0.0009037560       -0.0009372933       -0.0008422789       -0.0007389809       -0.0006980045       -0.0005635228       -0.0005269953
     -150.0000000000       -0.0009231062       -0.0008833878       -0.0009024245       -0.0008814057       -0.0007781154       -0.0006502107       -0.0006008838       -0.0004842306
     -149.0000000000       -0.0009666008       -0.0008940195       -0.0009045640       -0.0008009845       -0.0007023145       -0.0006274435       -0.0005904636       -0.0004836003
     -148.0000000000       -0.0008933515       -0.0009486613       -0.0008840243       -0.0008179957       -0.0007515802       -0.0006218728       -0.0006373911       -0.0004797232
     -147.0000000000       -0.0009649300       -0.0009076089       -0.0008926438       -0.0008073811       -0.0007224095       -0.0006356286       -0.0005754825       -0.0004372344
     -146.0000000000       -0.0009083055       -0.0009150937       -0.0008705644       -0.0007971753       -0.0007202110       -0.0006513011       -0.0005891596       -0.0004871934
     -145.0000000000       -0.0009001628       -0.0009413817       -0.0008965177       -0.0008153446       -0.0007322012       -0.0006657784       -0.0005909706       -0.0004258057
     -144.0000000000       -0.0009153996       -0.0008988374       -0.0008871038       -0.0008286635       -0.0006930830       -0.0006056090       -0.0005226181       -0.0004896468
     -143.0000000000       -0.0009445528       -0.0008921206       -0.0009548300       -0.0008000604       -0.0007189308       -0.0006105699       -0.0005728163       -0.0004375826
     -142.0000000000       -0.0009004652       -0.0008862704       -0.0008878171       -0.0008441257       -0.0007138061       -0.0006093422       -0.0005129260       -0.0004544910
     -141.0000000000       -0.0008947285       -0.0008962979       -0.0008579665       -0.0008035074       -0.0007381369       -0.0005761583       -0.0005160866       -0.0004449173
     -140.0000000000       -0.0008928629       -0.0008554766       -0.0008873655       -0.0008256869       -0.0006735019       -0.0005899570       -0.0004882007       -0.0004411904
     -139.0000000000       -0.0009252776       -0.0009320231       -0.0009001449       -0.0008322011       -0.0006961869       -0.0005552798       -0.0004609454       -0.0004215378
     -138.0000000000       -0.0008992474       -0.0009508659       -0.0009085778       -0.0008109895       -0.0007078261       -0.0006510469       -0.0004866767       -0.0003957312
     -137.0000000000       -0.0009003423       -0.0009048612       -0.0009197714       -0.0008266993       -0.0006621463       -0.0005294518       -0.0004649448       -0.0003782581
     -136.0000000000       -0.0009561030       -0.0008920103       -0.0009231343       -0.0007818355       -0.0006775661       -0.0005169098       -0.0004101590       -0.0003459395
     -135.0000000000       -0.0009864489       -0.0009662237       -0.0008783963       -0.0008289847       -0.0006866588       -0.0004918343       -0.0004388272       -0.0003559431
     -134.0000000000       -0.0009655035       -0.0009064158       -0.0008342867       -0.0007585527       -0.0006267253       -0.0004971430       -0.0004303558       -0.0003369457
     -133.0000000000       -0.0008891387       -0.0009300454       -0.0008977013       -0.0007483528       -0.0006509943       -0.0005681301       -0.0003791686       -0.0004129385
     -132.0000000000       -0.0009163398       -0.0009286321       -0.0008883392       -0.0007272975       -0.0006362842       -0.0004844633       -0.0004558527       -0.0003268750
     -131.0000000000       -0.0009645287       -0.0009075735       -0.0008202056       -0.0007470672       -0.0005719941       -0.0005010988       -0.0004358061       -0.0003034448
     -130.0000000000       -0.0009170492       -0.0009154616       -0.0008644899       -0.0007737774       -0.0005797971       -0.0005148158       -0.0004180504       -0.0003705133
     -129.0000000000       -0.0008931489       -0.0009371087       -0.0008636028       -0.0007046383       -0.0006434112       -0.0004886393       -0.0003751224       -0.0002663250
     -128.0000000000       -0.0009343041       -0.0009306947       -0.0008830358       -0.0007278983       -0.0006192628       -0.0004975091       -0.0003317869       -0.0002767226
     -127.0000000000       -0.0009434086       -0.0009810141       -0.0008644080       -0.0007145553       -0.0006228281       -0.0004407116       -0.0003304870       -0.0002371522
     -126.0000000000       -0.0009418558       -0.0008970183       -0.0008368586       -0.0007309698       -0.0005062533       -0.0004334277       -0.0003647023       -0.0002309113
     -125.0000000000       -0.0008945401       -0.0009128608       -0.0008755873       -0.0006774183       -0.0005599784       -0.0003940832       -0.0002826771       -0.0002296907
     -124.0000000000       -0.0009435445       -0.0009200687       -0.0008219647       -0.0007008381       -0.0005212252       -0.0004317504       -0.0002965243       -0.0001943256
     -123.0000000000       -0.0009107638       -0.0009111647       -0.0008180921       -0.0006999737       -0.0004572079       -0.0004210044       -0.0002900238       -0.0002478279
     -122.0000000000       -0.0009490295       -0.0008777289       -0.0007795597       -0.0006768296       -0.0005383446       -0.0004137584       -0.0002594618       -0.0001547219
     -121.0000000000       -0.0008994781       -0.0009049908       -0.0007909307       -0.0006051156       -0.0005016826       -0.0003311992       -0.0002607433       -0.0001914218
     -120.0000000000       -0.0009027551       -0.0008414752       -0.0007993362       -0.0006525254       -0.0004558745       -0.0003225541       -0.0002072773       -0.0001327886
     -119.0000000000       -0.0009742532       -0.0009027331       -0.0008167788       -0.0006321922       -0.0004326225       -0.0003544704       -0.0002234091       -0.0002055894
     -118.0000000000       -0.0009447997       -0.0008941492       -0.0008186536       -0.0006915739       -0.0004671161       -0.0003356180       -0.0002300479       -0.0001307036
     -117.0000000000       -0.0009443537       -0.0008883583       -0.0007751692       -0.0006187549       -0.0004467907       -0.0003042491       -0.0002457792       -0.0000738992
     -116.0000000000       -0.0009226713       -0.0009108069       -0.0007763634       -0.0006052537       -0.0004064108       -0.0002517538       -0.0002060821       -0.0001030330
     -115.0000000000       -0.0009454399       -0.0009105244       -0.0008176161       -0.0005737962       -0.0004057498       -0.0002513788       -0.0001497140       -0.0001374732
     -114.0000000000       -0.0008844948       -0.0009277057       -0.0007931522       -0.0005798699       -0.0003942142       -0.0002616786       -0.0001156186       -0.0000700665
     -113.0000000000       -0.0009182995       -0.0009391068       -0.0007806252       -0.0005698989       -0.0003924929       -0.0002730521       -0.0001065349       -0.0000718145
     -112.0000000000       -0.0009012106       -0.0009050874       -0.0007103387       -0.0005690630       -0.0003907094       -0.0002527626       -0.0001013016       -0.0000331830
     -111.0000000000       -0.0009355904       -0.0008954266       -0.0007175034       -0.0005563147       -0.0003868442       -0.0001814951       -0.0000672049       -0.0000040788
     -110.0000000000       -0.0008886182       -0.0009101123       -0.0007145828       -0.0005219045       -0.0003705048       -0.0001990898       -0.0000971844       -0.0000296428
     -109.0000000000       -0.0009365078       -0.0008997612       -0.0007530699       -0.0005269948       -0.0003185818       -0.0002516407       -0.0000757194       -0.0000139585
     -108.0000000000       -0.0009851435       -0.0008789934       -0.0006853596       -0.0004914430       -0.0002979632       -0.0001649837       -0.0000814492       -0.0000191694
     -107.0000000000       -0.0009560523       -0.0008547690       -0.0007122612       -0.0004751316       -0.0002879072       -0.0001560828       -0.0000758732       -0.0000176434
     -106.0000000000       -0.0009369453       -0.0009051437       -0.0007173899       -0.0004207742       -0.0002109188       -0.0000890067       -0.0000111268        0.0000456631
     -105.0000000000       -0.0008833800       -0.0008342169       -0.0006575433       -0.0003630861       -0.0002467211       -0.0000381098        0.0000892847        0.0000766183
     -104.0000000000       -0.0009008371       -0.0008681882       -0.0006918968       -0.0004483862       -0.0002154935       -0.0000838038        0.0000604098        0.0000817684
     -103.0000000000       -0.0009099041       -0.0008648822       -0.0006417019       -0.0004694102       -0.0002364498       -0.0000536338        0.0000425314        0.0000947563
     -102.0000000000       -0.0009331236       -0.0008613836       -0.0006361360       -0.0004492855       -0.0001825251       -0.0000691982        0.0000648742        0.0001226329
     -101.0000000000       -0.0009030682       -0.0008415312       -0.0006592512       -0.0003576267       -0.0001592908       -0.0000262199        0.0000406684        0.0001189004
     -100.0000000000       -0.0009257193       -0.0008448888       -0.0006480311       -0.0003633726       -0.0001444656       -0.0000051987        0.0001543960        0.0001123433
      -99.0000000000       -0.0009392558       -0.0008968117       -0.0006620131       -0.0003469306       -0.0000844078        0.0000110825        0.0001325332        0.0001618546
      -98.0000000000       -0.0009295855       -0.0008456469       -0.0006122871       -0.0002926629       -0.0000878072        0.0000055730        0.0001673784        0.0001548341
      -97.0000000000       -0.0008990458       -0.0008327286       -0.0006007719       -0.0003176268       -0.0000817563        0.0000477190        0.0001095315        0.0001734778
      -96.0000000000       -0.0008697076       -0.0008796962       -0.0005639468       -0.0002975631       -0.0001055914        0.0000313679        0.0001271832        0.0002217883
      -95.0000000000       -0.0008692036       -0.0008698677       -0.0005295217       -0.0002673297       -0.0000594997        0.0000737083        0.0001520322        0.0001997532
      -94.0000000000       -0.0009099821       -0.0008022095       -0.0005565921       -0.0002447885        0.0000015137        0.0001446100        0.0002333060        0.0002839232
      -93.0000000000       -0.0008535950       -0.0008246219       -0.0005497580       -0.0001942279       -0.0000019218        0.0001435001        0.0002051562        0.0002799765
      -92.0000000000       -0.0009040396       -0.0008245352       -0.0005232256       -0.0002118533        0.0000147441        0.0001710777        0.0002884435        0.0002736181
      -91.0000000000       -0.0008414086       -0.0008682207       -0.0004627905       -0.0001446389        0.0000400660        0.0001944672        0.0002800057        0.0003022323
      -90.0000000000       -0.0008885140       -0.0008240626       -0.0004389243       -0.0000973277        0.0000880726        0.0001657255        0.0002546353        0.0003324255
      -89.0000000000       -0.0009153565       -0.0007755690       -0.0005020194       -0.0000986743        0.0000973351        0.0002501472        0.0003120283        0.0003449864
      -88.0000000000       -0.0009583033       -0.0008337169       -0.0004108700       -0.0000552788        0.0001389489        0.0002725260        0.0003265823        0.0003686665
      -87.0000000000       -0.0009027902       -0.0007999161       -0.0003378310       -0.0000643662        0.0001230305        0.0002916923        0.0002877942        0.0003701834
      -86.0000000000       -0.0009030150       -0.0008321445       -0.0004049360       -0.0000484644        0.0001368162        0.0003073565        0.0003232699        0.0004077063
      -85.0000000000       -0.0009306919       -0.0007791649       -0.0003653206       -0.0000037531        0.0001990487        0.0002973249        0.0003511868        0.0004214906
      -84.0000000000       -0.0009351434       -0.0007814835       -0.0003176913        0.0000686995        0.0002482694        0.0003563876        0.0004041396        0.0004532481
      -83.0000000000       -0.0009170356       -0.0007375120       -0.0003118459        0.0000681053        0.0002460644        0.0004081475        0.0004075402        0.0004585771
      -82.0000000000       -0.0009142444       -0.0007057529       -0.0002365170        0.0001424741        0.0002929602        0.0003879754        0.0004391875        0.0004480681
      -81.0000000000       -0.0009556101       -0.0007389702       -0.0002244442        0.0001784728        0.0003156765        0.0004620923        0.0004547351        0.0004665464
      -80.0000000000       -0.0009535122       -0.0007003487       -0.0001800418        0.0001516740        0.0003098042        0.0004425311        0.0004681905        0.0004805868
      -79.0000000000       -0.0009527040       -0.0007192179       -0.0001736141        0.0002096223        0.0003906011        0.0004930905        0.0004631720        0.0005143209
      -78.0000000000       -0.0009560098       -0.0006725647       -0.0001100956        0.0002279109        0.0004296614        0.0004617746        0.0005301943        0.0005309612
      -77.0000000000       -0.0009277461       -0.0006826750       -0.0000727749        0.0002617094        0.0004091196        0.0004925552        0.0005545770        0.0005445388
      -76.0000000000       -0.0009160520       -0.0007208532       -0.0000483519        0.0002746343        0.0004927008        0.0004948028        0.0005995475        0.0005710868
      -75.0000000000       -0.0008853899       -0.0006468299       -0.0000229678        0.0003552642        0.0004665569        0.0005737291        0.0005557271        0.0005807659
      -74.0000000000       -0.0009138141       -0.0006060217       -0.0000185884        0.0003862366        0.0005275141        0.0006331339        0.0006010062        0.0006593560
      -73.0000000000       -0.0009556420       -0.0006045841        0.0000258393        0.0004080343        0.0005338949        0.0006160791        0.0006568618        0.0006238597
      -72.0000000000       -0.0009489948       -0.0005832495        0.0001006304        0.0003957780        0.0005753057        0.0005912511        0.0007146880        0.0006331413
      -71.0000000000       -0.0009162551       -0.0005293536        0.0001576572        0.0004628391        0.0006183805        0.0006858484        0.0006783585        0.0006662616
      -70.0000000000       -0.0009283430       -0.0005171871        0.0002364354        0.0004962467        0.0006549437        0.0006974132        0.0006404678        0.0007009684
      -69.0000000000       -0.0009258595       -0.0005084709        0.0002133516        0.0005405621        0.0007228258        0.0007313846        0.0006852333        0.0006943280
      -68.0000000000       -0.0009275464       -0.0004833900        0.0002530434        0.0006420468        0.0007124946        0.0007632293        0.0007400276        0.0007137541
      -67.0000000000       -0.0009541373       -0.0004402737        0.0002683132        0.0006520845        0.0007472086        0.0007312349        0.0007244510        0.0007337474
      -66.0000000000       -0.0009278492       -0.0004006447        0.0003727195        0.0006440762        0.0007268324        0.0007665935        0.0007153470        0.0007269967
      -65.0000000000       -0.0009168805       -0.0003454485        0.0003861568        0.0006781159        0.0008319572        0.0007915271        0.0007667376        0.0007558750
      -64.0000000000       -0.0009264693       -0.0002902661        0.0004514764        0.0007446754        0.0008474291        0.0008635069        0.0007941277        0.0007649810
      -63.0000000000       -0.0008943811       -0.0003434534        0.0004483161        0.0008058929        0.0008908168        0.0008931306        0.0008011914        0.0008000803
      -62.0000000000       -0.0009166730       -0.0002786117        0.0005517583        0.0007763498        0.0009025123        0.0008764242        0.0008637276        0.0008332636
      -61.0000000000       -0.0009554860       -0.0002242358        0.0006160182        0.0008842315        0.0009518548        0.0008936350        0.0008990415        0.0007590337
      -60.0000000000       -0.0009375088       -0.0001189237        0.0006747136        0.0009180122        0.0009934424        0.0009393030        0.0008855231        0.0008275318
      -59.0000000000       -0.0009370267       -0.0001167485        0.0006991761        0.0009220400        0.0009530039        0.0009316413        0.0009425687        0.0009083005
      -58.0000000000       -0.0008952533       -0.0000061718        0.0007422276        0.0009861060        0.0010503331        0.0009725087        0.0009775338        0.0008123860
      -57.0000000000       -0.0008995588        0.0000763952        0.0008177023        0.0010342186        0.0010676085        0.0010596989        0.0009360164        0.0008859857
      -56.0000000000       -0.0009291392        0.0000911267        0.0008497342        0.0010937502        0.0011231336        0.0010597093        0.0009805738        0.0008636551
      -55.0000000000       -0.0009494040        0.0001779024        0.0009669860        0.0011245616        0.0011001283        0.0010581516        0.0010070294        0.0009273059
      -54.0000000000       -0.0008930890        0.0002596952        0.0009734277        0.0011009645        0.0011816525        0.0010529561        0.0010036614        0.0008831480
      -53.0000000000       -0.0008796767        0.0003175732        0.0010260467        0.0012246937        0.0012161135        0.0010702860        0.0010151406        0.0009289292
      -52.0000000000       -0.0009170000        0.0004054101        0.0011016663        0.0012159771        0.0011896127        0.0011592339        0.0009830448        0.0009503762
      -51.0000000000       -0.0008748764        0.0004671260        0.0012118473        0.0013125482        0.0012366083        0.0012066699        0.0010575896        0.0009991888
      -50.0000000000       -0.0008749225        0.0005255441        0.0012642428        0.0013090267        0.0012995275        0.0011599557        0.0010637617        0.0009747711
      -49.0000000000       -0.0008806689        0.0006517586        0.0012993341        0.0013702002        0.0013395571        0.0012466804        0.0010863903        0.0009878139
      -48.0000000000       -0.0008669979        0.0006758712        0.0013702092        0.0014010890        0.0013576798        0.0012405545        0.0011006790        0.0010454660
      -47.0000000000       -0.0008761370        0.0008250052        0.0014225715        0.0014650395        0.0013657954        0.0012423031        0.0011511643        0.0010512961
      -46.0000000000       -0.0009513041        0.0008767420        0.0014411192        0.0014732935        0.0013688746        0.0012763174        0.0011804947        0.0010819197
      -45.0000000000       -0.0008869554        0.0009713614        0.0015549205        0.0015077278        0.0013697390        0.0012878148        0.0011786798        0.0010952192
      -44.0000000000       -0.0009103878        0.0010514406        0.0015892488        0.0015954679        0.0014591303        0.0013336111        0.0012074245        0.0011393073
      -43.0000000000       -0.0009346601        0.0011652893        0.0017265213        0.0016172208        0.0014586871        0.0013198735        0.0011847367        0.0010768958
      -42.0000000000       -0.0009359620        0.0013267330        0.0017676296        0.0016696379        0.0015550361        0.0013638404        0.0011986371        0.0011168830
      -41.0000000000       -0.0009224063        0.0013911095        0.0018189820        0.0017478231        0.0015494395        0.0013413712        0.0012047247        0.0011029219
      -40.0000000000       -0.0009396615        0.0015018564        0.0019277370        0.0016740646        0.0015850651        0.0013620552        0.0012900841        0.0011089436
      -39.0000000000       -0.0009264664        0.0015773684        0.0019634317        0.0017875989        0.0015679606        0.0013950141        0.0012921329        0.0012173815
      -38.0000000000       -0.0009094707        0.0017534327        0.0020555324        0.0018439181        0.0016246966        0.0014231757        0.0013102349        0.0011936641
      -37.0000000000       -0.0009324739        0.0018906420        0.0020755418        0.0018635638        0.0016245768        0.0014662308        0.0013065978        0.0012087206
      -36.0000000000       -0.0009044478        0.0019973077        0.0021428828        0.0018770832        0.0016816485        0.0014669773        0.0012832215        0.0011908402
      -35.0000000000       -0.0009017598        0.0021402656        0.0021852104        0.0019101580        0.0017161867        0.0015272070        0.0013105807        0.0012110910
      -34.0000000000       -0.0008910954        0.0022501819        0.0022864583        0.0020256760        0.0017465530        0.0015452927        0.0013310753        0.0011777659
      -33.0000000000       -0.0009159999        0.0023939966        0.0023499179        0.0020322097        0.0017660643        0.0015352666        0.0013886750        0.0012407715
      -32.0000000000       -0.0008890883        0.0025244616        0.0024086014        0.0020853498        0.0017624907        0.0015633305        0.0014068536        0.0012787327
      -31.0000000000       -0.0009783161        0.0026476784        0.0024196205        0.0021216491        0.0018190437        0.0015720401        0.0014604078        0.0012633369
      -30.0000000000       -0.0009062253        0.0027800635        0.0025147800        0.0021307848        0.0018002202        0.0016224423        0.0014708687        0.0012227854
      -29.0000000000       -0.0009275192        0.0028874672        0.0026202670        0.0021661778        0.0018587185        0.0016321472        0.0014410864        0.0012673847
      -28.0000000000       -0.0009316524        0.0030638351        0.0026530937        0.0021937668        0.0019392868        0.0016347556        0.0014278433        0.0012871382
      -27.0000000000       -0.0009160867        0.0032187038        0.0026521417        0.0022420793        0.0019026970        0.0016510876        0.0014763991        0.0012617106
      -26.0000000000       -0.0009142191        0.0033112794        0.0027114490        0.0022368709        0.0018729465        0.0016593777        0.0014597920        0.0012861942
      -25.0000000000       -0.0009478182        0.0035200506        0.0027330283        0.0022470486        0.0019345596        0.0016977911        0.0014868078        0.0013173792
      -24.0000000000       -0.0009189438        0.0036472751        0.0028635533        0.0023005076        0.0019523878        0.0016336514        0.0014664191        0.0013233820
      -23.0000000000       -0.0009232302        0.0037940883        0.0028930112        0.0023778106        0.0019588728        0.0016411382        0.0014887896        0.0013227070
      -22.0000000000       -0.0008829085        0.0039077889        0.0029864751        0.0023665928        0.0020341281        0.0017231282        0.0014743080        0.0013405559
      -21.0000000000       -0.0009407275        0.0040138261        0.0029980302        0.0024568004        0.0020219424        0.0016881847        0.0015522251        0.0013013817
      -20.0000000000       -0.0008970610        0.0041404068        0.0030419635        0.0024431091        0.0020456845        0.0017291936        0.0015642543        0.0013294314
      -19.0000000000       -0.0009220669        0.0042632096        0.0031360825        0.0024872694        0.0020676241        0.0017653512        0.0015326886        0.0013041224
      -18.0000000000       -0.0009248637        0.0044261228        0.0030967342        0.0025207872        0.0020784501        0.0017545627        0.0015589285        0.0013722296
      -17.0000000000       -0.0009446290        0.0045008982        0.0032233399        0.0025394544        0.0020586443        0.0017999462        0.0015511255        0.0013776001
      -16.0000000000       -0.0008715131        0.0045887759        0.0032693257        0.0025174080        0.0020651932        0.0017901490        0.0015366565        0.0012971067
      -15.0000000000       -0.0008997442        0.0046895492        0.0032972054        0.0025567005        0.0021243785        0.0018099541        0.0015427938        0.0013683633
      -14.0000000000       -0.0009331343        0.0047859836        0.0033048482        0.0025820014        0.0021592685        0.0018406713        0.0015870367        0.0014196443
      -13.0000000000       -0.0009496678        0.0049276693        0.0033937515        0.0025900306        0.0021273798        0.0017920886        0.0015700897        0.0013939680
      -12.0000000000       -0.0008855865        0.0050460018        0.0033649530        0.0026256708        0.0021310752        0.0017963931        0.0015693777        0.0013777659
      -11.0000000000       -0.0008933606        0.0051728358        0.0034060267        0.0026803040        0.0021312032        0.0018217431        0.0016029148        0.0013946473
      -10.0000000000       -0.0009000981        0.0051842687        0.0034310955        0.0026805279        0.0021065612        0.0018637097        0.0015596354        0.0013691282
       -9.0000000000       -0.0009046901        0.0052137771        0.0034875964        0.0026614766        0.0021983260        0.0018745143        0.0016435512        0.0014076228
       -8.0000000000       -0.0008228622        0.0053230077        0.0034511659        0.0026747544        0.0021784493        0.0019168996        0.0015885147        0.0014433111
       -7.0000000000       -0.0008616520        0.0053681440        0.0035324648        0.0026917806        0.0022485740        0.0018592539        0.0015894022        0.0014410040
       -6.0000000000       -0.0007724987        0.0054193594        0.0035741162        0.0027141078        0.0022320063        0.0018460913        0.0016343017        0.0014372480
       -5.0000000000       -0.0005952094        0.0054986806        0.0035458587        0.0027099522        0.0021660237        0.0018995624        0.0016176053        0.0014140240
       -4.0000000000       -0.0003650220        0.0054510009        0.0035684530        0.0026984932        0.0022194401        0.0018613327        0.0016233793        0.0014274407
       -3.0000000000        0.0002979624        0.0055524372        0.0035617042        0.0027517742        0.0022178069        0.0018683160        0.0016204921        0.0013900911
       -2.0000000000        0.0032583296        0.0055770301        0.0035582096        0.0027338745        0.0021971401        0.0018453015        0.0016255195        0.0013856531
       -1.0000000000        0.0287124649        0.0055745757        0.0035740478        0.0027012198        0.0022401094        0.0018486470        0.0016150882        0.0014249568
        0.0000000000        0.3991446194        0.0055798261        0.0035310208        0.0027063171        0.0021918831        0.0018611690        0.0016285024        0.0014532967
        1.0000000000        0.0287124649        0.0055489562        0.0035829399        0.0027250500        0.0022094512        0.0018784045        0.0016053254        0.0015084114
        2.0000000000        0.0032583296        0.0055398374        0.0035682073        0.0027509158        0.0022339501        0.0018710630        0.0016118534        0.0014157041
        3.0000000000        0.0002979624        0.0055195814        0.0035751317        0.0026963033        0.0022180640        0.0018267074        0.0016477635        0.0014065448
        4.0000000000       -0.0003650220        0.0055174407        0.0035612878        0.0027455209        0.0022487079        0.0018577824        0.0016420780        0.0014322284
        5.0000000000       -0.0005952094        0.0054899077        0.0035445965        0.0027382088        0.0021729809        0.0018813932        0.0016523718        0.0014207783
        6.0000000000       -0.0007724987        0.0054426770        0.0035660697        0.0027532779        0.0022139930        0.0018854951        0.0016318346        0.0013890948
        7.0000000000       -0.0008616520        0.0053683002        0.0034603690        0.0026571819        0.0021668714        0.0018458867        0.0015812166        0.0013805007
        8.0000000000       -0.0008228622        0.0053673643        0.0034915921        0.0026723400        0.0021732208        0.0018730998        0.0016224405        0.0014143254
        9.0000000000       -0.0009046901        0.0052027045        0.0034476526        0.0026654391        0.0021895970        0.0019035455        0.0016093229        0.0014006581
       10.0000000000       -0.0009000981        0.0051876111        0.0034777275        0.0026026781        0.0021810297        0.0018578303        0.0015633417        0.0014202637
       11.0000000000       -0.0008933606        0.0050965743        0.0033928774        0.0026183572        0.0021082182        0.0018362934        0.0015847957        0.0014289868
       12.0000000000       -0.0008855865        0.0049699953        0.0034065388        0.0026212913        0.0021738015        0.0018676354        0.0016213113        0.0014055291
       13.0000000000       -0.0009496678        0.0049331927        0.0033747348        0.0026262523        0.0021426095        0.0018385460        0.0015473168        0.0013992571
       14.0000000000       -0.0009331343        0.0047961736        0.0033472856        0.0025736817        0.0021512075        0.0018356757        0.0015864878        0.0013666783
       15.0000000000       -0.0008997442        0.0046650299        0.0033132845        0.0025520140        0.0021348979        0.0017758906        0.0016043594        0.0013705117
       16.0000000000       -0.0008715131        0.0046025931        0.0033022864        0.0025229649        0.0021670922        0.0017827525        0.0015612247        0.0013865042
       17.0000000000       -0.0009446290        0.0045198875        0.0032490901        0.0025388262        0.0020904438        0.0017842099        0.0015260436        0.0013692814
       18.0000000000       -0.0009248637        0.0043582320        0.0031957068        0.0024584988        0.0020633754        0.0017610818        0.0015109279        0.0013864828
       19.0000000000       -0.0009220669        0.0042719085        0.0031619146        0.0024714315        0.0020420849        0.0017753864        0.0015157556        0.0013615660
       20.0000000000       -0.0008970610        0.0041822607        0.0031145977        0.0024418987        0.0020181072        0.0017332853        0.0015199642        0.0014048910
       21.0000000000       -0.0009407275        0.0040039801        0.0030503097        0.0024208499        0.0020107122        0.0017358314        0.0015096750        0.0013707141
       22.0000000000       -0.0008829085        0.0038266376        0.0029821286        0.0024084387        0.0020427679        0.0017115739        0.0015008062        0.0013303908
       23.0000000000       -0.0009232302        0.0037259661        0.0029765414        0.0023537486        0.0019685385        0.0016947479        0.0015070810        0.0013006873
       24.0000000000       -0.0009189438        0.0036226886        0.0029168742        0.0023160711        0.0019771527        0.0016715382        0.0014417682        0.0013285723
       25.0000000000       -0.0009478182        0.0034860257        0.0027963267        0.0022583494        0.0018823260        0.0016572344        0.0014895825        0.0013299969
       26.0000000000       -0.0009142191        0.0033731186        0.0028014124        0.0022971498        0.0019477234        0.0016302630        0.0015243669        0.0012794921
       27.0000000000       -0.0009160867        0.0031921272        0.0026789333        0.0022185411        0.0019434110        0.0016452532        0.0014746575        0.0012640042
       28.0000000000       -0.0009316524        0.0031102473        0.0026204437        0.0021959475        0.0018934587        0.0016228452        0.0014055253        0.0013019094
       29.0000000000       -0.0009275192        0.0029352967        0.0026044969        0.0021356957        0.0018552586        0.0015995142        0.0014199458        0.0012763676
       30.0000000000       -0.0009062253        0.0027827791        0.0024950575        0.0021584775        0.0018469525        0.0015610537        0.0014063654        0.0012292213
       31.0000000000       -0.0009783161        0.0026865406        0.0024486241        0.0021302456        0.0018528192        0.0016195155        0.0013657976        0.0013080313
       32.0000000000       -0.0008890883        0.0025344677        0.0023832494        0.0020495172        0.0017985932        0.0015618611        0.0013991386        0.0012149795
       33.0000000000       -0.0009159999        0.0024044010        0.0023327830        0.0020663519        0.0017616847        0.0015449568        0.0013665850        0.0012324461
       34.0000000000       -0.0008910954        0.0023339416        0.0022782165        0.0019771662        0.0017606831        0.0015266789        0.0013392125        0.0012702692
       35.0000000000       -0.0009017598        0.0021338975        0.0022304562        0.0019123543        0.0017014704        0.0015202973        0.0013333687        0.0012019149
       36.0000000000       -0.0009044478        0.0020639277        0.0021366526        0.0019303097        0.0017304238        0.0015039821        0.0012809838        0.0012308816
       37.0000000000       -0.0009324739        0.0018818982        0.0020741454        0.0019342158        0.0016607966        0.0014621909        0.0013159199        0.0012040272
       38.0000000000       -0.0009094707        0.0017469499        0.0020276987        0.0018608703        0.0016113563        0.0014619360        0.0012658342        0.0011624231
       39.0000000000       -0.0009264664        0.0016698696        0.0019248973        0.0017859287        0.0016531687        0.0014520068        0.0012795127        0.0011529428
       40.0000000000       -0.0009396615        0.0014823918        0.0018714405        0.0017687680        0.0015806255        0.0014108377        0.0012952369        0.0011145006
       41.0000000000       -0.0009224063        0.0014066424        0.0017801703        0.0017497073        0.0014842017        0.0014091692        0.0012088963        0.0011405779
       42.0000000000       -0.0009359620        0.0012913677        0.0017389889        0.0015872834        0.0015331774        0.0013789889        0.0012254554        0.0010213675
       43.0000000000       -0.0009346601        0.0011904516        0.0016957266        0.0016680617        0.0015244268        0.0013355104        0.0012419283        0.0010697880
       44.0000000000       -0.0009103878        0.0011262820        0.0016063525        0.0016522748        0.0014853657        0.0013356321        0.0011690390        0.0010328908
       45.0000000000       -0.0008869554        0.0009697068        0.0015515627        0.0015332221        0.0014174971        0.0012614717        0.0011871352        0.0010779052
       46.0000000000       -0.0009513041        0.0008634610        0.0014792375        0.0015204695        0.0014240063        0.0012964787        0.0011756112        0.0010730899
       47.0000000000       -0.0008761370        0.0008024533        0.0013884753        0.0015049422        0.0013350256        0.0012685968        0.0011395553        0.0010729302
       48.0000000000       -0.0008669979        0.0006959635        0.0013914596        0.0014397465        0.0013804165        0.0012342879        0.0011319544        0.0010127168
       49.0000000000       -0.0008806689        0.0006051086        0.0013138195        0.0013811259        0.0012930933        0.0012137235        0.0010972547        0.0010257942
       50.0000000000       -0.0008749225        0.0005196792        0.0012315226        0.0013083406        0.0013184459        0.0012012465        0.0011007465        0.0009807621
       51.0000000000       -0.0008748764        0.0004623355        0.0011828942        0.0012783062        0.0013004290        0.0011343843        0.0010982127        0.0009684848
       52.0000000000       -0.0009170000        0.0003204659        0.0011584345        0.0012620389        0.0012415602        0.0012008649        0.0010277072        0.0009523854
       53.0000000000       -0.0008796767        0.0003233547        0.0010441020        0.0011972303        0.0011608993        0.0011125747        0.0010408968        0.0010021401
       54.0000000000       -0.0008930890        0.0002326544        0.0009854066        0.0011670401        0.0010899457        0.0010934198        0.0010272135        0.0009394250
       55.0000000000       -0.0009494040        0.0002062918        0.0009493960        0.0010934022        0.0010812720        0.0010698834        0.0009956631        0.0009082999
       56.0000000000       -0.0009291392        0.0000850696        0.0009225601        0.0010890227        0.0010528559        0.0010761641        0.0009646454        0.0008650837
       57.0000000000       -0.0008995588        0.0000195006        0.0008411438        0.0010250571        0.0010030247        0.0009601378        0.0009656977        0.0009171619
       58.0000000000       -0.0008952533       -0.0000278724        0.0007418541        0.0009731691        0.0009618474        0.0010174446        0.0009384062        0.0008479864
       59.0000000000       -0.0009370267       -0.0000864466        0.0007054156        0.0009359204        0.0009982002        0.0009675822        0.0009171355        0.0008499201
       60.0000000000       -0.0009375088       -0.0001310197        0.0006791590        0.0009178534        0.0009658296        0.0009120053        0.0008566550        0.0008257981
       61.0000000000       -0.0009554860       -0.0001732473        0.0006622304        0.0008558443        0.0009512546        0.0008815504        0.0008625968        0.0008486600
       62.0000000000       -0.0009166730       -0.0001985521        0.0005688501        0.0008265519        0.0008574656        0.0008622270        0.0008466404        0.0007892106
       63.0000000000       -0.0008943811       -0.0002762031        0.0004955801        0.0007882415        0.0008065885        0.0008434546        0.0008416367        0.0007632016
       64.0000000000       -0.0009264693       -0.0003158011        0.0004741830        0.0007824616        0.0007881945        0.0008412655        0.0008163110        0.0007466571
       65.0000000000       -0.0009168805       -0.0003516849        0.0004195163        0.0007441199        0.0007678665        0.0008233423        0.0007690720        0.0007674102
       66.0000000000       -0.0009278492       -0.0003765674        0.0003167955        0.0006336049        0.0007064599        0.0007601122        0.0007345098        0.0007360688
       67.0000000000       -0.0009541373       -0.0004122195        0.0002960330        0.0005880490        0.0006821857        0.0007117929        0.0007649530        0.0007407667
       68.0000000000       -0.0009275464       -0.0004604907        0.0002594629        0.0005743144        0.0007190827        0.0007340059        0.0007693092        0.0006883244
       69.0000000000       -0.0009258595       -0.0004815033        0.0002277568        0.0005624901        0.0006800593        0.0006989117        0.0007077531        0.0007040919
       70.0000000000       -0.0009283430       -0.0005358247        0.0001927090        0.0005667727        0.0006262709        0.0007240290        0.0007052318        0.0006547629
       71.0000000000       -0.0009162551       -0.0005086257        0.0001552729        0.0005578116        0.0005958371        0.0006739776        0.0006775104        0.0006612563
       72.0000000000       -0.0009489948       -0.0005654128        0.0001141546        0.0004570354        0.0005892626        0.0006210953        0.0006278393        0.0006024230
       73.0000000000       -0.0009556420       -0.0006531598        0.0000558019        0.0004103904        0.0005506682        0.0005591106        0.0006553673        0.0006512811
       74.0000000000       -0.0009138141       -0.0006325533        0.0000208925        0.0003672349        0.0005104326        0.0005542184        0.0006924058        0.0006628145
       75.0000000000       -0.0008853899       -0.0006565118       -0.0000174032        0.0002985886        0.0004775003        0.0005375109        0.0005829413        0.0006000558
       76.0000000000       -0.0009160520       -0.0006814596       -0.0000691825        0.0002952719        0.0004564055        0.0005309763        0.0005854925        0.0005423390
       77.0000000000       -0.0009277461       -0.0006974250       -0.0000827283        0.0002890210        0.0004807235        0.0005053759        0.0005546548        0.0005348960
       78.0000000000       -0.0009560098       -0.0006851874       -0.0001593472        0.0001929393        0.0004177364        0.0004887031        0.0005372438        0.0005679740
       79.0000000000       -0.0009527040       -0.0006962536       -0.0001441523        0.0002149220        0.0003918097        0.0005121280        0.0004760695        0.0005098888
       80.0000000000       -0.0009535122       -0.0007730484       -0.0002110350        0.0001290948        0.0003427760        0.0004420242        0.0004857738        0.0005038933
       81.0000000000       -0.0009556101       -0.0007131750       -0.0002198936        0.0001054511        0.0003190287        0.0003987264        0.0004622504        0.0004787634
       82.0000000000       -0.0009142444       -0.0008242949       -0.0002828143        0.0001251096        0.0002753734        0.0004295793        0.0003768121        0.0004750446
       83.0000000000       -0.0009170356       -0.0007831630       -0.0003253645        0.0000400473        0.0002691639        0.0003520841        0.0003706966        0.0004796361
       84.0000000000       -0.0009351434       -0.0007346989       -0.0003638714        0.0000213286        0.0002184384        0.0004040923        0.0003993874        0.0004095980
       85.0000000000       -0.0009306919       -0.0007728118       -0.0003138322        0.0000145828        0.0001893698        0.0003024582        0.0003440444        0.0004511247
       86.0000000000       -0.0009030150       -0.0007914760       -0.0003638501       -0.0000370946        0.0002309302        0.0003117137        0.0003390153        0.0003902907
       87.0000000000       -0.0009027902       -0.0007498316       -0.0004332681       -0.0000569106        0.0001956460        0.0003101994        0.0003334103        0.0003378618
       88.0000000000       -0.0009583033       -0.0008383234       -0.0004328781       -0.0001273592        0.0001064917        0.0002027084        0.0003589852        0.0003809218
       89.0000000000       -0.0009153565       -0.0007859277       -0.0004267264       -0.0001314563        0.0001027396        0.0002044485        0.0003211790        0.0002568368
       90.0000000000       -0.0008885140       -0.0007914922       -0.0004239264       -0.0001386832        0.0000578610        0.0001785572        0.0002761919        0.0002877520
       91.0000000000       -0.0008414086       -0.0008700085       -0.0004478616       -0.0001584729        0.0000751178        0.0001891904        0.0002392763        0.0002905779
       92.0000000000       -0.0009040396       -0.0008458536       -0.0005258569       -0.0001792780        0.0000374067        0.0002074288        0.0002417557        0.0003270586
       93.0000000000       -0.0008535950       -0.0008442217       -0.0004806792       -0.0002107678       -0.0000018633        0.0001395441        0.0002143337        0.0002930439
       94.0000000000       -0.0009099821       -0.0008301127       -0.0005415028       -0.0002132978        0.0000143545        0.0001376465        0.0002301114        0.0002966359
       95.0000000000       -0.0008692036       -0.0008530768       -0.0005433831       -0.0002976835       -0.0000734564        0.0001131793        0.0002110568        0.0001881317
       96.0000000000       -0.0008697076       -0.0008450878       -0.0005302122       -0.0003132707       -0.0000952118        0.0001018161        0.0001341420        0.0001806990
       97.0000000000       -0.0008990458       -0.0008545836       -0.0006233514       -0.0003026482       -0.0001013426        0.0000345463        0.0001685610        0.0001960629
       98.0000000000       -0.0009295855       -0.0008355272       -0.0005759293       -0.0002998054       -0.0001242328        0.0000152931        0.0001116675        0.0001892774
       99.0000000000       -0.0009392558       -0.0008616270       -0.0006031605       -0.0003828059       -0.0000846293        0.0000325392        0.0001170287        0.0001592825
      100.0000000000       -0.0009257193       -0.0008198755       -0.0005950549       -0.0003621840       -0.0001676701        0.0000130380        0.0000783501        0.0001297163
      101.0000000000       -0.0009030682       -0.0008783747       -0.0006371218       -0.0003968184       -0.0001485060       -0.0000224730        0.0000731816        0.0001108112
      102.0000000000       -0.0009331236       -0.0009137242       -0.0006245680       -0.0003678842       -0.0001715376       -0.0000407295        0.0000414591        0.0001277729
      103.0000000000       -0.0009099041       -0.0008131758       -0.0006682276       -0.0004300555       -0.0001911603       -0.0000465088        0.0000367069        0.0001453066
      104.0000000000       -0.0009008371       -0.0008656677       -0.0006896393       -0.0004668730       -0.0002154868       -0.0000797830        0.0000387053        0.0001107149
      105.0000000000       -0.0008833800       -0.0008458243       -0.0007020847       -0.0004992015       -0.0002491381       -0.0001280933       -0.0000592312        0.0000326489
      106.0000000000       -0.0009369453       -0.0008438602       -0.0007401816       -0.0005473541       -0.0002804823       -0.0001090375        0.0000042722        0.0000539090
      107.0000000000       -0.0009560523       -0.0009148214       -0.0006747757       -0.0004505979       -0.0003222764       -0.0001295178       -0.0000497054        0.0000271140
      108.0000000000       -0.0009851435       -0.0008466307       -0.0007180486       -0.0004515089       -0.0003180393       -0.0001188759       -0.0000974681        0.0000074600
      109.0000000000       -0.0009365078       -0.0009146951       -0.0006795807       -0.0004971756       -0.0003278803       -0.0001183453       -0.0000603764        0.0000332385
      110.0000000000       -0.0008886182       -0.0009238077       -0.0007528749       -0.0005122835       -0.0002537702       -0.0002427369       -0.0001057860       -0.0000077946
      111.0000000000       -0.0009355904       -0.0009316908       -0.0007814716       -0.0005433144       -0.0003512952       -0.0002433140       -0.0001202644       -0.0000342407
      112.0000000000       -0.0009012106       -0.0008916416       -0.0007701810       -0.0005277718       -0.0003490175       -0.0002015383       -0.0001466139       -0.0000293332
      113.0000000000       -0.0009182995       -0.0009199691       -0.0007961944       -0.0005737363       -0.0004037976       -0.0002525309       -0.0001750948       -0.0000648749
      114.0000000000       -0.0008844948       -0.0008854631       -0.0007981146       -0.0006131714       -0.0003890778       -0.0002521063       -0.0001271527       -0.0000741210
      115.0000000000       -0.0009454399       -0.0008728420       -0.0007893519       -0.0005619353       -0.0003990617       -0.0003167225       -0.0001444873       -0.0000313075
      116.0000000000       -0.0009226713       -0.0009205219       -0.0007971538       -0.0005787031       -0.0003706708       -0.0002623836       -0.0001742990       -0.0000940275
      117.0000000000       -0.0009443537       -0.0009153752       -0.0007835159       -0.0006337846       -0.0003938725       -0.0003280191       -0.0001651712       -0.0001392980
      118.0000000000       -0.0009447997       -0.0008725922       -0.0007950732       -0.0006551597       -0.0004598247       -0.0002917787       -0.0001893377       -0.0001629376
      119.0000000000       -0.0009742532       -0.0008859696       -0.0008121351       -0.0006479870       -0.0004464005       -0.0003366818       -0.0001757206       -0.0001880077
      120.0000000000       -0.0009027551       -0.0008901363       -0.0008051077       -0.0006682856       -0.0005388984       -0.0003905455       -0.0002723071       -0.0001650650
      121.0000000000       -0.0008994781       -0.0008908258       -0.0007889156       -0.0006644808       -0.0005432394       -0.0003755663       -0.0002342994       -0.0001673843
      122.0000000000       -0.0009490295       -0.0008990242       -0.0008386154       -0.0006643551       -0.0004976830       -0.0004053941       -0.0002523082       -0.0001822749
      123.0000000000       -0.0009107638       -0.0009294013       -0.0008523661       -0.0006540008       -0.0005457857       -0.0003792073       -0.0003328071       -0.0002050738
      124.0000000000       -0.0009435445       -0.0009318214       -0.0008363905       -0.0006812462       -0.0005290882       -0.0004688146       -0.0003785794       -0.0002206237
      125.0000000000       -0.0008945401       -0.0008977568       -0.0008665542       -0.0006835553       -0.0005526582       -0.0004563353       -0.0003049080       -0.0002499354
      126.0000000000       -0.0009418558       -0.0008691624       -0.0008623015       -0.0006780460       -0.0005425629       -0.0004051537       -0.0003332687       -0.0002617335
      127.0000000000       -0.0009434086       -0.0009220748       -0.0008727326       -0.0007110825       -0.0005825476       -0.0004565971       -0.0003165690       -0.0002498877
      128.0000000000       -0.0009343041       -0.0009277072       -0.0008738967       -0.0007303865       -0.0005655194       -0.0004736050       -0.0003494209       -0.0003248750
      129.0000000000       -0.0008931489       -0.0008924513       -0.0008708632       -0.0007695960       -0.0005970939       -0.0005296941       -0.0003824792       -0.0002972951
      130.0000000000       -0.0009170492       -0.0008561445       -0.0008297014       -0.0007501093       -0.0005795521       -0.0004785430       -0.0003742249       -0.0003318294
      131.0000000000       -0.0009645287       -0.0009867966       -0.0008598004       -0.0007540785       -0.0005701506       -0.0004622627       -0.0004047776       -0.0003261082
      132.0000000000       -0.0009163398       -0.0009247742       -0.0008442974       -0.0007633649       -0.0006336221       -0.0005356270       -0.0003683510       -0.0003551367
      133.0000000000       -0.0008891387       -0.0009220973       -0.0007908752       -0.0007518670       -0.0006678559       -0.0005435386       -0.0004427623       -0.0003153080
      134.0000000000       -0.0009655035       -0.0009301942       -0.0008767032       -0.0007598306       -0.0006544565       -0.0005379003       -0.0003840979       -0.0003599055
      135.0000000000       -0.0009864489       -0.0009382960       -0.0008548366       -0.0007699335       -0.0006341577       -0.0005234309       -0.0004286242       -0.0003447527
      136.0000000000       -0.0009561030       -0.0009163603       -0.0008960760       -0.0007525166       -0.0006522548       -0.0005566894       -0.0004552455       -0.0003620597
      137.0000000000       -0.0009003423       -0.0009054850       -0.0008359859       -0.0007505150       -0.0006676331       -0.0005425098       -0.0004708929       -0.0003783320
      138.0000000000       -0.0008992474       -0.0009386155       -0.0009227206       -0.0007915781       -0.0006516226       -0.0006002422       -0.0004671694       -0.0003937386
      139.0000000000       -0.0009252776       -0.0009145445       -0.0009080339       -0.0008230067       -0.0007071105       -0.0005576411       -0.0004880941       -0.0004565765
      140.0000000000       -0.0008928629       -0.0008914081       -0.0008694648       -0.0008217931       -0.0007641564       -0.0005504162       -0.0004707855       -0.0004264243
      141.0000000000       -0.0008947285       -0.0009263964       -0.0008764017       -0.0008106242       -0.0007336339       -0.0006217551       -0.0004807906       -0.0004473840
      142.0000000000       -0.0009004652       -0.0009086038       -0.0008468772       -0.0008036157       -0.0007340974       -0.0006559540       -0.0005400704       -0.0004438506
      143.0000000000       -0.0009445528       -0.0008739869       -0.0008674421       -0.0008331408       -0.0007147828       -0.0006005366       -0.0005139995       -0.0004181222
      144.0000000000       -0.0009153996       -0.0009066797       -0.0008798208       -0.0007771570       -0.0007832024       -0.0006513334       -0.0005102936       -0.0004490975
      145.0000000000       -0.0009001628       -0.0009213996       -0.0009044344       -0.0007996868       -0.0007197291       -0.0006192234       -0.0005327407       -0.0004953896
      146.0000000000       -0.0009083055       -0.0009206224       -0.0009010158       -0.0008618447       -0.0007532258       -0.0006228618       -0.0005940250       -0.0004585945
      147.0000000000       -0.0009649300       -0.0009118095       -0.0009340792       -0.0008370795       -0.0007768733       -0.0006419044       -0.0005303163       -0.0005380146
      148.0000000000       -0.0008933515       -0.0009672271       -0.0009269755       -0.0008117417       -0.0007573760       -0.0006629036       -0.0005952372       -0.0004908331
      149.0000000000       -0.0009666008       -0.0009261360       -0.0009167239       -0.0008762941       -0.0007426403       -0.0006787638       -0.0005977851       -0.0004453737
      150.0000000000       -0.0009231062       -0.0009203635       -0.0008890460       -0.0008412427       -0.0007695718       -0.0006593674       -0.0005485225       -0.0005058712
      151.0000000000       -0.0008973318       -0.0009002589       -0.0009611153       -0.0008146085       -0.0007442492       -0.0006718407       -0.0005540939       -0.0005322922
      152.0000000000       -0.0009131985       -0.0008953373       -0.0009539344       -0.0008311907       -0.0007929927       -0.0006354444       -0.0005951291       -0.0005081117
      153.0000000000       -0.0009255378       -0.0009008073       -0.0009090965       -0.0008681244       -0.0007841867       -0.0006637730       -0.0006151879       -0.0004927959
      154.0000000000       -0.0009438221       -0.0009327208       -0.0009198222       -0.0009178050       -0.0007697919       -0.0007111855       -0.0006460147       -0.0005100731
      155.0000000000       -0.0009654521       -0.0009313894       -0.0008866848       -0.0008901657       -0.0007857126       -0.0007190665       -0.0006149624       -0.0005261196
      156.0000000000       -0.0009455516       -0.0009453043       -0.0009621563       -0.0008390382       -0.0008431429       -0.0007265348       -0.0006285418       -0.0005466457
      157.0000000000       -0.0009197222       -0.0008990577       -0.0009084649       -0.0008937938       -0.0007797627       -0.0007553439       -0.0006613702       -0.0005190837
      158.0000000000       -0.0009437661       -0.0009159844       -0.0009267980       -0.0008858587       -0.0007953270       -0.0007412626       -0.0006326135       -0.0006256892
      159.0000000000       -0.0009190127       -0.0009493544       -0.0009159698       -0.0008985214       -0.0007692001       -0.0007702776       -0.0006754415       -0.0005964081
      160.0000000000       -0.0009446560       -0.0009287653       -0.0008803518       -0.0008996973       -0.0008460041       -0.0007513972       -0.0006865297       -0.0006083624
      161.0000000000       -0.0009414339       -0.0009246814       -0.0009155950       -0.0008163829       -0.0008129161       -0.0007803128       -0.0006407357       -0.0005950552
      162.0000000000       -0.0009110428       -0.0009239654       -0.0009275617       -0.0008773703       -0.0008573558       -0.0007511077       -0.0007176925       -0.0006199870
      163.0000000000       -0.0009196164       -0.0009514253       -0.0008779949       -0.0008912762       -0.0008788514       -0.0007770401       -0.0006916612       -0.0006049428
      164.0000000000       -0.0009332992       -0.0009277082       -0.0009485651       -0.0008727592       -0.0008627704       -0.0007808284       -0.0007206361       -0.0006526812
      165.0000000000       -0.0009075927       -0.0008839594       -0.0009405817       -0.0008775147       -0.0008104727       -0.0007693824       -0.0007257302       -0.0006284422
      166.0000000000       -0.0008892833       -0.0009586155       -0.0008633633       -0.0008462535       -0.0008158994       -0.0007503600       -0.0006659668       -0.0006359187
      167.0000000000       -0.0009173687       -0.0009038819       -0.0008890867       -0.0008878251       -0.0008499697       -0.0007754053       -0.0007176983       -0.0006045814
      168.0000000000       -0.0009143068       -0.0009256243       -0.0008616910       -0.0008643543       -0.0008502103       -0.0007800298       -0.0007413652       -0.0006853242
      169.0000000000       -0.0009530159       -0.0008822983       -0.0008781448       -0.0008510923       -0.0008089232       -0.0007581441       -0.0007376665       -0.0006285493
      170.0000000000       -0.0009312838       -0.0008997039       -0.0008720490       -0.0008674607       -0.0008128907       -0.0007721427       -0.0007134671       -0.0006531102
      171.0000000000       -0.0009246193       -0.0009706198       -0.0008706160       -0.0008980082       -0.0008667507       -0.0008109837       -0.0007458700       -0.0006917179
      172.0000000000       -0.0008839402       -0.0009979833       -0.0009721124       -0.0009191414       -0.0008601292       -0.0007750664       -0.0007709731       -0.0007018423
      173.0000000000       -0.0008881030       -0.0008930908       -0.0009563807       -0.0009433829       -0.0008613019       -0.0007847740       -0.0007706243       -0.0006485387
      174.0000000000       -0.0008738111       -0.0009195686       -0.0008819269       -0.0008845350       -0.0008194111       -0.0008131295       -0.0007596824       -0.0006507589
      175.0000000000       -0.0009436056       -0.0008929238       -0.0009507884       -0.0008994361       -0.0008361507       -0.0008093346       -0.0008014434       -0.0007015066
      176.0000000000       -0.0009842515       -0.0009020395       -0.0009086087       -0.0009107972       -0.0008083154       -0.0008076718       -0.0007311597       -0.0006965096
      177.0000000000       -0.0009410365       -0.0009341751       -0.0008805558       -0.0009404905       -0.0008801361       -0.0008239919       -0.0007674113       -0.0006838250
      178.0000000000       -0.0009310710       -0.0009561159       -0.0008968864       -0.0009225638       -0.0008917340       -0.0008182052       -0.0007730989       -0.0007373618
      179.0000000000       -0.0008791322       -0.0009025070       -0.0009201093       -0.0008585354       -0.0008073965       -0.0008143323       -0.0007739247       -0.0007048450
      180.0000000000       -0.0008807884       -0.0009252493       -0.0009252408       -0.0008946150       -0.0008675146       -0.0007704922       -0.0007965944       -0.0007484814
      181.0000000000       -0.0009008361       -0.0009523421       -0.0009526913       -0.0008952775       -0.0009264854       -0.0008664240       -0.0007546883       -0.0006743196
      182.0000000000       -0.0009140748       -0.0009524751       -0.0009206561       -0.0009094061       -0.0008950842       -0.0008818182       -0.0007507477       -0.0007102824
      183.0000000000       -0.0009215977       -0.0009521396       -0.0009465950       -0.0008980413       -0.0008626868       -0.0007911775       -0.0007651096       -0.0007305105
      184.0000000000       -0.0009570961       -0.0008909700       -0.0009071286       -0.0009011686       -0.0008749569       -0.0008258232       -0.0007800127       -0.0007555086
      185.0000000000       -0.0009413150       -0.0009003988       -0.0009406628       -0.0008819895       -0.0008630539       -0.0008275513       -0.0007866057       -0.0007452274
      186.0000000000       -0.0009350295       -0.0009359208       -0.0008695736       -0.0008618380       -0.0008979877       -0.0008218703       -0.0008339355       -0.0007183629
      187.0000000000       -0.0008976090       -0.0009110139       -0.0009194863       -0.0009431916       -0.0008569937       -0.0008325267       -0.0007854041       -0.0007985675
      188.0000000000       -0.0009392978       -0.0008995691       -0.0008923562       -0.0009006572       -0.0008862314       -0.0008341381       -0.0007926451       -0.0007793796
      189.0000000000       -0.0009121811       -0.0009121651       -0.0009345704       -0.0009168416       -0.0008761186       -0.0008443303       -0.0008147366       -0.0007802555
      190.0000000000       -0.0009348328       -0.0009167774       -0.0009089570       -0.0009116575       -0.0008722142       -0.0008864103       -0.0007791644       -0.0007975405
      191.0000000000       -0.0009139280       -0.0008894446       -0.0008973482       -0.0009050863       -0.0009013149       -0.0008893315       -0.0008089730       -0.0007795637
      192.0000000000       -0.0009515512       -0.0009310159       -0.0008890957       -0.0008657525       -0.0008500171       -0.0008497359       -0.0008480080       -0.0007486684
      193.0000000000       -0.0009410295       -0.0008953752       -0.0009374339       -0.0009044609       -0.0009306269       -0.0008282534       -0.0008614654       -0.0007578812
      194.0000000000       -0.0009685935       -0.0009220468       -0.0009252225       -0.0008713850       -0.0009229974       -0.0008359029       -0.0008211288       -0.0008112862
      195.0000000000       -0.0009609878       -0.0009492201       -0.0009647338       -0.0009194208       -0.0008935926       -0.0008384993       -0.0008187040       -0.0008117363
      196.0000000000       -0.0009458679       -0.0009219692       -0.0009226856       -0.0008669422       -0.0009217693       -0.0008696569       -0.0008614937       -0.0008296230
      197.0000000000       -0.0009179455       -0.0010023856       -0.0009349373       -0.0009218648       -0.0009170747       -0.0008616403       -0.0008711751       -0.0007586992
      198.0000000000       -0.0009094879       -0.0009233606       -0.0008994096       -0.0009089970       -0.0009100615       -0.0008662672       -0.0008648585       -0.0007989751
      199.0000000000       -0.0009599052       -0.0008889563       -0.0008714292       -0.0009224558       -0.0009351597       -0.0009029651       -0.0008490614       -0.0007707718
      200.0000000000       -0.0009430169       -0.0009395149       -0.0009665619       -0.0009188590       -0.0009319914       -0.0008407750       -0.0008170700       -0.0007868027
      201.0000000000       -0.0009247286       -0.0009506055       -0.0009640951       -0.0009459261       -0.0008931384       -0.0008845709       -0.0008322598       -0.0007825052
      202.0000000000       -0.0009271518       -0.0009476033       -0.0009466522       -0.0009164266       -0.0009126189       -0.0008918511       -0.0008444691       -0.0008442086
      203.0000000000       -0.0009269196       -0.0009105208       -0.0009739742       -0.0009526591       -0.0008872201       -0.0008708652       -0.0008284181       -0.0008488852
      204.0000000000       -0.0009586625       -0.0009651490       -0.0008992253       -0.0009253470       -0.0009149686       -0.0008759722       -0.0008404580       -0.0008184670
      205.0000000000       -0.0009361101       -0.0008876173       -0.0008907901       -0.0009277750       -0.0009365266       -0.0008565374       -0.0008335178       -0.0008225972
      206.0000000000       -0.0008954278       -0.0009508688       -0.0009289777       -0.0009479285       -0.0008917723       -0.0009053233       -0.0008400985       -0.0007882589
      207.0000000000       -0.0009123440       -0.0009183018       -0.0009637230       -0.0008985351       -0.0009357240       -0.0009048412       -0.0008390160       -0.0007455931
      208.0000000000       -0.0009097889       -0.0008671466       -0.0009121859       -0.0009002897       -0.0009335180       -0.0008690758       -0.0008841980       -0.0008545889
      209.0000000000       -0.0009667955       -0.0009298926       -0.0009481800       -0.0008661814       -0.0008859107       -0.0009206528       -0.0008311672       -0.0008345350
      210.0000000000       -0.0009744493       -0.0009255153       -0.0009551686       -0.0008902023       -0.0009531787       -0.0009536555       -0.0008827978       -0.0008676275
      211.0000000000       -0.0009662811       -0.0009292709       -0.0009188387       -0.0009054693       -0.0008862057       -0.0009060427       -0.0008965136       -0.0008411467
      212.0000000000       -0.0009661695       -0.0009065259       -0.0009320565       -0.0009378703       -0.0009654932       -0.0009513895       -0.0008693631       -0.0009100674
      213.0000000000       -0.0009025371       -0.0008949021       -0.0008987450       -0.0008935881       -0.0008845714       -0.0008574627       -0.0008473541       -0.0008358278
      214.0000000000       -0.0009437893       -0.0009284767       -0.0009185796       -0.0009398236       -0.0008921514       -0.0009064910       -0.0008734759       -0.0008160840
      215.0000000000       -0.0008897699       -0.0009077209       -0.0009039350       -0.0009259643       -0.0008949132       -0.0008707725       -0.0008290850       -0.0008633808
      216.0000000000       -0.0009193188       -0.0009363606       -0.0008925661       -0.0009007986       -0.0009118770       -0.0008516783       -0.0008921652       -0.0008600490
      217.0000000000       -0.0009731296       -0.0009565301       -0.0009831337       -0.0009400409       -0.0008929563       -0.0008750806       -0.0008520217       -0.0008272878
      218.0000000000       -0.0009426441       -0.0009375110       -0.0009438024       -0.0009045272       -0.0008500761       -0.0008722844       -0.0008860360       -0.0008220458
      219.0000000000       -0.0009114086       -0.0009057293       -0.0008974728       -0.0009413926       -0.0009476310       -0.0009207453       -0.0008930576       -0.0008262556
      220.0000000000       -0.0009584613       -0.0009793819       -0.0009565450       -0.0009188770       -0.0009215962       -0.0009050700       -0.0008498982       -0.0008765483
      221.0000000000       -0.0009372235       -0.0009105678       -0.0009275768       -0.0009234533       -0.0009193922       -0.0009218709       -0.0008555456       -0.0008699498
      222.0000000000       -0.0009436321       -0.0009376726       -0.0008812816       -0.0009157697       -0.0009060077       -0.0008978819       -0.0008874164       -0.0008026229
      223.0000000000       -0.0009166846       -0.0009375114       -0.0008945423       -0.0008767521       -0.0009634489       -0.0009039350       -0.0008488260       -0.0008275106
      224.0000000000       -0.0008977682       -0.0009054075       -0.0008737199       -0.0009218671       -0.0009149437       -0.0009046957       -0.0009107795       -0.0008786314
      225.0000000000       -0.0009594122       -0.0008760067       -0.0009120831       -0.0008665270       -0.0009094247       -0.0008735806       -0.0008780799       -0.0008660227
      226.0000000000       -0.0009447783       -0.0009140266       -0.0009695213       -0.0008972583       -0.0009358111       -0.0008832501       -0.0008892429       -0.0009014336
      227.0000000000       -0.0009205754       -0.0009875766       -0.0009189041       -0.0008858724       -0.0008998413       -0.0008520770       -0.0009246001       -0.0008630788
      228.0000000000       -0.0008657603       -0.0009293105       -0.0009568304       -0.0009702381       -0.0008882297       -0.0009037213       -0.0008543054       -0.0008592050
      229.0000000000       -0.0009483852       -0.0008800241       -0.0009225334       -0.0009702793       -0.0009284335       -0.0008742454       -0.0008865689       -0.0008669948
      230.0000000000       -0.0009310279       -0.0009790983       -0.0008756171       -0.0009395984       -0.0009202171       -0.0008905090       -0.0008628001       -0.0008844751
      231.0000000000       -0.0009318347       -0.0009406955       -0.0009290780       -0.0009278061       -0.0008673877       -0.0008561958       -0.0008902023       -0.0008615268
      232.0000000000       -0.0009501476       -0.0009401311       -0.0009950186       -0.0009158927       -0.0008892148       -0.0009210677       -0.0008702598       -0.0008866650
      233.0000000000       -0.0009061367       -0.0009453007       -0.0009747090       -0.0008980947       -0.0008961934       -0.0009214870       -0.0009001471       -0.0008968212
      234.0000000000       -0.0008989446       -0.0009515732       -0.0008729297       -0.0008897161       -0.0009543078       -0.0009041237       -0.0008980054       -0.0008939845
      235.0000000000       -0.0009073225       -0.0009104688       -0.0009346154       -0.0009122847       -0.0009194998       -0.0008999787       -0.0008190961       -0.0008697844
      236.0000000000       -0.0009157693       -0.0009453641       -0.0009212900       -0.0009326223       -0.0009260613       -0.0009414348       -0.0008955585       -0.0008755160
      237.0000000000       -0.0009201538       -0.0009184375       -0.0009418471       -0.0009259669       -0.0008191159       -0.0008803012       -0.0009033808       -0.0009292573
      238.0000000000       -0.0009502741       -0.0009179177       -0.0009204993       -0.0009159767       -0.0008986223       -0.0008836332       -0.0009127548       -0.0008426482
      239.0000000000       -0.0009439840       -0.0009026977       -0.0009276226       -0.0009342275       -0.0008892714       -0.0009299539       -0.0008791536       -0.0008504460
      240.0000000000       -0.0008979278       -0.0009031377       -0.0009140140       -0.0009745265       -0.0008758096       -0.0008851054       -0.0009386903       -0.0008794307
      241.0000000000       -0.0009196845       -0.0009032819       -0.0009470650       -0.0009251713       -0.0009658411       -0.0009103702       -0.0008944430       -0.0008932108
      242.0000000000       -0.0009479184       -0.0009483265       -0.0009317320       -0.0009374666       -0.0009098377       -0.0008753517       -0.0008947812       -0.0009031297
      243.0000000000       -0.0009724917       -0.0009543906       -0.0009165941       -0.0009207462       -0.0009512749       -0.0009011261       -0.0008560492       -0.0008978857
      244.0000000000       -0.0009376679       -0.0009235684       -0.0009482945       -0.0009455238       -0.0009418634       -0.0009364413       -0.0008961082       -0.0008921261
      245.0000000000       -0.0009533267       -0.0009311190       -0.0008983068       -0.0009463968       -0.0009259677       -0.0009063548       -0.0008900928       -0.0008780012
      246.0000000000       -0.0009148359       -0.0009070328       -0.0009163301       -0.0009264301       -0.0009607725       -0.0008498117       -0.0008814630       -0.0008647527
      247.0000000000       -0.0008981496       -0.0009504386       -0.0009344136       -0.0009525539       -0.0009348865       -0.0008754061       -0.0009238608       -0.0008406890
      248.0000000000       -0.0009233187       -0.0009474481       -0.0009175151       -0.0009130227       -0.0008873134       -0.0008824503       -0.0009153182       -0.0009087377
      249.0000000000       -0.0009235325       -0.0008812816       -0.0009444331       -0.0009217203       -0.0008990563       -0.0009286896       -0.0009061946       -0.0009048088
      250.0000000000       -0.0009624257       -0.0009252770       -0.0009468923       -0.0009131399       -0.0008795039       -0.0009424413       -0.0009137801       -0.0009085316
      251.0000000000       -0.0009333078       -0.0009321906       -0.0009020680       -0.0009303931       -0.0009593404       -0.0009454406       -0.0009013119       -0.0009096064
      252.0000000000       -0.0009345201       -0.0009843210       -0.0009415530       -0.0009060938       -0.0009263286       -0.0009065296       -0.0008867222       -0.0008890637
      253.0000000000       -0.0008868920       -0.0009457656       -0.0009115028       -0.0009252137       -0.0009409404       -0.0009059381       -0.0008931063       -0.0009060276
      254.0000000000       -0.0008704131       -0.0009259673       -0.0009286311       -0.0009327464       -0.0009684923       -0.0009415318       -0.0008763991       -0.0008833766
      255.0000000000       -0.0009267004       -0.0009186055       -0.0009343177       -0.0009663665       -0.0009617389       -0.0009443789       -0.0009167635       -0.0008811176
