        0.0000000000        0.1859452328
        1.0000000000        0.1632594791
        2.0000000000        0.1522916740
        3.0000000000        0.1444101777
        4.0000000000        0.1380131672
        5.0000000000        0.1325100398
        6.0000000000        0.1276993427
        7.0000000000        0.1233222963
        8.0000000000        0.1192969590
        9.0000000000        0.1155858197
       10.0000000000        0.1120905551
       11.0000000000        0.1088573018
       12.0000000000        0.1058000712
       13.0000000000        0.1029099524
       14.0000000000        0.1002070588
       15.0000000000        0.0976908528
       16.0000000000        0.0952527432
       17.0000000000        0.0930215109
       18.0000000000        0.0908109601
       19.0000000000        0.0886971092
       20.0000000000        0.0867049159
       21.0000000000        0.0848190984
       22.0000000000        0.0830389440
       23.0000000000        0.0812802491
       24.0000000000        0.0795586513
       25.0000000000        0.0779821226
       26.0000000000        0.0765680882
       27.0000000000        0.0750538052
       28.0000000000        0.0736642415
       29.0000000000        0.0723760268
       30.0000000000        0.0710147292
       31.0000000000        0.0697893757
       32.0000000000        0.0686064594
       33.0000000000        0.0674521552
       34.0000000000        0.0663716974
       35.0000000000        0.0653049825
       36.0000000000        0.0643032131
       37.0000000000        0.0633228995
       38.0000000000        0.0623792637
       39.0000000000        0.0614262303
       40.0000000000        0.0604968358
       41.0000000000        0.0595226605
       42.0000000000        0.0586182738
       43.0000000000        0.0577993496
       44.0000000000        0.0569422589
       45.0000000000        0.0561216601
       46.0000000000        0.0553242146
       47.0000000000        0.0545423969
       48.0000000000        0.0537368942
       49.0000000000        0.0529526974
       50.0000000000        0.0522129265
       51.0000000000        0.0514618839
       52.0000000000        0.0506915536
       53.0000000000        0.0499485664
       54.0000000000        0.0492231282
       55.0000000000        0.0486100519
       56.0000000000        0.0479261953
       57.0000000000        0.0473142399
       58.0000000000        0.0467797036
       59.0000000000        0.0461455204
       60.0000000000        0.0455324029
       61.0000000000        0.0449970495
       62.0000000000        0.0444547782
       63.0000000000        0.0439001438
       64.0000000000        0.0433195329
       65.0000000000        0.0427943094
       66.0000000000        0.0422008600
       67.0000000000        0.0417280459
       68.0000000000        0.0412014219
       69.0000000000        0.0407126369
       70.0000000000        0.0402360436
       71.0000000000        0.0397259245
       72.0000000000        0.0392533287
       73.0000000000        0.0387723984
       74.0000000000        0.0383396681
       75.0000000000        0.0379036566
       76.0000000000        0.0373993445
       77.0000000000        0.0368749460
       78.0000000000        0.0364074807
       79.0000000000        0.0360130847
       80.0000000000        0.0355589811
       81.0000000000        0.0351256024
       82.0000000000        0.0347384422
       83.0000000000        0.0343539801
       84.0000000000        0.0339225388
       85.0000000000        0.0335447554
       86.0000000000        0.0331302464
       87.0000000000        0.0327804485
       88.0000000000        0.0324007224
       89.0000000000        0.0319894173
       90.0000000000        0.0316164900
       91.0000000000        0.0313434609
       92.0000000000        0.0310103678
       93.0000000000        0.0306476032
       94.0000000000        0.0302753312
       95.0000000000        0.0299029186
       96.0000000000        0.0296446324
       97.0000000000        0.0293187213
       98.0000000000        0.0289962217
       99.0000000000        0.0286873163
      100.0000000000        0.0283856445
      101.0000000000        0.0280457846
      102.0000000000        0.0277179366
      103.0000000000        0.0274543132
      104.0000000000        0.0271675645
      105.0000000000        0.0268916642
      106.0000000000        0.0266180255
      107.0000000000        0.0263754892
      108.0000000000        0.0261474892
      109.0000000000        0.0259194892
      110.0000000000        0.0256734086
      111.0000000000        0.0253695780
      112.0000000000        0.0250596321
      113.0000000000        0.0248169374
      114.0000000000        0.0245984764
      115.0000000000        0.0243620285
      116.0000000000        0.0241530826
      117.0000000000        0.0239347994
      118.0000000000        0.0236824230
      119.0000000000        0.0234872010
      120.0000000000        0.0232819931
      121.0000000000        0.0230816251
      122.0000000000        0.0228746690
      123.0000000000        0.0226816436
      124.0000000000        0.0224624820
      125.0000000000        0.0223157438
      126.0000000000        0.0220475700
      127.0000000000        0.0218232792
      128.0000000000        0.0216127145
      129.0000000000        0.0214583747
      130.0000000000        0.0212316778
      131.0000000000        0.0209779024
      132.0000000000        0.0207961175
      133.0000000000        0.0206595494
      134.0000000000        0.0204532613
      135.0000000000        0.0202382265
      136.0000000000        0.0200322574
      137.0000000000        0.0198409852
      138.0000000000        0.0196544324
      139.0000000000        0.0194610325
      140.0000000000        0.0192325315
      141.0000000000        0.0190942969
      142.0000000000        0.0188906208
      143.0000000000        0.0186798450
      144.0000000000        0.0184478253
      145.0000000000        0.0182157249
      146.0000000000        0.0179901986
      147.0000000000        0.0177706138
      148.0000000000        0.0175443124
      149.0000000000        0.0173714336
      150.0000000000        0.0172031853
      151.0000000000        0.0170528349
      152.0000000000        0.0169265166
      153.0000000000        0.0167889116
      154.0000000000        0.0165963497
      155.0000000000        0.0164813472
      156.0000000000        0.0163685042
      157.0000000000        0.0162235271
      158.0000000000        0.0160648279
      159.0000000000        0.0158964217
      160.0000000000        0.0157693571
      161.0000000000        0.0155322236
      162.0000000000        0.0153348303
      163.0000000000        0.0151898034
      164.0000000000        0.0150407534
      165.0000000000        0.0149048570
      166.0000000000        0.0147488975
      167.0000000000        0.0146384273
      168.0000000000        0.0145100230
      169.0000000000        0.0143422433
      170.0000000000        0.0142340296
      171.0000000000        0.0141199242
      172.0000000000        0.0139502178
      173.0000000000        0.0137989909
      174.0000000000        0.0137387016
      175.0000000000        0.0135908931
      176.0000000000        0.0135190061
      177.0000000000        0.0133407426
      178.0000000000        0.0132207249
      179.0000000000        0.0130681706
      180.0000000000        0.0129812607
      181.0000000000        0.0128315081
      182.0000000000        0.0127608191
      183.0000000000        0.0126056831
      184.0000000000        0.0124712645
      185.0000000000        0.0123563959
      186.0000000000        0.0122493997
      187.0000000000        0.0121824405
      188.0000000000        0.0120423995
      189.0000000000        0.0119906954
      190.0000000000        0.0119199517
      191.0000000000        0.0117371453
      192.0000000000        0.0115922649
      193.0000000000        0.0114630905
      194.0000000000        0.0113459695
      195.0000000000        0.0111959937
      196.0000000000        0.0111045995
      197.0000000000        0.0110134506
      198.0000000000        0.0108961086
      199.0000000000        0.0108191535
      200.0000000000        0.0107302113
      201.0000000000        0.0106464261
      202.0000000000        0.0106134647
      203.0000000000        0.0104791055
      204.0000000000        0.0103336345
      205.0000000000        0.0102865253
      206.0000000000        0.0101945365
      207.0000000000        0.0101079408
      208.0000000000        0.0100774563
      209.0000000000        0.0100334905
      210.0000000000        0.0099840451
      211.0000000000        0.0099552765
      212.0000000000        0.0098819558
      213.0000000000        0.0098551607
      214.0000000000        0.0097649688
      215.0000000000        0.0097046515
      216.0000000000        0.0096775995
      217.0000000000        0.0095850469
      218.0000000000        0.0095521799
      219.0000000000        0.0094920353
      220.0000000000        0.0093852445
      221.0000000000        0.0092451030
      222.0000000000        0.0091033377
      223.0000000000        0.0089884891
      224.0000000000        0.0088906642
      225.0000000000        0.0088397249
      226.0000000000        0.0087692632
      227.0000000000        0.0086900245
      228.0000000000        0.0085534918
      229.0000000000        0.0084594097
      230.0000000000        0.0083481734
      231.0000000000        0.0083348895
      232.0000000000        0.0082623818
      233.0000000000        0.0081552679
      234.0000000000        0.0081079823
      235.0000000000        0.0080577481
      236.0000000000        0.0079192278
      237.0000000000        0.0078710329
      238.0000000000        0.0077954344
      239.0000000000        0.0076809624
      240.0000000000        0.0075818411
      241.0000000000        0.0074847806
      242.0000000000        0.0073775808
      243.0000000000        0.0072919812
      244.0000000000        0.0072406509
      245.0000000000        0.0072107522
      246.0000000000        0.0071387209
      247.0000000000        0.0070194603
      248.0000000000        0.0070003390
      249.0000000000        0.0069560702
      250.0000000000        0.0069544983
      251.0000000000        0.0068591204
      252.0000000000        0.0067809853
      253.0000000000        0.0066847818
      254.0000000000        0.0066719365
      255.0000000000        0.0065922881
      256.0000000000        0.0065554736
      257.0000000000        0.0064851871
      258.0000000000        0.0064406944
      259.0000000000        0.0063757032
      260.0000000000        0.0063472533
      261.0000000000        0.0062845952
      262.0000000000        0.0062085802
      263.0000000000        0.0061531356
      264.0000000000        0.0061773318
      265.0000000000        0.0061510357
      266.0000000000        0.0060792996
      267.0000000000        0.0060374017
      268.0000000000        0.0059571031
      269.0000000000        0.0059006213
      270.0000000000        0.0057702963
      271.0000000000        0.0057279336
      272.0000000000        0.0056996376
      273.0000000000        0.0056462124
      274.0000000000        0.0056114130
      275.0000000000        0.0055782489
      276.0000000000        0.0055843214
      277.0000000000        0.0054767541
      278.0000000000        0.0054161640
      279.0000000000        0.0053574235
      280.0000000000        0.0052722389
      281.0000000000        0.0051889461
      282.0000000000        0.0051587834
      283.0000000000        0.0051042780
      284.0000000000        0.0050364388
      285.0000000000        0.0049661208
      286.0000000000        0.0048664782
      287.0000000000        0.0048203938
      288.0000000000        0.0047541579
      289.0000000000        0.0046634069
      290.0000000000        0.0045893447
      291.0000000000        0.0045443174
      292.0000000000        0.0045045534
      293.0000000000        0.0044497094
      294.0000000000        0.0044425375
      295.0000000000        0.0043819505
      296.0000000000        0.0043009252
      297.0000000000        0.0042832808
      298.0000000000        0.0042152989
      299.0000000000        0.0041330101
      300.0000000000        0.0040425951
      301.0000000000        0.0040252867
      302.0000000000        0.0039524284
      303.0000000000        0.0038849843
      304.0000000000        0.0037537563
      305.0000000000        0.0037122058
      306.0000000000        0.0036323185
      307.0000000000        0.0035732730
      308.0000000000        0.0035302407
      309.0000000000        0.0034581873
      310.0000000000        0.0033844229
      311.0000000000        0.0032175248
      312.0000000000        0.0032112274
      313.0000000000        0.0031959648
      314.0000000000        0.0031170930
      315.0000000000        0.0030764377
      316.0000000000        0.0029636494
      317.0000000000        0.0029023212
      318.0000000000        0.0028502301
      319.0000000000        0.0028018899
      320.0000000000        0.0027683696
      321.0000000000        0.0027298821
      322.0000000000        0.0026889830
      323.0000000000        0.0026703355
      324.0000000000        0.0026479835
      325.0000000000        0.0026481723
      326.0000000000        0.0025976740
      327.0000000000        0.0025636711
      328.0000000000        0.0025181470
      329.0000000000        0.0025001501
      330.0000000000        0.0024761793
      331.0000000000        0.0024589329
      332.0000000000        0.0024681037
      333.0000000000        0.0025225654
      334.0000000000        0.0024494427
      335.0000000000        0.0023745897
      336.0000000000        0.0023603130
      337.0000000000        0.0022507870
      338.0000000000        0.0022038417
      339.0000000000        0.0022791045
      340.0000000000        0.0022263675
      341.0000000000        0.0021748250
      342.0000000000        0.0020792844
      343.0000000000        0.0020248428
      344.0000000000        0.0019492305
      345.0000000000        0.0018613255
      346.0000000000        0.0018011332
      347.0000000000        0.0018128510
      348.0000000000        0.0017587366
      349.0000000000        0.0016449404
      350.0000000000        0.0015755304
      351.0000000000        0.0015076578
      352.0000000000        0.0015075401
      353.0000000000        0.0014656868
      354.0000000000        0.0014664562
      355.0000000000        0.0014261257
      356.0000000000        0.0014293420
      357.0000000000        0.0014466664
      358.0000000000        0.0013502418
      359.0000000000        0.0013596074
      360.0000000000        0.0013332103
      361.0000000000        0.0012420086
      362.0000000000        0.0012221671
      363.0000000000        0.0011758331
      364.0000000000        0.0010673186
      365.0000000000        0.0010155829
      366.0000000000        0.0009579428
      367.0000000000        0.0008481380
      368.0000000000        0.0007661136
      369.0000000000        0.0007772079
      370.0000000000        0.0007825457
      371.0000000000        0.0007854802
      372.0000000000        0.0006903660
      373.0000000000        0.0006678477
      374.0000000000        0.0006503090
      375.0000000000        0.0006602194
      376.0000000000        0.0006772825
      377.0000000000        0.0006307800
      378.0000000000        0.0005988949
      379.0000000000        0.0005908765
      380.0000000000        0.0005559989
      381.0000000000        0.0005304186
      382.0000000000        0.0004950405
      383.0000000000        0.0004648348
      384.0000000000        0.0005457686
      385.0000000000        0.0005323480
      386.0000000000        0.0005176263
      387.0000000000        0.0005223860
      388.0000000000        0.0005633489
      389.0000000000        0.0004931576
      390.0000000000        0.0004745257
      391.0000000000        0.0004271624
      392.0000000000        0.0004108176
      393.0000000000        0.0003902820
      394.0000000000        0.0003734419
      395.0000000000        0.0003747035
      396.0000000000        0.0003654642
      397.0000000000        0.0004133489
      398.0000000000        0.0004211191
      399.0000000000        0.0003869460
      400.0000000000        0.0002914820
      401.0000000000        0.0002962658
      402.0000000000        0.0002773756
      403.0000000000        0.0002041368
      404.0000000000        0.0001038450
      405.0000000000       -0.0000435399
      406.0000000000       -0.0001007725
      407.0000000000       -0.0001702701
      408.0000000000       -0.0002791233
      409.0000000000       -0.0003789393
      410.0000000000       -0.0003854320
      411.0000000000       -0.0004180593
      412.0000000000       -0.0004496807
      413.0000000000       -0.0004365197
      414.0000000000       -0.0004560057
      415.0000000000       -0.0004008650
      416.0000000000       -0.0004243677
      417.0000000000       -0.0005039403
      418.0000000000       -0.0004968618
      419.0000000000       -0.0005033986
      420.0000000000       -0.0005300614
      421.0000000000       -0.0005352096
      422.0000000000       -0.0005605793
      423.0000000000       -0.0005930396
      424.0000000000       -0.0006493138
      425.0000000000       -0.0006659965
      426.0000000000       -0.0007161113
      427.0000000000       -0.0007637980
      428.0000000000       -0.0007804663
      429.0000000000       -0.0007367084
      430.0000000000       -0.0006519733
      431.0000000000       -0.0005951455
      432.0000000000       -0.0006131361
      433.0000000000       -0.0005836351
      434.0000000000       -0.0005794225
      435.0000000000       -0.0006116564
      436.0000000000       -0.0006667409
      437.0000000000       -0.0006697335
      438.0000000000       -0.0006907749
      439.0000000000       -0.0007394219
      440.0000000000       -0.0007698723
      441.0000000000       -0.0007955227
      442.0000000000       -0.0007656185
      443.0000000000       -0.0007448130
      444.0000000000       -0.0007512649
      445.0000000000       -0.0007579670
      446.0000000000       -0.0007788061
      447.0000000000       -0.0007619733
      448.0000000000       -0.0007305989
      449.0000000000       -0.0007015572
      450.0000000000       -0.0006997195
      451.0000000000       -0.0007422048
      452.0000000000       -0.0007641316
      453.0000000000       -0.0007595334
      454.0000000000       -0.0007979008
      455.0000000000       -0.0008230348
      456.0000000000       -0.0008759840
      457.0000000000       -0.0008959982
      458.0000000000       -0.0009023288
      459.0000000000       -0.0009259828
      460.0000000000       -0.0009248661
      461.0000000000       -0.0009131852
      462.0000000000       -0.0009388740
      463.0000000000       -0.0009135902
      464.0000000000       -0.0008745916
      465.0000000000       -0.0008409159
      466.0000000000       -0.0008076344
      467.0000000000       -0.0008458786
      468.0000000000       -0.0008354928
      469.0000000000       -0.0008238285
      470.0000000000       -0.0008421946
      471.0000000000       -0.0009147748
      472.0000000000       -0.0009416349
      473.0000000000       -0.0009471889
      474.0000000000       -0.0009622478
      475.0000000000       -0.0009885106
      476.0000000000       -0.0009884581
      477.0000000000       -0.0009285409
      478.0000000000       -0.0008978378
      479.0000000000       -0.0009481937
      480.0000000000       -0.0009487817
      481.0000000000       -0.0009283771
      482.0000000000       -0.0009212700
      483.0000000000       -0.0009498096
      484.0000000000       -0.0009436608
      485.0000000000       -0.0010041386
      486.0000000000       -0.0010819199
      487.0000000000       -0.0011223454
      488.0000000000       -0.0011644609
      489.0000000000       -0.0012652514
      490.0000000000       -0.0012745089
      491.0000000000       -0.0012997738
      492.0000000000       -0.0013382869
      493.0000000000       -0.0013756574
      494.0000000000       -0.0013599732
      495.0000000000       -0.0013865321
      496.0000000000       -0.0013500498
      497.0000000000       -0.0013833336
      498.0000000000       -0.0013649663
      499.0000000000       -0.0013113343
      500.0000000000       -0.0013156174
      501.0000000000       -0.0012818479
      502.0000000000       -0.0012318309
      503.0000000000       -0.0011738012
      504.0000000000       -0.0011335543
      505.0000000000       -0.0010879314
      506.0000000000       -0.0010736387
      507.0000000000       -0.0011072270
      508.0000000000       -0.0010716680
      509.0000000000       -0.0011205612
      510.0000000000       -0.0011254076
      511.0000000000       -0.0011441244
      512.0000000000       -0.0012143111
