        0.0000000000        0.2519600652
        1.0000000000        0.1660349425
        2.0000000000        0.1371870555
        3.0000000000        0.1209198092
        4.0000000000        0.1098528271
        5.0000000000        0.1016068616
        6.0000000000        0.0950744304
        7.0000000000        0.0896996981
        8.0000000000        0.0851497884
        9.0000000000        0.0812073984
       10.0000000000        0.0777580213
       11.0000000000        0.0746928512
       12.0000000000        0.0719275617
       13.0000000000        0.0694313549
       14.0000000000        0.0671431484
       15.0000000000        0.0650324236
       16.0000000000        0.0630938333
       17.0000000000        0.0613007459
       18.0000000000        0.0596088398
       19.0000000000        0.0580460668
       20.0000000000        0.0565707001
       21.0000000000        0.0551684161
       22.0000000000        0.0538494359
       23.0000000000        0.0525973198
       24.0000000000        0.0514371082
       25.0000000000        0.0503180525
       26.0000000000        0.0492499607
       27.0000000000        0.0482241249
       28.0000000000        0.0472402618
       29.0000000000        0.0463219741
       30.0000000000        0.0454205700
       31.0000000000        0.0445523481
       32.0000000000        0.0437369337
       33.0000000000        0.0429403004
       34.0000000000        0.0421649224
       35.0000000000        0.0414270752
       36.0000000000        0.0407080170
       37.0000000000        0.0400168662
       38.0000000000        0.0393591388
       39.0000000000        0.0387191928
       40.0000000000        0.0380877417
       41.0000000000        0.0374827749
       42.0000000000        0.0368922288
       43.0000000000        0.0363159505
       44.0000000000        0.0357758152
       45.0000000000        0.0352059213
       46.0000000000        0.0346685244
       47.0000000000        0.0341538672
       48.0000000000        0.0336558866
       49.0000000000        0.0331599020
       50.0000000000        0.0326740553
       51.0000000000        0.0322094355
       52.0000000000        0.0317579565
       53.0000000000        0.0313256254
       54.0000000000        0.0309018846
       55.0000000000        0.0304755811
       56.0000000000        0.0300808567
       57.0000000000        0.0296969770
       58.0000000000        0.0293189763
       59.0000000000        0.0289258361
       60.0000000000        0.0285518706
       61.0000000000        0.0281670012
       62.0000000000        0.0278049819
       63.0000000000        0.0274450163
       64.0000000000        0.0271001920
       65.0000000000        0.0267613720
       66.0000000000        0.0264174761
       67.0000000000        0.0260771667
       68.0000000000        0.0257508481
       69.0000000000        0.0254253304
       70.0000000000        0.0251417542
       71.0000000000        0.0248355562
       72.0000000000        0.0245379206
       73.0000000000        0.0242484256
       74.0000000000        0.0239770767
       75.0000000000        0.0236945817
       76.0000000000        0.0234290972
       77.0000000000        0.0231562959
       78.0000000000        0.0228874696
       79.0000000000        0.0226200379
       80.0000000000        0.0223612777
       81.0000000000        0.0221085844
       82.0000000000        0.0218467672
       83.0000000000        0.0216122293
       84.0000000000        0.0213762791
       85.0000000000        0.0211388157
       86.0000000000        0.0208963797
       87.0000000000        0.0206718341
       88.0000000000        0.0204427774
       89.0000000000        0.0202178816
       90.0000000000        0.0199998537
       91.0000000000        0.0197868115
       92.0000000000        0.0195772631
       93.0000000000        0.0193636398
       94.0000000000        0.0191641222
       95.0000000000        0.0189543771
       96.0000000000        0.0187594548
       97.0000000000        0.0185417066
       98.0000000000        0.0183327706
       99.0000000000        0.0181370679
      100.0000000000        0.0179400710
      101.0000000000        0.0177625153
      102.0000000000        0.0175849574
      103.0000000000        0.0173952235
      104.0000000000        0.0172163035
      105.0000000000        0.0170274889
      106.0000000000        0.0168611662
      107.0000000000        0.0166843955
      108.0000000000        0.0165106016
      109.0000000000        0.0163222347
      110.0000000000        0.0161436802
      111.0000000000        0.0159894237
      112.0000000000        0.0158129368
      113.0000000000        0.0156542084
      114.0000000000        0.0154889003
      115.0000000000        0.0153452997
      116.0000000000        0.0151974688
      117.0000000000        0.0150589385
      118.0000000000        0.0149100083
      119.0000000000        0.0147576408
      120.0000000000        0.0146153361
      121.0000000000        0.0144669267
      122.0000000000        0.0143124999
      123.0000000000        0.0141461461
      124.0000000000        0.0140051768
      125.0000000000        0.0138681104
      126.0000000000        0.0137281855
      127.0000000000        0.0135814086
      128.0000000000        0.0134461969
      129.0000000000        0.0133084773
      130.0000000000        0.0131881378
      131.0000000000        0.0130597665
      132.0000000000        0.0129439302
      133.0000000000        0.0128257991
      134.0000000000        0.0127171119
      135.0000000000        0.0125938580
      136.0000000000        0.0124651512
      137.0000000000        0.0123493106
      138.0000000000        0.0122270162
      139.0000000000        0.0121130360
      140.0000000000        0.0119894151
      141.0000000000        0.0118769219
      142.0000000000        0.0117680433
      143.0000000000        0.0116706942
      144.0000000000        0.0115433087
      145.0000000000        0.0114170366
      146.0000000000        0.0113127729
      147.0000000000        0.0112063307
      148.0000000000        0.0110983405
      149.0000000000        0.0109901216
      150.0000000000        0.0108782829
      151.0000000000        0.0107695739
      152.0000000000        0.0106724780
      153.0000000000        0.0105655289
      154.0000000000        0.0104600363
      155.0000000000        0.0103544980
      156.0000000000        0.0102548965
      157.0000000000        0.0101415606
      158.0000000000        0.0100553070
      159.0000000000        0.0099491435
      160.0000000000        0.0098503909
      161.0000000000        0.0097382592
      162.0000000000        0.0096360587
      163.0000000000        0.0095506233
      164.0000000000        0.0094545652
      165.0000000000        0.0093620750
      166.0000000000        0.0092887300
      167.0000000000        0.0092019325
      168.0000000000        0.0091169143
      169.0000000000        0.0090197243
      170.0000000000        0.0089311661
      171.0000000000        0.0088497151
      172.0000000000        0.0087582914
      173.0000000000        0.0086707864
      174.0000000000        0.0085914798
      175.0000000000        0.0085182457
      176.0000000000        0.0084448602
      177.0000000000        0.0083629398
      178.0000000000        0.0082826421
      179.0000000000        0.0081932152
      180.0000000000        0.0081220856
      181.0000000000        0.0080413193
      182.0000000000        0.0079321038
      183.0000000000        0.0078529490
      184.0000000000        0.0077679702
      185.0000000000        0.0076913067
      186.0000000000        0.0076303344
      187.0000000000        0.0075596924
      188.0000000000        0.0074794995
      189.0000000000        0.0073990842
      190.0000000000        0.0073251509
      191.0000000000        0.0072485782
      192.0000000000        0.0071830783
      193.0000000000        0.0071110253
      194.0000000000        0.0070469607
      195.0000000000        0.0069726977
      196.0000000000        0.0069020558
      197.0000000000        0.0068349956
      198.0000000000        0.0067488279
      199.0000000000        0.0066887219
      200.0000000000        0.0066314394
      201.0000000000        0.0065647884
      202.0000000000        0.0065155285
      203.0000000000        0.0064286597
      204.0000000000        0.0063726015
      205.0000000000        0.0063035906
      206.0000000000        0.0062458824
      207.0000000000        0.0061834527
      208.0000000000        0.0061280204
      209.0000000000        0.0060517828
      210.0000000000        0.0059899891
      211.0000000000        0.0059242282
      212.0000000000        0.0058643096
      213.0000000000        0.0057997269
      214.0000000000        0.0057458739
      215.0000000000        0.0056927079
      216.0000000000        0.0056288664
      217.0000000000        0.0055828655
      218.0000000000        0.0055206190
      219.0000000000        0.0054600394
      220.0000000000        0.0054133083
      221.0000000000        0.0053398682
      222.0000000000        0.0052987271
      223.0000000000        0.0052366977
      224.0000000000        0.0051648833
      225.0000000000        0.0051048042
      226.0000000000        0.0050417168
      227.0000000000        0.0049857471
      228.0000000000        0.0049286841
      229.0000000000        0.0048697061
      230.0000000000        0.0048125205
      231.0000000000        0.0047578908
      232.0000000000        0.0047144888
      233.0000000000        0.0046625959
      234.0000000000        0.0046099497
      235.0000000000        0.0045479482
      236.0000000000        0.0045052234
      237.0000000000        0.0044540948
      238.0000000000        0.0044067898
      239.0000000000        0.0043545232
      240.0000000000        0.0043299506
      241.0000000000        0.0042933535
      242.0000000000        0.0042517679
      243.0000000000        0.0042058711
      244.0000000000        0.0041473892
      245.0000000000        0.0040912001
      246.0000000000        0.0040450689
      247.0000000000        0.0040008440
      248.0000000000        0.0039712261
      249.0000000000        0.0039244536
      250.0000000000        0.0038890919
      251.0000000000        0.0038509308
      252.0000000000        0.0038095071
      253.0000000000        0.0037501531
      254.0000000000        0.0037033260
      255.0000000000        0.0036577301
      256.0000000000        0.0036201063
      257.0000000000        0.0035774597
      258.0000000000        0.0035469780
      259.0000000000        0.0035082337
      260.0000000000        0.0034673840
      261.0000000000        0.0034375365
      262.0000000000        0.0034014467
      263.0000000000        0.0033613207
      264.0000000000        0.0033105939
      265.0000000000        0.0032745386
      266.0000000000        0.0032369705
      267.0000000000        0.0032182059
      268.0000000000        0.0031665426
      269.0000000000        0.0031312569
      270.0000000000        0.0031021719
      271.0000000000        0.0030515462
      272.0000000000        0.0030029427
      273.0000000000        0.0029718061
      274.0000000000        0.0029291512
      275.0000000000        0.0028870255
      276.0000000000        0.0028625613
      277.0000000000        0.0028243984
      278.0000000000        0.0027834128
      279.0000000000        0.0027616726
      280.0000000000        0.0027293860
      281.0000000000        0.0026914552
      282.0000000000        0.0026548097
      283.0000000000        0.0026223987
      284.0000000000        0.0025899499
      285.0000000000        0.0025576108
      286.0000000000        0.0025198461
      287.0000000000        0.0024716489
      288.0000000000        0.0024343056
      289.0000000000        0.0024054473
      290.0000000000        0.0023765022
      291.0000000000        0.0023613124
      292.0000000000        0.0023209304
      293.0000000000        0.0022836711
      294.0000000000        0.0022471935
      295.0000000000        0.0022092545
      296.0000000000        0.0021720061
      297.0000000000        0.0021279487
      298.0000000000        0.0021008473
      299.0000000000        0.0020667993
      300.0000000000        0.0020337783
      301.0000000000        0.0020225445
      302.0000000000        0.0019910507
      303.0000000000        0.0019646368
      304.0000000000        0.0019427224
      305.0000000000        0.0019276482
      306.0000000000        0.0018942332
      307.0000000000        0.0018551349
      308.0000000000        0.0018196868
      309.0000000000        0.0017861666
      310.0000000000        0.0017594054
      311.0000000000        0.0017337948
      312.0000000000        0.0017090102
      313.0000000000        0.0016929752
      314.0000000000        0.0016680453
      315.0000000000        0.0016337132
      316.0000000000        0.0016095240
      317.0000000000        0.0015786115
      318.0000000000        0.0015645657
      319.0000000000        0.0015467203
      320.0000000000        0.0015162382
      321.0000000000        0.0015010353
      322.0000000000        0.0014768145
      323.0000000000        0.0014472209
      324.0000000000        0.0014300852
      325.0000000000        0.0014294216
      326.0000000000        0.0014057040
      327.0000000000        0.0013802217
      328.0000000000        0.0013437005
      329.0000000000        0.0013253259
      330.0000000000        0.0013001562
      331.0000000000        0.0012822344
      332.0000000000        0.0012641136
      333.0000000000        0.0012365647
      334.0000000000        0.0012210014
      335.0000000000        0.0011967435
      336.0000000000        0.0011752164
      337.0000000000        0.0011550468
      338.0000000000        0.0011287630
      339.0000000000        0.0011005692
      340.0000000000        0.0010794543
      341.0000000000        0.0010573079
      342.0000000000        0.0010282855
      343.0000000000        0.0010086814
      344.0000000000        0.0009850970
      345.0000000000        0.0009663303
      346.0000000000        0.0009474149
      347.0000000000        0.0009351041
      348.0000000000        0.0009365602
      349.0000000000        0.0009191465
      350.0000000000        0.0009038160
      351.0000000000        0.0008830297
      352.0000000000        0.0008582257
      353.0000000000        0.0008353246
      354.0000000000        0.0008206457
      355.0000000000        0.0007931501
      356.0000000000        0.0007840338
      357.0000000000        0.0007576083
      358.0000000000        0.0007449083
      359.0000000000        0.0007354255
      360.0000000000        0.0007102859
      361.0000000000        0.0006927140
      362.0000000000        0.0006702861
      363.0000000000        0.0006597131
      364.0000000000        0.0006514994
      365.0000000000        0.0006369055
      366.0000000000        0.0006078161
      367.0000000000        0.0005955024
      368.0000000000        0.0005754741
      369.0000000000        0.0005558465
      370.0000000000        0.0005376428
      371.0000000000        0.0005238197
      372.0000000000        0.0004994997
      373.0000000000        0.0004860092
      374.0000000000        0.0004758007
      375.0000000000        0.0004492497
      376.0000000000        0.0004367174
      377.0000000000        0.0004109994
      378.0000000000        0.0003882768
      379.0000000000        0.0003879526
      380.0000000000        0.0003736112
      381.0000000000        0.0003571699
      382.0000000000        0.0003350067
      383.0000000000        0.0003157090
      384.0000000000        0.0002941376
      385.0000000000        0.0002701667
      386.0000000000        0.0002554830
      387.0000000000        0.0002531103
      388.0000000000        0.0002440466
      389.0000000000        0.0002416695
      390.0000000000        0.0002163827
      391.0000000000        0.0002012247
      392.0000000000        0.0002083840
      393.0000000000        0.0002007696
      394.0000000000        0.0002078477
      395.0000000000        0.0001957927
      396.0000000000        0.0001878522
      397.0000000000        0.0001700783
      398.0000000000        0.0001696229
      399.0000000000        0.0001550776
      400.0000000000        0.0001445228
      401.0000000000        0.0001393321
      402.0000000000        0.0001367707
      403.0000000000        0.0001211307
      404.0000000000        0.0000922053
      405.0000000000        0.0000884735
      406.0000000000        0.0000934790
      407.0000000000        0.0000715938
      408.0000000000        0.0000638325
      409.0000000000        0.0000562947
      410.0000000000        0.0000505628
      411.0000000000        0.0000390845
      412.0000000000        0.0000287891
      413.0000000000        0.0000304698
      414.0000000000        0.0000118397
      415.0000000000        0.0000103641
      416.0000000000        0.0000104459
      417.0000000000       -0.0000164874
      418.0000000000       -0.0000138480
      419.0000000000       -0.0000363045
      420.0000000000       -0.0000316373
      421.0000000000       -0.0000293135
      422.0000000000       -0.0000423118
      423.0000000000       -0.0000492988
      424.0000000000       -0.0000571794
      425.0000000000       -0.0000657354
      426.0000000000       -0.0000842309
      427.0000000000       -0.0000944929
      428.0000000000       -0.0000938610
      429.0000000000       -0.0001015633
      430.0000000000       -0.0001139990
      431.0000000000       -0.0001141319
      432.0000000000       -0.0001158172
      433.0000000000       -0.0001197458
      434.0000000000       -0.0001152932
      435.0000000000       -0.0001231542
      436.0000000000       -0.0001264399
      437.0000000000       -0.0001347479
      438.0000000000       -0.0001289491
      439.0000000000       -0.0001451115
      440.0000000000       -0.0001548782
      441.0000000000       -0.0001569632
      442.0000000000       -0.0001613448
      443.0000000000       -0.0001820296
      444.0000000000       -0.0001855841
      445.0000000000       -0.0001972760
      446.0000000000       -0.0002131005
      447.0000000000       -0.0002150613
      448.0000000000       -0.0002278952
      449.0000000000       -0.0002351596
      450.0000000000       -0.0002400246
      451.0000000000       -0.0002545384
      452.0000000000       -0.0002531615
      453.0000000000       -0.0002610580
      454.0000000000       -0.0002732566
      455.0000000000       -0.0002783514
      456.0000000000       -0.0002893535
      457.0000000000       -0.0002858654
      458.0000000000       -0.0003038309
      459.0000000000       -0.0003088568
      460.0000000000       -0.0003152883
      461.0000000000       -0.0003211403
      462.0000000000       -0.0003106182
      463.0000000000       -0.0003197552
      464.0000000000       -0.0003289171
      465.0000000000       -0.0003221474
      466.0000000000       -0.0003263331
      467.0000000000       -0.0003284910
      468.0000000000       -0.0003289128
      469.0000000000       -0.0003276999
      470.0000000000       -0.0003318123
      471.0000000000       -0.0003348440
      472.0000000000       -0.0003352270
      473.0000000000       -0.0003303068
      474.0000000000       -0.0003498706
      475.0000000000       -0.0003726549
      476.0000000000       -0.0004029638
      477.0000000000       -0.0004148631
      478.0000000000       -0.0004142065
      479.0000000000       -0.0004184527
      480.0000000000       -0.0004196902
      481.0000000000       -0.0004297349
      482.0000000000       -0.0004185297
      483.0000000000       -0.0004241300
      484.0000000000       -0.0004268206
      485.0000000000       -0.0004367668
      486.0000000000       -0.0004359199
      487.0000000000       -0.0004200142
      488.0000000000       -0.0004069032
      489.0000000000       -0.0004143943
      490.0000000000       -0.0004113801
      491.0000000000       -0.0004270150
      492.0000000000       -0.0004334850
      493.0000000000       -0.0004417870
      494.0000000000       -0.0004291678
      495.0000000000       -0.0004460453
      496.0000000000       -0.0004565410
      497.0000000000       -0.0004391488
      498.0000000000       -0.0004304276
      499.0000000000       -0.0004355449
      500.0000000000       -0.0004355984
      501.0000000000       -0.0004501591
      502.0000000000       -0.0004610617
      503.0000000000       -0.0004631365
      504.0000000000       -0.0004561320
      505.0000000000       -0.0004497527
      506.0000000000       -0.0004575385
      507.0000000000       -0.0004606868
      508.0000000000       -0.0004711835
      509.0000000000       -0.0004673879
      510.0000000000       -0.0004692586
      511.0000000000       -0.0004747844
      512.0000000000       -0.0004738501
