        0.0000000000        0.0223586068
        1.0000000000        0.0066588580
        2.0000000000        0.0040748418
        3.0000000000        0.0030526691
        4.0000000000        0.0024886372
        5.0000000000        0.0021225656
        6.0000000000        0.0018652812
        7.0000000000        0.0016661965
        8.0000000000        0.0015075782
        9.0000000000        0.0013800743
       10.0000000000        0.0012756010
       11.0000000000        0.0011859979
       12.0000000000        0.0011075081
       13.0000000000        0.0010418406
       14.0000000000        0.0009786025
       15.0000000000        0.0009261459
       16.0000000000        0.0008799549
       17.0000000000        0.0008360104
       18.0000000000        0.0007950045
       19.0000000000        0.0007577250
       20.0000000000        0.0007230975
       21.0000000000        0.0006944692
       22.0000000000        0.0006644165
       23.0000000000        0.0006409461
       24.0000000000        0.0006145646
       25.0000000000        0.0005923771
       26.0000000000        0.0005705354
       27.0000000000        0.0005522249
       28.0000000000        0.0005334566
       29.0000000000        0.0005134858
       30.0000000000        0.0004982386
       31.0000000000        0.0004808249
       32.0000000000        0.0004692432
       33.0000000000        0.0004532269
       34.0000000000        0.0004394604
       35.0000000000        0.0004290242
       36.0000000000        0.0004138621
       37.0000000000        0.0004013486
       38.0000000000        0.0003892035
       39.0000000000        0.0003799219
       40.0000000000        0.0003710230
       41.0000000000        0.0003602975
       42.0000000000        0.0003507309
       43.0000000000        0.0003413259
       44.0000000000        0.0003296381
       45.0000000000        0.0003237693
       46.0000000000        0.0003153874
       47.0000000000        0.0003061289
       48.0000000000        0.0003001843
       49.0000000000        0.0002891617
       50.0000000000        0.0002812500
       51.0000000000        0.0002759358
       52.0000000000        0.0002704720
       53.0000000000        0.0002634171
       54.0000000000        0.0002572273
       55.0000000000        0.0002499717
       56.0000000000        0.0002444523
       57.0000000000        0.0002402165
       58.0000000000        0.0002336127
       59.0000000000        0.0002266863
       60.0000000000        0.0002213137
       61.0000000000        0.0002178122
       62.0000000000        0.0002125361
       63.0000000000        0.0002079997
       64.0000000000        0.0001996157
       65.0000000000        0.0001974028
       66.0000000000        0.0001937001
       67.0000000000        0.0001917753
       68.0000000000        0.0001878924
       69.0000000000        0.0001844667
       70.0000000000        0.0001829191
       71.0000000000        0.0001798701
       72.0000000000        0.0001747721
       73.0000000000        0.0001714281
       74.0000000000        0.0001688331
       75.0000000000        0.0001639690
       76.0000000000        0.0001597795
       77.0000000000        0.0001566183
       78.0000000000        0.0001513430
       79.0000000000        0.0001501555
       80.0000000000        0.0001444391
       81.0000000000        0.0001412721
       82.0000000000        0.0001372029
       83.0000000000        0.0001343258
       84.0000000000        0.0001342246
       85.0000000000        0.0001299736
       86.0000000000        0.0001255171
       87.0000000000        0.0001235970
       88.0000000000        0.0001222037
       89.0000000000        0.0001176021
       90.0000000000        0.0001162538
       91.0000000000        0.0001155907
       92.0000000000        0.0001109796
       93.0000000000        0.0001101177
       94.0000000000        0.0001076373
       95.0000000000        0.0001092415
       96.0000000000        0.0001049695
       97.0000000000        0.0001022999
       98.0000000000        0.0000982091
       99.0000000000        0.0000982076
      100.0000000000        0.0000956946
      101.0000000000        0.0000934007
      102.0000000000        0.0000887113
      103.0000000000        0.0000868817
      104.0000000000        0.0000864169
      105.0000000000        0.0000873594
      106.0000000000        0.0000850229
      107.0000000000        0.0000824902
      108.0000000000        0.0000825772
      109.0000000000        0.0000817161
      110.0000000000        0.0000777409
      111.0000000000        0.0000762979
      112.0000000000        0.0000730206
      113.0000000000        0.0000740577
      114.0000000000        0.0000713728
      115.0000000000        0.0000712436
      116.0000000000        0.0000696836
      117.0000000000        0.0000671621
      118.0000000000        0.0000650008
      119.0000000000        0.0000639537
      120.0000000000        0.0000637149
      121.0000000000        0.0000612954
      122.0000000000        0.0000594721
      123.0000000000        0.0000579503
      124.0000000000        0.0000585383
      125.0000000000        0.0000554921
      126.0000000000        0.0000562112
      127.0000000000        0.0000559291
      128.0000000000        0.0000539699
      129.0000000000        0.0000497273
      130.0000000000        0.0000457345
      131.0000000000        0.0000471950
      132.0000000000        0.0000468622
      133.0000000000        0.0000461137
      134.0000000000        0.0000450600
      135.0000000000        0.0000422293
      136.0000000000        0.0000410237
      137.0000000000        0.0000426584
      138.0000000000        0.0000456734
      139.0000000000        0.0000439376
      140.0000000000        0.0000423111
      141.0000000000        0.0000396073
      142.0000000000        0.0000421719
      143.0000000000        0.0000374281
      144.0000000000        0.0000355994
      145.0000000000        0.0000353412
      146.0000000000        0.0000344582
      147.0000000000        0.0000346128
      148.0000000000        0.0000349744
      149.0000000000        0.0000344864
      150.0000000000        0.0000350941
      151.0000000000        0.0000332285
      152.0000000000        0.0000329150
      153.0000000000        0.0000272736
      154.0000000000        0.0000283621
      155.0000000000        0.0000288662
      156.0000000000        0.0000266073
      157.0000000000        0.0000287012
      158.0000000000        0.0000273610
      159.0000000000        0.0000251937
      160.0000000000        0.0000250680
      161.0000000000        0.0000216211
      162.0000000000        0.0000206825
      163.0000000000        0.0000223071
      164.0000000000        0.0000204781
      165.0000000000        0.0000200716
      166.0000000000        0.0000216527
      167.0000000000        0.0000209281
      168.0000000000        0.0000232607
      169.0000000000        0.0000235372
      170.0000000000        0.0000204344
      171.0000000000        0.0000204687
      172.0000000000        0.0000210813
      173.0000000000        0.0000195596
      174.0000000000        0.0000197022
      175.0000000000        0.0000161811
      176.0000000000        0.0000141756
      177.0000000000        0.0000134500
      178.0000000000        0.0000145376
      179.0000000000        0.0000149992
      180.0000000000        0.0000151267
      181.0000000000        0.0000141836
      182.0000000000        0.0000098228
      183.0000000000        0.0000117764
      184.0000000000        0.0000097661
      185.0000000000        0.0000090370
      186.0000000000        0.0000106088
      187.0000000000        0.0000076752
      188.0000000000        0.0000115474
      189.0000000000        0.0000119712
      190.0000000000        0.0000100184
      191.0000000000        0.0000081294
      192.0000000000        0.0000076996
      193.0000000000        0.0000063658
      194.0000000000        0.0000062516
      195.0000000000        0.0000087019
      196.0000000000        0.0000089924
      197.0000000000        0.0000077495
      198.0000000000        0.0000094768
      199.0000000000        0.0000081968
      200.0000000000        0.0000060209
      201.0000000000        0.0000066043
      202.0000000000        0.0000063402
      203.0000000000        0.0000051337
      204.0000000000        0.0000092719
      205.0000000000        0.0000065740
      206.0000000000        0.0000085503
      207.0000000000        0.0000099833
      208.0000000000        0.0000066450
      209.0000000000        0.0000062990
      210.0000000000        0.0000064447
      211.0000000000        0.0000079372
      212.0000000000        0.0000045495
      213.0000000000        0.0000069350
      214.0000000000        0.0000071241
      215.0000000000        0.0000083590
      216.0000000000        0.0000073673
      217.0000000000        0.0000064870
      218.0000000000        0.0000044122
      219.0000000000        0.0000047883
      220.0000000000        0.0000061363
      221.0000000000        0.0000041440
      222.0000000000        0.0000040293
      223.0000000000        0.0000018427
      224.0000000000        0.0000011136
      225.0000000000        0.0000025351
      226.0000000000        0.0000024359
      227.0000000000        0.0000003906
      228.0000000000       -0.0000011850
      229.0000000000        0.0000004033
      230.0000000000        0.0000014112
      231.0000000000       -0.0000007387
      232.0000000000        0.0000007100
      233.0000000000       -0.0000000845
      234.0000000000       -0.0000000183
      235.0000000000       -0.0000011025
      236.0000000000       -0.0000012796
      237.0000000000       -0.0000017841
      238.0000000000       -0.0000031602
      239.0000000000       -0.0000009810
      240.0000000000       -0.0000027453
      241.0000000000       -0.0000004642
      242.0000000000        0.0000008499
      243.0000000000        0.0000002152
      244.0000000000        0.0000002331
      245.0000000000        0.0000010283
      246.0000000000       -0.0000020713
      247.0000000000       -0.0000003996
      248.0000000000       -0.0000034834
      249.0000000000       -0.0000011883
      250.0000000000       -0.0000008624
      251.0000000000       -0.0000013913
      252.0000000000        0.0000016856
      253.0000000000        0.0000015646
      254.0000000000        0.0000029608
      255.0000000000        0.0000032612
      256.0000000000        0.0000008849
