        0.0000000000        0.0343889876
        1.0000000000        0.0156112878
        2.0000000000        0.0107823464
        3.0000000000        0.0080792639
        4.0000000000        0.0063008209
        5.0000000000        0.0050690245
        6.0000000000        0.0042192984
        7.0000000000        0.0036010246
        8.0000000000        0.0031258236
        9.0000000000        0.0027581626
       10.0000000000        0.0024973020
       11.0000000000        0.0022573606
       12.0000000000        0.0020568305
       13.0000000000        0.0019161405
       14.0000000000        0.0017626922
       15.0000000000        0.0016337621
       16.0000000000        0.0015391491
       17.0000000000        0.0014405810
       18.0000000000        0.0013576659
       19.0000000000        0.0012766453
       20.0000000000        0.0012128952
       21.0000000000        0.0011394630
       22.0000000000        0.0010784371
       23.0000000000        0.0010381425
       24.0000000000        0.0009884823
       25.0000000000        0.0009437386
       26.0000000000        0.0009201245
       27.0000000000        0.0008850321
       28.0000000000        0.0008470113
       29.0000000000        0.0008350793
       30.0000000000        0.0008101573
       31.0000000000        0.0007645916
       32.0000000000        0.0007618917
       33.0000000000        0.0007573074
       34.0000000000        0.0007245306
       35.0000000000        0.0006806163
       36.0000000000        0.0006870310
       37.0000000000        0.0006560402
       38.0000000000        0.0006514279
       39.0000000000        0.0006226484
       40.0000000000        0.0006107800
       41.0000000000        0.0005861537
       42.0000000000        0.0005937186
       43.0000000000        0.0005474800
       44.0000000000        0.0005148578
       45.0000000000        0.0005069996
       46.0000000000        0.0004768776
       47.0000000000        0.0004759652
       48.0000000000        0.0004520310
       49.0000000000        0.0004314327
       50.0000000000        0.0004166651
       51.0000000000        0.0004174300
       52.0000000000        0.0004176079
       53.0000000000        0.0003770662
       54.0000000000        0.0003932706
       55.0000000000        0.0003498709
       56.0000000000        0.0003557644
       57.0000000000        0.0003581472
       58.0000000000        0.0003648184
       59.0000000000        0.0003576906
       60.0000000000        0.0003476312
       61.0000000000        0.0003313800
       62.0000000000        0.0003056905
       63.0000000000        0.0002911526
       64.0000000000        0.0002870172
       65.0000000000        0.0002829002
       66.0000000000        0.0002784068
       67.0000000000        0.0002593116
       68.0000000000        0.0002801116
       69.0000000000        0.0002728444
       70.0000000000        0.0002899106
       71.0000000000        0.0002563377
       72.0000000000        0.0002821164
       73.0000000000        0.0002941999
       74.0000000000        0.0002940450
       75.0000000000        0.0003024000
       76.0000000000        0.0002861733
       77.0000000000        0.0002756933
       78.0000000000        0.0002445270
       79.0000000000        0.0002438578
       80.0000000000        0.0002438005
       81.0000000000        0.0002292842
       82.0000000000        0.0002174400
       83.0000000000        0.0002424642
       84.0000000000        0.0002365605
       85.0000000000        0.0002030031
       86.0000000000        0.0001771382
       87.0000000000        0.0001620934
       88.0000000000        0.0001912785
       89.0000000000        0.0001629359
       90.0000000000        0.0001844467
       91.0000000000        0.0001979300
       92.0000000000        0.0001968647
       93.0000000000        0.0002156837
       94.0000000000        0.0002014456
       95.0000000000        0.0001709430
       96.0000000000        0.0002000676
       97.0000000000        0.0001738641
       98.0000000000        0.0001215317
       99.0000000000        0.0001291515
      100.0000000000        0.0001289062
      101.0000000000        0.0001265365
      102.0000000000        0.0001449247
      103.0000000000        0.0001620415
      104.0000000000        0.0001402898
      105.0000000000        0.0001356673
      106.0000000000        0.0001206381
      107.0000000000        0.0001087669
      108.0000000000        0.0000945861
      109.0000000000        0.0001109683
      110.0000000000        0.0000924919
      111.0000000000        0.0001114612
      112.0000000000        0.0000807491
      113.0000000000        0.0000746864
      114.0000000000        0.0000842566
      115.0000000000        0.0000634301
      116.0000000000        0.0000623813
      117.0000000000        0.0000393976
      118.0000000000        0.0000449023
      119.0000000000        0.0000421394
      120.0000000000        0.0000425091
      121.0000000000        0.0000563885
      122.0000000000        0.0000991591
      123.0000000000        0.0001278488
      124.0000000000        0.0001089446
      125.0000000000        0.0000995624
      126.0000000000        0.0000985957
      127.0000000000        0.0000948380
      128.0000000000        0.0001089465
      129.0000000000        0.0001051911
      130.0000000000        0.0000756936
      131.0000000000        0.0000643365
      132.0000000000        0.0000658549
      133.0000000000        0.0000709848
      134.0000000000        0.0000720817
      135.0000000000        0.0000539286
      136.0000000000        0.0000443155
      137.0000000000        0.0000607275
      138.0000000000        0.0000681087
      139.0000000000        0.0000940499
      140.0000000000        0.0000883816
      141.0000000000        0.0001022399
      142.0000000000        0.0000958939
      143.0000000000        0.0000602174
      144.0000000000        0.0000710742
      145.0000000000        0.0000723929
      146.0000000000        0.0000455302
      147.0000000000        0.0000331067
      148.0000000000        0.0000520840
      149.0000000000        0.0000246855
      150.0000000000        0.0000503034
      151.0000000000        0.0000500251
      152.0000000000        0.0000450830
      153.0000000000        0.0000137531
      154.0000000000        0.0000403793
      155.0000000000        0.0000243451
      156.0000000000        0.0000219081
      157.0000000000        0.0000644633
      158.0000000000        0.0000372020
      159.0000000000        0.0000430241
      160.0000000000        0.0000425211
      161.0000000000        0.0000347284
      162.0000000000        0.0000323409
      163.0000000000        0.0000431479
      164.0000000000        0.0000183727
      165.0000000000        0.0000073394
      166.0000000000        0.0000239816
      167.0000000000        0.0000297390
      168.0000000000        0.0000331872
      169.0000000000        0.0000365733
      170.0000000000        0.0000486303
      171.0000000000        0.0000249357
      172.0000000000        0.0000363674
      173.0000000000        0.0000260997
      174.0000000000        0.0000277047
      175.0000000000        0.0000017317
      176.0000000000       -0.0000012375
      177.0000000000        0.0000101382
      178.0000000000       -0.0000181943
      179.0000000000       -0.0000110912
      180.0000000000       -0.0000002527
      181.0000000000        0.0000283637
      182.0000000000        0.0000146393
      183.0000000000        0.0000042542
      184.0000000000        0.0000038834
      185.0000000000        0.0000043717
      186.0000000000        0.0000082542
      187.0000000000        0.0000204717
      188.0000000000        0.0000376374
      189.0000000000        0.0000150360
      190.0000000000        0.0000077904
      191.0000000000       -0.0000022225
      192.0000000000        0.0000179025
      193.0000000000        0.0000205511
      194.0000000000        0.0000266826
      195.0000000000        0.0000284568
      196.0000000000        0.0000010583
      197.0000000000       -0.0000005292
      198.0000000000        0.0000090141
      199.0000000000        0.0000351732
      200.0000000000        0.0000319746
      201.0000000000        0.0000249813
      202.0000000000        0.0000086139
      203.0000000000        0.0000394673
      204.0000000000        0.0000432398
      205.0000000000        0.0000395681
      206.0000000000        0.0000060678
      207.0000000000        0.0000436950
      208.0000000000        0.0000235038
      209.0000000000        0.0000278465
      210.0000000000        0.0000375000
      211.0000000000        0.0000486911
      212.0000000000        0.0000477941
      213.0000000000        0.0000349525
      214.0000000000        0.0000339807
      215.0000000000        0.0000224308
      216.0000000000        0.0000143183
      217.0000000000        0.0000208154
      218.0000000000        0.0000299122
      219.0000000000        0.0000108897
      220.0000000000       -0.0000180755
      221.0000000000       -0.0000186439
      222.0000000000       -0.0000035583
      223.0000000000        0.0000200590
      224.0000000000        0.0000224384
      225.0000000000        0.0000388872
      226.0000000000        0.0000037076
      227.0000000000       -0.0000146384
      228.0000000000       -0.0000156337
      229.0000000000        0.0000061134
      230.0000000000        0.0000030617
      231.0000000000        0.0000055319
      232.0000000000       -0.0000333790
      233.0000000000       -0.0000375607
      234.0000000000       -0.0000001355
      235.0000000000       -0.0000036621
      236.0000000000       -0.0000013120
      237.0000000000        0.0000257648
      238.0000000000       -0.0000122383
      239.0000000000       -0.0000190968
      240.0000000000       -0.0000193910
      241.0000000000       -0.0000386671
      242.0000000000       -0.0000104708
      243.0000000000       -0.0000240702
      244.0000000000       -0.0000314603
      245.0000000000       -0.0000334678
      246.0000000000       -0.0000377148
      247.0000000000       -0.0000086814
      248.0000000000       -0.0000183333
      249.0000000000       -0.0000125369
      250.0000000000       -0.0000085984
      251.0000000000       -0.0000200619
      252.0000000000       -0.0000128206
      253.0000000000       -0.0000207623
      254.0000000000       -0.0000143710
      255.0000000000       -0.0000022724
      256.0000000000        0.0000056126
