        0.0000000000        0.0845388393
        1.0000000000        0.0185828360
        2.0000000000        0.0090784812
        3.0000000000        0.0057630603
        4.0000000000        0.0041307436
        5.0000000000        0.0031776495
        6.0000000000        0.0025692519
        7.0000000000        0.0021405961
        8.0000000000        0.0018205501
        9.0000000000        0.0015824874
       10.0000000000        0.0013983565
       11.0000000000        0.0012472770
       12.0000000000        0.0011241351
       13.0000000000        0.0010332423
       14.0000000000        0.0009398132
       15.0000000000        0.0008695579
       16.0000000000        0.0008005778
       17.0000000000        0.0007431648
       18.0000000000        0.0006915924
       19.0000000000        0.0006441002
       20.0000000000        0.0006061431
       21.0000000000        0.0005757022
       22.0000000000        0.0005478307
       23.0000000000        0.0005164444
       24.0000000000        0.0004916172
       25.0000000000        0.0004692541
       26.0000000000        0.0004411052
       27.0000000000        0.0004266974
       28.0000000000        0.0004062953
       29.0000000000        0.0003869690
       30.0000000000        0.0003719925
       31.0000000000        0.0003542323
       32.0000000000        0.0003439668
       33.0000000000        0.0003318166
       34.0000000000        0.0003153702
       35.0000000000        0.0003049387
       36.0000000000        0.0002933190
       37.0000000000        0.0002846130
       38.0000000000        0.0002830189
       39.0000000000        0.0002733445
       40.0000000000        0.0002587887
       41.0000000000        0.0002523821
       42.0000000000        0.0002466669
       43.0000000000        0.0002341927
       44.0000000000        0.0002266214
       45.0000000000        0.0002187103
       46.0000000000        0.0002142029
       47.0000000000        0.0002144127
       48.0000000000        0.0002071673
       49.0000000000        0.0002058334
       50.0000000000        0.0001979346
       51.0000000000        0.0001925699
       52.0000000000        0.0001949449
       53.0000000000        0.0001852572
       54.0000000000        0.0001785778
       55.0000000000        0.0001754595
       56.0000000000        0.0001761896
       57.0000000000        0.0001695338
       58.0000000000        0.0001628206
       59.0000000000        0.0001600017
       60.0000000000        0.0001586980
       61.0000000000        0.0001523411
       62.0000000000        0.0001551248
       63.0000000000        0.0001500500
       64.0000000000        0.0001489341
       65.0000000000        0.0001430393
       66.0000000000        0.0001394459
       67.0000000000        0.0001343335
       68.0000000000        0.0001314838
       69.0000000000        0.0001299658
       70.0000000000        0.0001249291
       71.0000000000        0.0001253014
       72.0000000000        0.0001222284
       73.0000000000        0.0001243208
       74.0000000000        0.0001248496
       75.0000000000        0.0001242488
       76.0000000000        0.0001251927
       77.0000000000        0.0001245249
       78.0000000000        0.0001163788
       79.0000000000        0.0001158294
       80.0000000000        0.0001214354
       81.0000000000        0.0001194916
       82.0000000000        0.0001115676
       83.0000000000        0.0001077201
       84.0000000000        0.0001086321
       85.0000000000        0.0001012659
       86.0000000000        0.0001071634
       87.0000000000        0.0001082817
       88.0000000000        0.0001070762
       89.0000000000        0.0001014424
       90.0000000000        0.0000982971
       91.0000000000        0.0000968901
       92.0000000000        0.0000962924
       93.0000000000        0.0000953119
       94.0000000000        0.0000871511
       95.0000000000        0.0000914303
       96.0000000000        0.0000860393
       97.0000000000        0.0000857128
       98.0000000000        0.0000893232
       99.0000000000        0.0000830827
      100.0000000000        0.0000827828
      101.0000000000        0.0000779750
      102.0000000000        0.0000848044
      103.0000000000        0.0000813940
      104.0000000000        0.0000769419
      105.0000000000        0.0000721415
      106.0000000000        0.0000741531
      107.0000000000        0.0000782419
      108.0000000000        0.0000748964
      109.0000000000        0.0000727944
      110.0000000000        0.0000747770
      111.0000000000        0.0000785062
      112.0000000000        0.0000723081
      113.0000000000        0.0000740331
      114.0000000000        0.0000734344
      115.0000000000        0.0000691939
      116.0000000000        0.0000695244
      117.0000000000        0.0000651179
      118.0000000000        0.0000658997
      119.0000000000        0.0000668032
      120.0000000000        0.0000694150
      121.0000000000        0.0000582421
      122.0000000000        0.0000663646
      123.0000000000        0.0000605316
      124.0000000000        0.0000673282
      125.0000000000        0.0000657031
      126.0000000000        0.0000628984
      127.0000000000        0.0000599021
      128.0000000000        0.0000689576
      129.0000000000        0.0000583405
      130.0000000000        0.0000597775
      131.0000000000        0.0000528887
      132.0000000000        0.0000599287
      133.0000000000        0.0000504860
      134.0000000000        0.0000624329
      135.0000000000        0.0000637201
      136.0000000000        0.0000544435
      137.0000000000        0.0000576171
      138.0000000000        0.0000542789
      139.0000000000        0.0000552632
      140.0000000000        0.0000470311
      141.0000000000        0.0000505557
      142.0000000000        0.0000529996
      143.0000000000        0.0000611803
      144.0000000000        0.0000564535
      145.0000000000        0.0000509187
      146.0000000000        0.0000523960
      147.0000000000        0.0000523884
      148.0000000000        0.0000466612
      149.0000000000        0.0000527322
      150.0000000000        0.0000473308
      151.0000000000        0.0000459352
      152.0000000000        0.0000537229
      153.0000000000        0.0000469016
      154.0000000000        0.0000456549
      155.0000000000        0.0000451975
      156.0000000000        0.0000437315
      157.0000000000        0.0000379810
      158.0000000000        0.0000421825
      159.0000000000        0.0000388248
      160.0000000000        0.0000434987
      161.0000000000        0.0000413821
      162.0000000000        0.0000472544
      163.0000000000        0.0000422664
      164.0000000000        0.0000413122
      165.0000000000        0.0000446489
      166.0000000000        0.0000459486
      167.0000000000        0.0000412865
      168.0000000000        0.0000426472
      169.0000000000        0.0000408844
      170.0000000000        0.0000361252
      171.0000000000        0.0000435429
      172.0000000000        0.0000479075
      173.0000000000        0.0000426907
      174.0000000000        0.0000423301
      175.0000000000        0.0000469208
      176.0000000000        0.0000392069
      177.0000000000        0.0000417238
      178.0000000000        0.0000414345
      179.0000000000        0.0000398454
      180.0000000000        0.0000417224
      181.0000000000        0.0000405458
      182.0000000000        0.0000460719
      183.0000000000        0.0000443967
      184.0000000000        0.0000364149
      185.0000000000        0.0000390645
      186.0000000000        0.0000371712
      187.0000000000        0.0000362452
      188.0000000000        0.0000345334
      189.0000000000        0.0000338184
      190.0000000000        0.0000333683
      191.0000000000        0.0000325952
      192.0000000000        0.0000328020
      193.0000000000        0.0000389369
      194.0000000000        0.0000326827
      195.0000000000        0.0000307822
      196.0000000000        0.0000301296
      197.0000000000        0.0000353597
      198.0000000000        0.0000384431
      199.0000000000        0.0000391875
      200.0000000000        0.0000411234
      201.0000000000        0.0000301982
      202.0000000000        0.0000296334
      203.0000000000        0.0000327279
      204.0000000000        0.0000240404
      205.0000000000        0.0000253868
      206.0000000000        0.0000321066
      207.0000000000        0.0000332564
      208.0000000000        0.0000302138
      209.0000000000        0.0000396181
      210.0000000000        0.0000389077
      211.0000000000        0.0000295637
      212.0000000000        0.0000352432
      213.0000000000        0.0000361007
      214.0000000000        0.0000312218
      215.0000000000        0.0000275943
      216.0000000000        0.0000218288
      217.0000000000        0.0000319548
      218.0000000000        0.0000340410
      219.0000000000        0.0000314380
      220.0000000000        0.0000323853
      221.0000000000        0.0000339005
      222.0000000000        0.0000331631
      223.0000000000        0.0000266035
      224.0000000000        0.0000229485
      225.0000000000        0.0000288239
      226.0000000000        0.0000274560
      227.0000000000        0.0000304242
      228.0000000000        0.0000276870
      229.0000000000        0.0000320275
      230.0000000000        0.0000280549
      231.0000000000        0.0000286779
      232.0000000000        0.0000254287
      233.0000000000        0.0000223571
      234.0000000000        0.0000246152
      235.0000000000        0.0000322500
      236.0000000000        0.0000301624
      237.0000000000        0.0000284569
      238.0000000000        0.0000236871
      239.0000000000        0.0000275376
      240.0000000000        0.0000248645
      241.0000000000        0.0000269866
      242.0000000000        0.0000271778
      243.0000000000        0.0000278642
      244.0000000000        0.0000224392
      245.0000000000        0.0000222037
      246.0000000000        0.0000209234
      247.0000000000        0.0000259596
      248.0000000000        0.0000256597
      249.0000000000        0.0000222277
      250.0000000000        0.0000271698
      251.0000000000        0.0000184001
      252.0000000000        0.0000203272
      253.0000000000        0.0000219920
      254.0000000000        0.0000211945
      255.0000000000        0.0000201972
      256.0000000000        0.0000226150
      257.0000000000        0.0000262196
      258.0000000000        0.0000242916
      259.0000000000        0.0000252510
      260.0000000000        0.0000305423
      261.0000000000        0.0000271896
      262.0000000000        0.0000274053
      263.0000000000        0.0000211169
      264.0000000000        0.0000250012
      265.0000000000        0.0000247257
      266.0000000000        0.0000159108
      267.0000000000        0.0000235392
      268.0000000000        0.0000220892
      269.0000000000        0.0000217122
      270.0000000000        0.0000250177
      271.0000000000        0.0000268195
      272.0000000000        0.0000255843
      273.0000000000        0.0000304369
      274.0000000000        0.0000259084
      275.0000000000        0.0000314975
      276.0000000000        0.0000241352
      277.0000000000        0.0000230147
      278.0000000000        0.0000206816
      279.0000000000        0.0000193045
      280.0000000000        0.0000190622
      281.0000000000        0.0000119602
      282.0000000000        0.0000159520
      283.0000000000        0.0000209507
      284.0000000000        0.0000275035
      285.0000000000        0.0000285541
      286.0000000000        0.0000215425
      287.0000000000        0.0000199424
      288.0000000000        0.0000192947
      289.0000000000        0.0000243389
      290.0000000000        0.0000213118
      291.0000000000        0.0000216520
      292.0000000000        0.0000181187
      293.0000000000        0.0000159533
      294.0000000000        0.0000215239
      295.0000000000        0.0000226700
      296.0000000000        0.0000142693
      297.0000000000        0.0000161900
      298.0000000000        0.0000171930
      299.0000000000        0.0000265603
      300.0000000000        0.0000203920
      301.0000000000        0.0000157088
      302.0000000000        0.0000252826
      303.0000000000        0.0000215144
      304.0000000000        0.0000118454
      305.0000000000        0.0000211197
      306.0000000000        0.0000170011
      307.0000000000        0.0000157056
      308.0000000000        0.0000114808
      309.0000000000        0.0000103434
      310.0000000000        0.0000104140
      311.0000000000        0.0000134985
      312.0000000000        0.0000186317
      313.0000000000        0.0000127516
      314.0000000000        0.0000176957
      315.0000000000        0.0000135874
      316.0000000000        0.0000160024
      317.0000000000        0.0000174194
      318.0000000000        0.0000177865
      319.0000000000        0.0000198518
      320.0000000000        0.0000174691
      321.0000000000        0.0000225660
      322.0000000000        0.0000222745
      323.0000000000        0.0000160138
      324.0000000000        0.0000143295
      325.0000000000        0.0000135763
      326.0000000000        0.0000204763
      327.0000000000        0.0000214114
      328.0000000000        0.0000220171
      329.0000000000        0.0000126896
      330.0000000000        0.0000148506
      331.0000000000        0.0000133742
      332.0000000000        0.0000186171
      333.0000000000        0.0000192061
      334.0000000000        0.0000181994
      335.0000000000        0.0000217027
      336.0000000000        0.0000233934
      337.0000000000        0.0000169186
      338.0000000000        0.0000193576
      339.0000000000        0.0000187785
      340.0000000000        0.0000213816
      341.0000000000        0.0000178312
      342.0000000000        0.0000160008
      343.0000000000        0.0000130249
      344.0000000000        0.0000124155
      345.0000000000        0.0000179373
      346.0000000000        0.0000113806
      347.0000000000        0.0000155572
      348.0000000000        0.0000193795
      349.0000000000        0.0000125660
      350.0000000000        0.0000175754
      351.0000000000        0.0000142744
      352.0000000000        0.0000099527
      353.0000000000        0.0000142373
      354.0000000000        0.0000157136
      355.0000000000        0.0000161652
      356.0000000000        0.0000119287
      357.0000000000        0.0000136767
      358.0000000000        0.0000127421
      359.0000000000        0.0000140158
      360.0000000000        0.0000148379
      361.0000000000        0.0000180692
      362.0000000000        0.0000173254
      363.0000000000        0.0000172316
      364.0000000000        0.0000073314
      365.0000000000        0.0000148418
      366.0000000000        0.0000196786
      367.0000000000        0.0000171591
      368.0000000000        0.0000144927
      369.0000000000        0.0000135157
      370.0000000000        0.0000093291
      371.0000000000        0.0000161843
      372.0000000000        0.0000174656
      373.0000000000        0.0000148318
      374.0000000000        0.0000119446
      375.0000000000        0.0000108741
      376.0000000000        0.0000173901
      377.0000000000        0.0000163447
      378.0000000000        0.0000183519
      379.0000000000        0.0000114286
      380.0000000000        0.0000084613
      381.0000000000        0.0000080332
      382.0000000000        0.0000109798
      383.0000000000        0.0000125335
      384.0000000000        0.0000165691
      385.0000000000        0.0000178360
      386.0000000000        0.0000082670
      387.0000000000        0.0000128006
      388.0000000000        0.0000178986
      389.0000000000        0.0000171621
      390.0000000000        0.0000108471
      391.0000000000        0.0000089363
      392.0000000000        0.0000050129
      393.0000000000        0.0000059553
      394.0000000000        0.0000076687
      395.0000000000        0.0000040506
      396.0000000000        0.0000142864
      397.0000000000        0.0000095983
      398.0000000000        0.0000139954
      399.0000000000        0.0000089986
      400.0000000000        0.0000115806
      401.0000000000        0.0000092715
      402.0000000000        0.0000124036
      403.0000000000        0.0000084632
      404.0000000000        0.0000145364
      405.0000000000        0.0000111749
      406.0000000000        0.0000088598
      407.0000000000        0.0000100976
      408.0000000000        0.0000115933
      409.0000000000        0.0000139172
      410.0000000000        0.0000136124
      411.0000000000        0.0000105797
      412.0000000000        0.0000128703
      413.0000000000        0.0000132688
      414.0000000000        0.0000176839
      415.0000000000        0.0000145494
      416.0000000000        0.0000108224
      417.0000000000        0.0000137648
      418.0000000000        0.0000069371
      419.0000000000        0.0000074020
      420.0000000000        0.0000059500
      421.0000000000        0.0000069670
      422.0000000000        0.0000176977
      423.0000000000        0.0000148335
      424.0000000000        0.0000154436
      425.0000000000        0.0000065476
      426.0000000000        0.0000093671
      427.0000000000        0.0000119259
      428.0000000000        0.0000117463
      429.0000000000        0.0000083664
      430.0000000000        0.0000166383
      431.0000000000        0.0000091955
      432.0000000000        0.0000101010
      433.0000000000        0.0000150369
      434.0000000000        0.0000119475
      435.0000000000        0.0000195220
      436.0000000000        0.0000192394
      437.0000000000        0.0000139674
      438.0000000000        0.0000074941
      439.0000000000        0.0000185948
      440.0000000000        0.0000158383
      441.0000000000        0.0000110733
      442.0000000000        0.0000115211
      443.0000000000        0.0000162077
      444.0000000000        0.0000170095
      445.0000000000        0.0000107768
      446.0000000000        0.0000136286
      447.0000000000        0.0000112899
      448.0000000000        0.0000113629
      449.0000000000        0.0000096925
      450.0000000000        0.0000081860
      451.0000000000        0.0000135561
      452.0000000000        0.0000108985
      453.0000000000        0.0000051716
      454.0000000000        0.0000063535
      455.0000000000        0.0000104633
      456.0000000000        0.0000058422
      457.0000000000        0.0000064687
      458.0000000000        0.0000094571
      459.0000000000        0.0000070771
      460.0000000000        0.0000133175
      461.0000000000        0.0000109676
      462.0000000000        0.0000123046
      463.0000000000        0.0000085073
      464.0000000000        0.0000092588
      465.0000000000        0.0000076447
      466.0000000000        0.0000007249
      467.0000000000        0.0000012094
      468.0000000000       -0.0000034791
      469.0000000000        0.0000050481
      470.0000000000        0.0000059200
      471.0000000000        0.0000068262
      472.0000000000        0.0000036092
      473.0000000000        0.0000124509
      474.0000000000        0.0000123438
      475.0000000000        0.0000132309
      476.0000000000        0.0000088099
      477.0000000000        0.0000131424
      478.0000000000        0.0000098959
      479.0000000000        0.0000061163
      480.0000000000        0.0000070419
      481.0000000000        0.0000097933
      482.0000000000        0.0000085179
      483.0000000000        0.0000055768
      484.0000000000        0.0000081143
      485.0000000000        0.0000142076
      486.0000000000        0.0000150533
      487.0000000000        0.0000147831
      488.0000000000        0.0000123381
      489.0000000000        0.0000048067
      490.0000000000        0.0000094948
      491.0000000000        0.0000047683
      492.0000000000        0.0000094657
      493.0000000000        0.0000087698
      494.0000000000        0.0000115205
      495.0000000000        0.0000129404
      496.0000000000        0.0000102493
      497.0000000000        0.0000071563
      498.0000000000       -0.0000006716
      499.0000000000        0.0000099175
      500.0000000000        0.0000116778
      501.0000000000        0.0000145549
      502.0000000000        0.0000141568
      503.0000000000        0.0000134879
      504.0000000000        0.0000123489
      505.0000000000        0.0000124840
      506.0000000000        0.0000111494
      507.0000000000        0.0000059821
      508.0000000000        0.0000043253
      509.0000000000        0.0000111740
      510.0000000000        0.0000114283
      511.0000000000        0.0000087215
      512.0000000000        0.0000136963
      513.0000000000        0.0000077158
      514.0000000000        0.0000038437
      515.0000000000        0.0000066258
      516.0000000000        0.0000080277
      517.0000000000        0.0000160610
      518.0000000000        0.0000095415
      519.0000000000        0.0000080661
      520.0000000000        0.0000090897
      521.0000000000        0.0000045750
      522.0000000000        0.0000018150
      523.0000000000        0.0000065413
      524.0000000000        0.0000110591
      525.0000000000        0.0000060110
      526.0000000000        0.0000094336
      527.0000000000        0.0000064343
      528.0000000000        0.0000127666
      529.0000000000        0.0000085583
      530.0000000000        0.0000117345
      531.0000000000        0.0000066926
      532.0000000000        0.0000061430
      533.0000000000        0.0000064428
      534.0000000000        0.0000032864
      535.0000000000        0.0000061547
      536.0000000000        0.0000017566
      537.0000000000        0.0000001686
      538.0000000000        0.0000057691
      539.0000000000        0.0000088021
      540.0000000000        0.0000072778
      541.0000000000        0.0000083769
      542.0000000000        0.0000076539
      543.0000000000        0.0000087644
      544.0000000000        0.0000123090
      545.0000000000        0.0000126695
      546.0000000000        0.0000128304
      547.0000000000        0.0000121270
      548.0000000000        0.0000068120
      549.0000000000        0.0000041644
      550.0000000000        0.0000071871
      551.0000000000        0.0000118248
      552.0000000000        0.0000037147
      553.0000000000        0.0000071092
      554.0000000000        0.0000054813
      555.0000000000        0.0000013043
      556.0000000000        0.0000074056
      557.0000000000        0.0000127559
      558.0000000000        0.0000093759
      559.0000000000        0.0000145831
      560.0000000000        0.0000169213
      561.0000000000        0.0000136691
      562.0000000000        0.0000189697
      563.0000000000        0.0000132244
      564.0000000000        0.0000138355
      565.0000000000        0.0000121375
      566.0000000000        0.0000095901
      567.0000000000        0.0000093687
      568.0000000000        0.0000125626
      569.0000000000        0.0000069457
      570.0000000000        0.0000010591
      571.0000000000        0.0000011386
      572.0000000000        0.0000105998
      573.0000000000        0.0000080617
      574.0000000000        0.0000057531
      575.0000000000        0.0000097300
      576.0000000000        0.0000111888
      577.0000000000        0.0000062958
      578.0000000000        0.0000043924
      579.0000000000        0.0000056304
      580.0000000000        0.0000090139
      581.0000000000        0.0000091744
      582.0000000000        0.0000084359
      583.0000000000        0.0000105227
      584.0000000000        0.0000093107
      585.0000000000        0.0000113211
      586.0000000000        0.0000110593
      587.0000000000        0.0000012388
      588.0000000000        0.0000021066
      589.0000000000        0.0000013895
      590.0000000000       -0.0000029040
      591.0000000000       -0.0000010401
      592.0000000000       -0.0000001369
      593.0000000000        0.0000095335
      594.0000000000        0.0000073714
      595.0000000000        0.0000038183
      596.0000000000        0.0000042669
      597.0000000000        0.0000057950
      598.0000000000        0.0000068953
      599.0000000000        0.0000056119
      600.0000000000        0.0000081506
      601.0000000000        0.0000099968
      602.0000000000        0.0000044781
      603.0000000000        0.0000133205
      604.0000000000        0.0000086503
      605.0000000000       -0.0000036179
      606.0000000000        0.0000047241
      607.0000000000        0.0000045516
      608.0000000000        0.0000051261
      609.0000000000        0.0000122259
      610.0000000000        0.0000109770
      611.0000000000        0.0000026977
      612.0000000000        0.0000031509
      613.0000000000        0.0000061188
      614.0000000000        0.0000049844
      615.0000000000        0.0000027871
      616.0000000000        0.0000087270
      617.0000000000        0.0000030120
      618.0000000000        0.0000183122
      619.0000000000        0.0000129285
      620.0000000000        0.0000126640
      621.0000000000        0.0000107421
      622.0000000000        0.0000078882
      623.0000000000        0.0000030129
      624.0000000000        0.0000024245
      625.0000000000        0.0000020216
      626.0000000000        0.0000036598
      627.0000000000        0.0000046796
      628.0000000000        0.0000065260
      629.0000000000        0.0000105129
      630.0000000000        0.0000077777
      631.0000000000        0.0000015504
      632.0000000000        0.0000010223
      633.0000000000       -0.0000002940
      634.0000000000        0.0000034269
      635.0000000000        0.0000022385
      636.0000000000        0.0000025051
      637.0000000000        0.0000073324
      638.0000000000        0.0000082811
      639.0000000000        0.0000106436
      640.0000000000        0.0000127554
      641.0000000000        0.0000098193
      642.0000000000        0.0000095412
      643.0000000000        0.0000036392
      644.0000000000        0.0000045616
      645.0000000000        0.0000030667
      646.0000000000        0.0000097935
      647.0000000000        0.0000046271
      648.0000000000        0.0000057696
      649.0000000000        0.0000072481
      650.0000000000        0.0000050110
      651.0000000000       -0.0000007251
      652.0000000000        0.0000021321
      653.0000000000        0.0000018777
      654.0000000000        0.0000041274
      655.0000000000        0.0000057587
      656.0000000000        0.0000088151
      657.0000000000        0.0000033801
      658.0000000000        0.0000156460
      659.0000000000        0.0000106711
      660.0000000000        0.0000065637
      661.0000000000        0.0000053144
      662.0000000000       -0.0000055691
      663.0000000000       -0.0000053846
      664.0000000000       -0.0000028496
      665.0000000000        0.0000002971
      666.0000000000        0.0000009107
      667.0000000000       -0.0000034388
      668.0000000000        0.0000067257
      669.0000000000        0.0000021804
      670.0000000000        0.0000049434
      671.0000000000        0.0000056570
      672.0000000000        0.0000044250
      673.0000000000        0.0000089261
      674.0000000000        0.0000095281
      675.0000000000        0.0000070110
      676.0000000000        0.0000021019
      677.0000000000        0.0000069909
      678.0000000000        0.0000088812
      679.0000000000        0.0000092640
      680.0000000000        0.0000055382
      681.0000000000        0.0000082949
      682.0000000000        0.0000082291
      683.0000000000        0.0000089439
      684.0000000000        0.0000106352
      685.0000000000        0.0000052116
      686.0000000000        0.0000012016
      687.0000000000        0.0000013842
      688.0000000000        0.0000013660
      689.0000000000        0.0000058552
      690.0000000000        0.0000079848
      691.0000000000        0.0000059134
      692.0000000000        0.0000068395
      693.0000000000        0.0000076012
      694.0000000000        0.0000019571
      695.0000000000        0.0000022240
      696.0000000000        0.0000024668
      697.0000000000        0.0000097191
      698.0000000000        0.0000091073
      699.0000000000        0.0000012235
      700.0000000000       -0.0000024459
      701.0000000000        0.0000056724
      702.0000000000        0.0000025777
      703.0000000000        0.0000014255
      704.0000000000        0.0000059875
      705.0000000000        0.0000057298
      706.0000000000        0.0000083031
      707.0000000000        0.0000019162
      708.0000000000        0.0000027333
      709.0000000000        0.0000009274
      710.0000000000        0.0000028818
      711.0000000000        0.0000128393
      712.0000000000        0.0000103911
      713.0000000000        0.0000036562
      714.0000000000       -0.0000023574
      715.0000000000        0.0000010996
      716.0000000000        0.0000045470
      717.0000000000        0.0000070706
      718.0000000000        0.0000004508
      719.0000000000        0.0000026970
      720.0000000000        0.0000050490
      721.0000000000        0.0000058646
      722.0000000000        0.0000057860
      723.0000000000        0.0000049555
      724.0000000000        0.0000053596
      725.0000000000       -0.0000013127
      726.0000000000        0.0000057015
      727.0000000000        0.0000069706
      728.0000000000        0.0000076619
      729.0000000000       -0.0000010979
      730.0000000000        0.0000011363
      731.0000000000       -0.0000048129
      732.0000000000        0.0000064331
      733.0000000000       -0.0000003653
      734.0000000000        0.0000087479
      735.0000000000        0.0000035712
      736.0000000000        0.0000020241
      737.0000000000        0.0000045321
      738.0000000000        0.0000016187
      739.0000000000        0.0000008178
      740.0000000000        0.0000016954
      741.0000000000       -0.0000055513
      742.0000000000        0.0000013123
      743.0000000000        0.0000055829
      744.0000000000        0.0000022340
      745.0000000000        0.0000032050
      746.0000000000        0.0000061910
      747.0000000000        0.0000069878
      748.0000000000        0.0000074462
      749.0000000000        0.0000004628
      750.0000000000        0.0000022284
      751.0000000000        0.0000071470
      752.0000000000        0.0000043032
      753.0000000000        0.0000066362
      754.0000000000        0.0000031510
      755.0000000000        0.0000051102
      756.0000000000        0.0000058921
      757.0000000000        0.0000103087
      758.0000000000        0.0000060116
      759.0000000000        0.0000093390
      760.0000000000        0.0000053077
      761.0000000000        0.0000003331
      762.0000000000       -0.0000000863
      763.0000000000        0.0000062484
      764.0000000000       -0.0000021509
      765.0000000000        0.0000030349
      766.0000000000        0.0000022052
      767.0000000000        0.0000051050
      768.0000000000        0.0000007857
      769.0000000000       -0.0000002052
      770.0000000000        0.0000020739
      771.0000000000        0.0000011490
      772.0000000000        0.0000099529
      773.0000000000        0.0000017571
      774.0000000000       -0.0000037169
      775.0000000000        0.0000071788
      776.0000000000        0.0000041394
      777.0000000000        0.0000011107
      778.0000000000        0.0000074308
      779.0000000000        0.0000006857
      780.0000000000        0.0000048894
      781.0000000000        0.0000093291
      782.0000000000        0.0000098366
      783.0000000000        0.0000032363
      784.0000000000        0.0000029782
      785.0000000000        0.0000054464
      786.0000000000        0.0000048962
      787.0000000000        0.0000061246
      788.0000000000       -0.0000007979
      789.0000000000       -0.0000090004
      790.0000000000       -0.0000009204
      791.0000000000        0.0000057483
      792.0000000000        0.0000015273
      793.0000000000        0.0000068617
      794.0000000000        0.0000007995
      795.0000000000       -0.0000030348
      796.0000000000        0.0000019449
      797.0000000000        0.0000038909
      798.0000000000        0.0000035097
      799.0000000000       -0.0000020034
      800.0000000000       -0.0000052232
      801.0000000000        0.0000016354
      802.0000000000        0.0000029930
      803.0000000000        0.0000050729
      804.0000000000       -0.0000010057
      805.0000000000       -0.0000014344
      806.0000000000       -0.0000016202
      807.0000000000       -0.0000031468
      808.0000000000        0.0000011518
      809.0000000000        0.0000057814
      810.0000000000       -0.0000012320
      811.0000000000        0.0000030375
      812.0000000000        0.0000058931
      813.0000000000        0.0000066827
      814.0000000000       -0.0000008573
      815.0000000000       -0.0000020304
      816.0000000000        0.0000022386
      817.0000000000        0.0000003657
      818.0000000000        0.0000024668
      819.0000000000        0.0000023515
      820.0000000000        0.0000012148
      821.0000000000        0.0000066472
      822.0000000000        0.0000045744
      823.0000000000       -0.0000008314
      824.0000000000        0.0000046748
      825.0000000000        0.0000096990
      826.0000000000        0.0000079335
      827.0000000000       -0.0000002625
      828.0000000000        0.0000000366
      829.0000000000       -0.0000035219
      830.0000000000        0.0000058190
      831.0000000000        0.0000084478
      832.0000000000        0.0000072057
      833.0000000000        0.0000020392
      834.0000000000        0.0000079769
      835.0000000000        0.0000052506
      836.0000000000        0.0000081381
      837.0000000000        0.0000038783
      838.0000000000       -0.0000046388
      839.0000000000       -0.0000057470
      840.0000000000        0.0000051012
      841.0000000000        0.0000037407
      842.0000000000        0.0000009100
      843.0000000000        0.0000010949
      844.0000000000        0.0000060038
      845.0000000000        0.0000102002
      846.0000000000        0.0000018909
      847.0000000000       -0.0000042655
      848.0000000000       -0.0000007426
      849.0000000000       -0.0000002357
      850.0000000000        0.0000006207
      851.0000000000        0.0000052555
      852.0000000000        0.0000022268
      853.0000000000        0.0000024638
      854.0000000000        0.0000045245
      855.0000000000        0.0000098808
      856.0000000000        0.0000066560
      857.0000000000        0.0000024667
      858.0000000000       -0.0000011677
      859.0000000000       -0.0000021051
      860.0000000000       -0.0000037534
      861.0000000000       -0.0000018842
      862.0000000000        0.0000011085
      863.0000000000       -0.0000021215
      864.0000000000        0.0000016407
      865.0000000000        0.0000027438
      866.0000000000        0.0000019586
      867.0000000000       -0.0000009465
      868.0000000000       -0.0000006570
      869.0000000000       -0.0000020235
      870.0000000000        0.0000007099
      871.0000000000        0.0000027431
      872.0000000000        0.0000033493
      873.0000000000        0.0000029423
      874.0000000000        0.0000051412
      875.0000000000        0.0000087416
      876.0000000000        0.0000071743
      877.0000000000        0.0000056204
      878.0000000000       -0.0000012481
      879.0000000000        0.0000069605
      880.0000000000        0.0000076179
      881.0000000000        0.0000099319
      882.0000000000        0.0000061707
      883.0000000000        0.0000043691
      884.0000000000        0.0000071649
      885.0000000000        0.0000056941
      886.0000000000        0.0000039739
      887.0000000000        0.0000007559
      888.0000000000        0.0000004677
      889.0000000000        0.0000020895
      890.0000000000        0.0000025692
      891.0000000000        0.0000091789
      892.0000000000        0.0000057559
      893.0000000000        0.0000071433
      894.0000000000       -0.0000021194
      895.0000000000        0.0000017718
      896.0000000000       -0.0000102365
      897.0000000000       -0.0000040972
      898.0000000000        0.0000036969
      899.0000000000        0.0000049726
      900.0000000000        0.0000069699
      901.0000000000       -0.0000024141
      902.0000000000       -0.0000030425
      903.0000000000        0.0000021349
      904.0000000000        0.0000042459
      905.0000000000        0.0000013059
      906.0000000000       -0.0000054531
      907.0000000000        0.0000053264
      908.0000000000        0.0000009509
      909.0000000000       -0.0000022135
      910.0000000000        0.0000011538
      911.0000000000       -0.0000067887
      912.0000000000        0.0000024279
      913.0000000000       -0.0000013367
      914.0000000000        0.0000031647
      915.0000000000        0.0000036528
      916.0000000000        0.0000042581
      917.0000000000        0.0000001934
      918.0000000000        0.0000055401
      919.0000000000        0.0000075001
      920.0000000000        0.0000000203
      921.0000000000        0.0000062611
      922.0000000000        0.0000023488
      923.0000000000        0.0000051684
      924.0000000000        0.0000067126
      925.0000000000        0.0000127766
      926.0000000000        0.0000019229
      927.0000000000        0.0000066054
      928.0000000000       -0.0000005170
      929.0000000000       -0.0000092437
      930.0000000000       -0.0000018711
      931.0000000000       -0.0000059171
      932.0000000000        0.0000032079
      933.0000000000       -0.0000006586
      934.0000000000        0.0000011885
      935.0000000000       -0.0000017748
      936.0000000000       -0.0000081072
      937.0000000000       -0.0000024162
      938.0000000000        0.0000001345
      939.0000000000        0.0000012167
      940.0000000000        0.0000043875
      941.0000000000        0.0000030675
      942.0000000000        0.0000034152
      943.0000000000        0.0000013330
      944.0000000000        0.0000053959
      945.0000000000        0.0000011078
      946.0000000000        0.0000041930
      947.0000000000       -0.0000013818
      948.0000000000       -0.0000014920
      949.0000000000       -0.0000032710
      950.0000000000        0.0000015785
      951.0000000000       -0.0000023764
      952.0000000000        0.0000004026
      953.0000000000       -0.0000050457
      954.0000000000       -0.0000009100
      955.0000000000       -0.0000041542
      956.0000000000       -0.0000019787
      957.0000000000       -0.0000006744
      958.0000000000       -0.0000050868
      959.0000000000        0.0000044417
      960.0000000000        0.0000029539
      961.0000000000        0.0000021042
      962.0000000000       -0.0000047300
      963.0000000000       -0.0000131469
      964.0000000000       -0.0000085514
      965.0000000000       -0.0000048419
      966.0000000000       -0.0000053339
      967.0000000000       -0.0000020477
      968.0000000000        0.0000057030
      969.0000000000        0.0000060175
      970.0000000000        0.0000036562
      971.0000000000        0.0000092273
      972.0000000000        0.0000110892
      973.0000000000        0.0000036937
      974.0000000000        0.0000074891
      975.0000000000        0.0000028929
      976.0000000000        0.0000045479
      977.0000000000        0.0000056361
      978.0000000000       -0.0000023170
      979.0000000000       -0.0000000873
      980.0000000000        0.0000054996
      981.0000000000        0.0000084193
      982.0000000000        0.0000066548
      983.0000000000        0.0000034205
      984.0000000000        0.0000073865
      985.0000000000        0.0000049342
      986.0000000000        0.0000033827
      987.0000000000        0.0000027938
      988.0000000000        0.0000110993
      989.0000000000        0.0000076847
      990.0000000000        0.0000047627
      991.0000000000        0.0000018028
      992.0000000000       -0.0000001193
      993.0000000000       -0.0000002075
      994.0000000000        0.0000053164
      995.0000000000        0.0000078695
      996.0000000000        0.0000034680
      997.0000000000        0.0000053805
      998.0000000000        0.0000040312
      999.0000000000        0.0000029267
     1000.0000000000        0.0000006380
     1001.0000000000       -0.0000052122
     1002.0000000000       -0.0000009166
     1003.0000000000        0.0000020879
     1004.0000000000        0.0000046488
     1005.0000000000        0.0000010723
     1006.0000000000        0.0000033125
     1007.0000000000        0.0000004251
     1008.0000000000        0.0000016646
     1009.0000000000        0.0000039250
     1010.0000000000        0.0000109977
     1011.0000000000        0.0000025291
     1012.0000000000        0.0000072995
     1013.0000000000       -0.0000015024
     1014.0000000000        0.0000043794
     1015.0000000000        0.0000012581
     1016.0000000000        0.0000015352
     1017.0000000000       -0.0000019128
     1018.0000000000        0.0000010338
     1019.0000000000        0.0000045080
     1020.0000000000        0.0000021082
     1021.0000000000       -0.0000033852
     1022.0000000000       -0.0000000002
     1023.0000000000        0.0000009834
     1024.0000000000        0.0000040217
     1025.0000000000        0.0000045428
     1026.0000000000       -0.0000095401
     1027.0000000000       -0.0000030095
     1028.0000000000       -0.0000042821
     1029.0000000000       -0.0000006248
     1030.0000000000       -0.0000018752
     1031.0000000000       -0.0000015903
     1032.0000000000       -0.0000035653
     1033.0000000000       -0.0000009086
     1034.0000000000        0.0000000813
     1035.0000000000        0.0000015263
     1036.0000000000       -0.0000012929
     1037.0000000000        0.0000002800
     1038.0000000000       -0.0000062910
     1039.0000000000       -0.0000150569
     1040.0000000000       -0.0000047862
     1041.0000000000       -0.0000063522
     1042.0000000000       -0.0000024102
     1043.0000000000       -0.0000012333
     1044.0000000000        0.0000009543
     1045.0000000000       -0.0000007837
     1046.0000000000        0.0000057762
     1047.0000000000       -0.0000050305
     1048.0000000000        0.0000017346
     1049.0000000000       -0.0000039732
     1050.0000000000       -0.0000034928
     1051.0000000000       -0.0000002786
     1052.0000000000        0.0000015802
     1053.0000000000        0.0000015277
     1054.0000000000        0.0000007573
     1055.0000000000        0.0000060236
     1056.0000000000        0.0000067283
     1057.0000000000        0.0000020247
     1058.0000000000        0.0000036385
     1059.0000000000        0.0000029324
     1060.0000000000       -0.0000002405
     1061.0000000000       -0.0000034511
     1062.0000000000       -0.0000026779
     1063.0000000000        0.0000023294
     1064.0000000000       -0.0000019626
     1065.0000000000       -0.0000033083
     1066.0000000000       -0.0000034242
     1067.0000000000        0.0000005602
     1068.0000000000        0.0000020833
     1069.0000000000       -0.0000027585
     1070.0000000000       -0.0000044522
     1071.0000000000        0.0000026772
     1072.0000000000       -0.0000024822
     1073.0000000000       -0.0000037133
     1074.0000000000        0.0000018235
     1075.0000000000       -0.0000025625
     1076.0000000000        0.0000010550
     1077.0000000000        0.0000046434
     1078.0000000000        0.0000000540
     1079.0000000000        0.0000040344
     1080.0000000000        0.0000091370
     1081.0000000000       -0.0000002939
     1082.0000000000       -0.0000045227
     1083.0000000000        0.0000081076
     1084.0000000000        0.0000010821
     1085.0000000000       -0.0000071063
     1086.0000000000       -0.0000109316
     1087.0000000000       -0.0000015092
     1088.0000000000        0.0000043910
     1089.0000000000        0.0000013062
     1090.0000000000       -0.0000044126
     1091.0000000000       -0.0000022971
     1092.0000000000        0.0000002439
     1093.0000000000        0.0000022714
     1094.0000000000        0.0000005388
     1095.0000000000       -0.0000021972
     1096.0000000000        0.0000034499
     1097.0000000000        0.0000026374
     1098.0000000000        0.0000067243
     1099.0000000000        0.0000065921
     1100.0000000000        0.0000059987
     1101.0000000000       -0.0000006075
     1102.0000000000       -0.0000041631
     1103.0000000000       -0.0000028652
     1104.0000000000       -0.0000012230
     1105.0000000000       -0.0000027572
     1106.0000000000       -0.0000002096
     1107.0000000000       -0.0000000749
     1108.0000000000        0.0000015779
     1109.0000000000       -0.0000026538
     1110.0000000000        0.0000031443
     1111.0000000000        0.0000079861
     1112.0000000000        0.0000031292
     1113.0000000000        0.0000046754
     1114.0000000000       -0.0000022592
     1115.0000000000       -0.0000032423
     1116.0000000000       -0.0000094960
     1117.0000000000       -0.0000019730
     1118.0000000000        0.0000021610
     1119.0000000000        0.0000043134
     1120.0000000000        0.0000005710
     1121.0000000000       -0.0000023013
     1122.0000000000       -0.0000069704
     1123.0000000000       -0.0000001774
     1124.0000000000       -0.0000029077
     1125.0000000000       -0.0000061627
     1126.0000000000       -0.0000039421
     1127.0000000000       -0.0000030782
     1128.0000000000        0.0000047371
     1129.0000000000        0.0000064871
     1130.0000000000       -0.0000020141
     1131.0000000000       -0.0000023140
     1132.0000000000       -0.0000072569
     1133.0000000000        0.0000006557
     1134.0000000000        0.0000033644
     1135.0000000000        0.0000012122
     1136.0000000000        0.0000097161
     1137.0000000000        0.0000039469
     1138.0000000000        0.0000037194
     1139.0000000000        0.0000006062
     1140.0000000000        0.0000001063
     1141.0000000000        0.0000019675
     1142.0000000000        0.0000011882
     1143.0000000000       -0.0000013338
     1144.0000000000        0.0000018078
     1145.0000000000        0.0000029438
     1146.0000000000        0.0000024841
     1147.0000000000        0.0000031436
     1148.0000000000        0.0000035096
     1149.0000000000       -0.0000028465
     1150.0000000000       -0.0000000768
     1151.0000000000       -0.0000034996
     1152.0000000000       -0.0000053879
     1153.0000000000       -0.0000014041
     1154.0000000000        0.0000054816
     1155.0000000000        0.0000011879
     1156.0000000000        0.0000006858
     1157.0000000000        0.0000052233
     1158.0000000000        0.0000038518
     1159.0000000000        0.0000024316
     1160.0000000000        0.0000054803
     1161.0000000000        0.0000018202
     1162.0000000000        0.0000027772
     1163.0000000000        0.0000008141
     1164.0000000000        0.0000050601
     1165.0000000000        0.0000020567
     1166.0000000000       -0.0000020397
     1167.0000000000        0.0000064055
     1168.0000000000        0.0000043612
     1169.0000000000        0.0000031091
     1170.0000000000        0.0000060094
     1171.0000000000        0.0000038990
     1172.0000000000       -0.0000005897
     1173.0000000000        0.0000034934
     1174.0000000000        0.0000068053
     1175.0000000000       -0.0000021580
     1176.0000000000       -0.0000013985
     1177.0000000000       -0.0000024775
     1178.0000000000        0.0000064791
     1179.0000000000        0.0000032503
     1180.0000000000        0.0000081449
     1181.0000000000        0.0000101605
     1182.0000000000        0.0000002022
     1183.0000000000       -0.0000001887
     1184.0000000000        0.0000046535
     1185.0000000000        0.0000043973
     1186.0000000000       -0.0000003038
     1187.0000000000       -0.0000036249
     1188.0000000000       -0.0000004124
     1189.0000000000       -0.0000044809
     1190.0000000000       -0.0000017239
     1191.0000000000        0.0000053584
     1192.0000000000        0.0000002073
     1193.0000000000       -0.0000006666
     1194.0000000000       -0.0000002434
     1195.0000000000        0.0000045900
     1196.0000000000       -0.0000007656
     1197.0000000000        0.0000056530
     1198.0000000000        0.0000077988
     1199.0000000000        0.0000140425
     1200.0000000000        0.0000097635
     1201.0000000000        0.0000063186
     1202.0000000000        0.0000052771
     1203.0000000000        0.0000041972
     1204.0000000000       -0.0000019762
     1205.0000000000        0.0000008106
     1206.0000000000        0.0000042596
     1207.0000000000        0.0000030850
     1208.0000000000       -0.0000005507
     1209.0000000000        0.0000049891
     1210.0000000000        0.0000051852
     1211.0000000000        0.0000025624
     1212.0000000000        0.0000056015
     1213.0000000000        0.0000014421
     1214.0000000000        0.0000038640
     1215.0000000000        0.0000046716
     1216.0000000000       -0.0000016218
     1217.0000000000       -0.0000056717
     1218.0000000000       -0.0000042169
     1219.0000000000        0.0000040488
     1220.0000000000        0.0000011375
     1221.0000000000       -0.0000010948
     1222.0000000000       -0.0000020558
     1223.0000000000       -0.0000034578
     1224.0000000000       -0.0000037894
     1225.0000000000        0.0000026300
     1226.0000000000       -0.0000031122
     1227.0000000000       -0.0000022851
     1228.0000000000        0.0000043826
     1229.0000000000       -0.0000069380
     1230.0000000000       -0.0000040417
     1231.0000000000       -0.0000007386
     1232.0000000000        0.0000031282
     1233.0000000000        0.0000032470
     1234.0000000000       -0.0000023554
     1235.0000000000       -0.0000036970
     1236.0000000000       -0.0000092946
     1237.0000000000       -0.0000011715
     1238.0000000000       -0.0000011709
     1239.0000000000       -0.0000061284
     1240.0000000000       -0.0000058052
     1241.0000000000       -0.0000027258
     1242.0000000000        0.0000003064
     1243.0000000000        0.0000020585
     1244.0000000000        0.0000000086
     1245.0000000000       -0.0000011082
     1246.0000000000       -0.0000067499
     1247.0000000000       -0.0000005702
     1248.0000000000        0.0000016967
     1249.0000000000       -0.0000029423
     1250.0000000000       -0.0000040302
     1251.0000000000        0.0000044675
     1252.0000000000       -0.0000085132
     1253.0000000000        0.0000007551
     1254.0000000000       -0.0000055292
     1255.0000000000       -0.0000024427
     1256.0000000000        0.0000028619
     1257.0000000000        0.0000040733
     1258.0000000000        0.0000049033
     1259.0000000000       -0.0000047315
     1260.0000000000        0.0000005344
     1261.0000000000       -0.0000060181
     1262.0000000000       -0.0000012343
     1263.0000000000       -0.0000024239
     1264.0000000000        0.0000043410
     1265.0000000000        0.0000019404
     1266.0000000000       -0.0000020303
     1267.0000000000       -0.0000057058
     1268.0000000000        0.0000026652
     1269.0000000000       -0.0000010138
     1270.0000000000       -0.0000023296
     1271.0000000000       -0.0000055024
     1272.0000000000       -0.0000007158
     1273.0000000000       -0.0000062902
     1274.0000000000       -0.0000001854
     1275.0000000000        0.0000033718
     1276.0000000000       -0.0000031393
     1277.0000000000       -0.0000030170
     1278.0000000000       -0.0000009588
     1279.0000000000        0.0000002171
     1280.0000000000        0.0000007697
     1281.0000000000        0.0000020423
     1282.0000000000        0.0000039950
     1283.0000000000        0.0000069112
     1284.0000000000        0.0000060563
     1285.0000000000        0.0000121429
     1286.0000000000        0.0000073289
     1287.0000000000        0.0000042652
     1288.0000000000       -0.0000029990
     1289.0000000000        0.0000010495
     1290.0000000000        0.0000017854
     1291.0000000000        0.0000019820
     1292.0000000000       -0.0000024705
     1293.0000000000        0.0000007776
     1294.0000000000        0.0000013582
     1295.0000000000       -0.0000030884
     1296.0000000000        0.0000049137
     1297.0000000000       -0.0000026763
     1298.0000000000        0.0000003589
     1299.0000000000       -0.0000006791
     1300.0000000000       -0.0000120928
     1301.0000000000       -0.0000045019
     1302.0000000000        0.0000049479
     1303.0000000000        0.0000010171
     1304.0000000000       -0.0000006781
     1305.0000000000        0.0000026440
     1306.0000000000        0.0000092745
     1307.0000000000        0.0000045597
     1308.0000000000        0.0000105022
     1309.0000000000        0.0000051058
     1310.0000000000        0.0000023461
     1311.0000000000        0.0000045878
     1312.0000000000        0.0000040071
     1313.0000000000        0.0000066925
     1314.0000000000       -0.0000030165
     1315.0000000000        0.0000024209
     1316.0000000000        0.0000049494
     1317.0000000000        0.0000011903
     1318.0000000000        0.0000026903
     1319.0000000000        0.0000010097
     1320.0000000000        0.0000036251
     1321.0000000000       -0.0000049983
     1322.0000000000       -0.0000024656
     1323.0000000000       -0.0000123194
     1324.0000000000        0.0000041350
     1325.0000000000        0.0000042519
     1326.0000000000        0.0000093846
     1327.0000000000        0.0000072167
     1328.0000000000        0.0000027188
     1329.0000000000        0.0000045232
     1330.0000000000        0.0000013851
     1331.0000000000       -0.0000039710
     1332.0000000000       -0.0000004306
     1333.0000000000       -0.0000076193
     1334.0000000000       -0.0000024334
     1335.0000000000       -0.0000013236
     1336.0000000000       -0.0000053310
     1337.0000000000       -0.0000007267
     1338.0000000000       -0.0000006315
     1339.0000000000        0.0000023499
     1340.0000000000        0.0000007716
     1341.0000000000        0.0000025253
     1342.0000000000        0.0000012905
     1343.0000000000       -0.0000002620
     1344.0000000000        0.0000013446
     1345.0000000000        0.0000045596
     1346.0000000000        0.0000041409
     1347.0000000000       -0.0000020888
     1348.0000000000        0.0000016496
     1349.0000000000       -0.0000007835
     1350.0000000000       -0.0000006658
     1351.0000000000        0.0000045313
     1352.0000000000        0.0000013311
     1353.0000000000        0.0000012149
     1354.0000000000       -0.0000016806
     1355.0000000000       -0.0000020383
     1356.0000000000        0.0000051281
     1357.0000000000        0.0000028854
     1358.0000000000        0.0000004474
     1359.0000000000        0.0000052092
     1360.0000000000        0.0000006437
     1361.0000000000        0.0000021312
     1362.0000000000        0.0000045143
     1363.0000000000        0.0000032582
     1364.0000000000        0.0000065330
     1365.0000000000        0.0000048651
     1366.0000000000        0.0000046505
     1367.0000000000       -0.0000024036
     1368.0000000000        0.0000022799
     1369.0000000000       -0.0000017426
     1370.0000000000        0.0000070247
     1371.0000000000        0.0000036269
     1372.0000000000        0.0000054781
     1373.0000000000       -0.0000008214
     1374.0000000000       -0.0000046445
     1375.0000000000        0.0000025107
     1376.0000000000       -0.0000013136
     1377.0000000000       -0.0000042738
     1378.0000000000        0.0000028840
     1379.0000000000       -0.0000036542
     1380.0000000000       -0.0000011130
     1381.0000000000        0.0000008542
     1382.0000000000       -0.0000009845
     1383.0000000000        0.0000013535
     1384.0000000000       -0.0000005386
     1385.0000000000        0.0000015242
     1386.0000000000        0.0000000221
     1387.0000000000        0.0000023884
     1388.0000000000        0.0000016836
     1389.0000000000        0.0000070374
     1390.0000000000        0.0000042525
     1391.0000000000        0.0000017938
     1392.0000000000       -0.0000012808
     1393.0000000000        0.0000050909
     1394.0000000000        0.0000004425
     1395.0000000000        0.0000019453
     1396.0000000000       -0.0000014345
     1397.0000000000       -0.0000034418
     1398.0000000000        0.0000054136
     1399.0000000000        0.0000112974
     1400.0000000000        0.0000102631
     1401.0000000000        0.0000038551
     1402.0000000000        0.0000024343
     1403.0000000000        0.0000055459
     1404.0000000000       -0.0000021407
     1405.0000000000        0.0000048927
     1406.0000000000        0.0000075584
     1407.0000000000        0.0000009585
     1408.0000000000        0.0000000225
     1409.0000000000       -0.0000044390
     1410.0000000000        0.0000037512
     1411.0000000000        0.0000053353
     1412.0000000000       -0.0000020947
     1413.0000000000       -0.0000018225
     1414.0000000000        0.0000021114
     1415.0000000000        0.0000013339
     1416.0000000000        0.0000056030
     1417.0000000000        0.0000084523
     1418.0000000000        0.0000036648
     1419.0000000000        0.0000010675
     1420.0000000000        0.0000046465
     1421.0000000000        0.0000042086
     1422.0000000000        0.0000035283
     1423.0000000000        0.0000073740
     1424.0000000000        0.0000113582
     1425.0000000000       -0.0000010879
     1426.0000000000       -0.0000010634
     1427.0000000000        0.0000089970
     1428.0000000000        0.0000096575
     1429.0000000000        0.0000049139
     1430.0000000000       -0.0000028428
     1431.0000000000        0.0000061008
     1432.0000000000        0.0000054014
     1433.0000000000        0.0000026652
     1434.0000000000        0.0000021316
     1435.0000000000        0.0000014584
     1436.0000000000        0.0000000053
     1437.0000000000        0.0000063054
     1438.0000000000        0.0000057394
     1439.0000000000        0.0000072210
     1440.0000000000        0.0000071635
     1441.0000000000        0.0000016433
     1442.0000000000        0.0000033719
     1443.0000000000       -0.0000003226
     1444.0000000000        0.0000003216
     1445.0000000000        0.0000018484
     1446.0000000000       -0.0000002168
     1447.0000000000       -0.0000001893
     1448.0000000000        0.0000113937
     1449.0000000000        0.0000011062
     1450.0000000000        0.0000015063
     1451.0000000000       -0.0000027237
     1452.0000000000        0.0000043549
     1453.0000000000        0.0000049870
     1454.0000000000        0.0000049373
     1455.0000000000        0.0000005718
     1456.0000000000       -0.0000047926
     1457.0000000000       -0.0000051110
     1458.0000000000       -0.0000074931
     1459.0000000000       -0.0000026129
     1460.0000000000       -0.0000136167
     1461.0000000000       -0.0000040902
     1462.0000000000       -0.0000008797
     1463.0000000000       -0.0000015009
     1464.0000000000        0.0000073409
     1465.0000000000        0.0000027652
     1466.0000000000        0.0000041032
     1467.0000000000        0.0000073719
     1468.0000000000        0.0000051201
     1469.0000000000        0.0000001478
     1470.0000000000       -0.0000005418
     1471.0000000000       -0.0000040011
     1472.0000000000       -0.0000000084
     1473.0000000000        0.0000039660
     1474.0000000000        0.0000039209
     1475.0000000000        0.0000017112
     1476.0000000000       -0.0000015102
     1477.0000000000        0.0000014311
     1478.0000000000       -0.0000009815
     1479.0000000000       -0.0000021741
     1480.0000000000        0.0000041961
     1481.0000000000        0.0000056255
     1482.0000000000        0.0000078984
     1483.0000000000        0.0000052140
     1484.0000000000        0.0000029723
     1485.0000000000        0.0000045830
     1486.0000000000       -0.0000007571
     1487.0000000000       -0.0000004918
     1488.0000000000       -0.0000018624
     1489.0000000000        0.0000016149
     1490.0000000000        0.0000054641
     1491.0000000000       -0.0000011899
     1492.0000000000       -0.0000050403
     1493.0000000000        0.0000028027
     1494.0000000000       -0.0000040266
     1495.0000000000        0.0000003395
     1496.0000000000        0.0000123441
     1497.0000000000        0.0000057771
     1498.0000000000        0.0000041914
     1499.0000000000        0.0000054644
     1500.0000000000        0.0000049901
     1501.0000000000        0.0000029984
     1502.0000000000       -0.0000059332
     1503.0000000000        0.0000005464
     1504.0000000000        0.0000044520
     1505.0000000000        0.0000034612
     1506.0000000000       -0.0000003447
     1507.0000000000        0.0000014492
     1508.0000000000        0.0000037283
     1509.0000000000       -0.0000024763
     1510.0000000000        0.0000014881
     1511.0000000000       -0.0000010618
     1512.0000000000        0.0000012589
     1513.0000000000       -0.0000016133
     1514.0000000000        0.0000021072
     1515.0000000000        0.0000062901
     1516.0000000000        0.0000062069
     1517.0000000000        0.0000053139
     1518.0000000000        0.0000025416
     1519.0000000000        0.0000033476
     1520.0000000000       -0.0000005953
     1521.0000000000       -0.0000005464
     1522.0000000000        0.0000019882
     1523.0000000000        0.0000044076
     1524.0000000000        0.0000012958
     1525.0000000000        0.0000005349
     1526.0000000000        0.0000002957
     1527.0000000000        0.0000034243
     1528.0000000000       -0.0000036279
     1529.0000000000       -0.0000050682
     1530.0000000000        0.0000005147
     1531.0000000000       -0.0000010359
     1532.0000000000       -0.0000014538
     1533.0000000000       -0.0000004444
     1534.0000000000        0.0000022163
     1535.0000000000        0.0000055277
     1536.0000000000        0.0000080552
     1537.0000000000       -0.0000020880
     1538.0000000000        0.0000044037
     1539.0000000000        0.0000028255
     1540.0000000000        0.0000025100
     1541.0000000000        0.0000032255
     1542.0000000000       -0.0000024913
     1543.0000000000       -0.0000036463
     1544.0000000000        0.0000007315
     1545.0000000000        0.0000027526
     1546.0000000000       -0.0000017498
     1547.0000000000       -0.0000012297
     1548.0000000000        0.0000036257
     1549.0000000000       -0.0000007459
     1550.0000000000        0.0000045988
     1551.0000000000       -0.0000025629
     1552.0000000000       -0.0000028720
     1553.0000000000       -0.0000026314
     1554.0000000000       -0.0000065410
     1555.0000000000       -0.0000056455
     1556.0000000000       -0.0000055093
     1557.0000000000       -0.0000034763
     1558.0000000000       -0.0000060202
     1559.0000000000       -0.0000077770
     1560.0000000000       -0.0000018636
     1561.0000000000       -0.0000007488
     1562.0000000000        0.0000003514
     1563.0000000000        0.0000023750
     1564.0000000000        0.0000055869
     1565.0000000000        0.0000064156
     1566.0000000000       -0.0000017307
     1567.0000000000       -0.0000014950
     1568.0000000000        0.0000044789
     1569.0000000000       -0.0000080152
     1570.0000000000       -0.0000051029
     1571.0000000000       -0.0000076933
     1572.0000000000       -0.0000041627
     1573.0000000000        0.0000010702
     1574.0000000000        0.0000034304
     1575.0000000000        0.0000036699
     1576.0000000000       -0.0000010998
     1577.0000000000       -0.0000025060
     1578.0000000000       -0.0000044963
     1579.0000000000       -0.0000018228
     1580.0000000000       -0.0000051693
     1581.0000000000       -0.0000017319
     1582.0000000000       -0.0000042860
     1583.0000000000       -0.0000046592
     1584.0000000000       -0.0000021008
     1585.0000000000       -0.0000080164
     1586.0000000000       -0.0000046582
     1587.0000000000        0.0000014005
     1588.0000000000        0.0000035666
     1589.0000000000       -0.0000036080
     1590.0000000000       -0.0000000964
     1591.0000000000       -0.0000014916
     1592.0000000000       -0.0000010155
     1593.0000000000        0.0000008531
     1594.0000000000        0.0000001470
     1595.0000000000       -0.0000037022
     1596.0000000000        0.0000039779
     1597.0000000000        0.0000032929
     1598.0000000000        0.0000072076
     1599.0000000000        0.0000061291
     1600.0000000000        0.0000004189
     1601.0000000000        0.0000075596
     1602.0000000000        0.0000134434
     1603.0000000000        0.0000024628
     1604.0000000000        0.0000039881
     1605.0000000000       -0.0000088348
     1606.0000000000        0.0000022428
     1607.0000000000        0.0000022700
     1608.0000000000       -0.0000011209
     1609.0000000000        0.0000047115
     1610.0000000000        0.0000060410
     1611.0000000000        0.0000033525
     1612.0000000000       -0.0000011832
     1613.0000000000       -0.0000035662
     1614.0000000000       -0.0000047136
     1615.0000000000       -0.0000008779
     1616.0000000000       -0.0000012228
     1617.0000000000       -0.0000017317
     1618.0000000000       -0.0000029972
     1619.0000000000       -0.0000016096
     1620.0000000000       -0.0000110653
     1621.0000000000       -0.0000057105
     1622.0000000000       -0.0000089764
     1623.0000000000       -0.0000149345
     1624.0000000000       -0.0000031212
     1625.0000000000       -0.0000052406
     1626.0000000000       -0.0000062892
     1627.0000000000       -0.0000039654
     1628.0000000000        0.0000022115
     1629.0000000000       -0.0000031856
     1630.0000000000       -0.0000040440
     1631.0000000000        0.0000029261
     1632.0000000000        0.0000015143
     1633.0000000000        0.0000005565
     1634.0000000000       -0.0000017751
     1635.0000000000        0.0000001987
     1636.0000000000       -0.0000016361
     1637.0000000000       -0.0000016134
     1638.0000000000       -0.0000020324
     1639.0000000000       -0.0000070015
     1640.0000000000       -0.0000004097
     1641.0000000000        0.0000013027
     1642.0000000000        0.0000044686
     1643.0000000000        0.0000011004
     1644.0000000000        0.0000045768
     1645.0000000000        0.0000008221
     1646.0000000000       -0.0000034352
     1647.0000000000        0.0000002687
     1648.0000000000       -0.0000040501
     1649.0000000000       -0.0000097186
     1650.0000000000       -0.0000001451
     1651.0000000000       -0.0000020454
     1652.0000000000       -0.0000032568
     1653.0000000000       -0.0000041050
     1654.0000000000       -0.0000088803
     1655.0000000000       -0.0000031927
     1656.0000000000       -0.0000044839
     1657.0000000000       -0.0000040086
     1658.0000000000       -0.0000075717
     1659.0000000000       -0.0000086239
     1660.0000000000       -0.0000080143
     1661.0000000000       -0.0000099734
     1662.0000000000       -0.0000086426
     1663.0000000000       -0.0000035242
     1664.0000000000       -0.0000057776
     1665.0000000000       -0.0000024692
     1666.0000000000       -0.0000081790
     1667.0000000000       -0.0000030841
     1668.0000000000       -0.0000011933
     1669.0000000000       -0.0000058436
     1670.0000000000       -0.0000011045
     1671.0000000000       -0.0000029376
     1672.0000000000        0.0000053058
     1673.0000000000        0.0000037783
     1674.0000000000        0.0000041673
     1675.0000000000       -0.0000026763
     1676.0000000000       -0.0000014627
     1677.0000000000        0.0000028899
     1678.0000000000       -0.0000045465
     1679.0000000000       -0.0000016497
     1680.0000000000       -0.0000027354
     1681.0000000000       -0.0000024700
     1682.0000000000       -0.0000073764
     1683.0000000000       -0.0000024233
     1684.0000000000        0.0000016359
     1685.0000000000        0.0000023225
     1686.0000000000       -0.0000037007
     1687.0000000000       -0.0000027176
     1688.0000000000       -0.0000048565
     1689.0000000000       -0.0000020436
     1690.0000000000        0.0000032706
     1691.0000000000        0.0000066678
     1692.0000000000        0.0000056018
     1693.0000000000        0.0000034015
     1694.0000000000       -0.0000025484
     1695.0000000000       -0.0000009782
     1696.0000000000       -0.0000046008
     1697.0000000000       -0.0000026055
     1698.0000000000       -0.0000005965
     1699.0000000000       -0.0000020528
     1700.0000000000        0.0000008354
     1701.0000000000       -0.0000026021
     1702.0000000000        0.0000012774
     1703.0000000000        0.0000023667
     1704.0000000000       -0.0000067421
     1705.0000000000       -0.0000052976
     1706.0000000000       -0.0000018222
     1707.0000000000        0.0000012946
     1708.0000000000        0.0000037054
     1709.0000000000        0.0000010205
     1710.0000000000        0.0000060882
     1711.0000000000       -0.0000011452
     1712.0000000000       -0.0000029555
     1713.0000000000        0.0000011693
     1714.0000000000        0.0000055322
     1715.0000000000        0.0000023610
     1716.0000000000        0.0000031330
     1717.0000000000       -0.0000038501
     1718.0000000000       -0.0000015267
     1719.0000000000       -0.0000018513
     1720.0000000000       -0.0000044672
     1721.0000000000       -0.0000070571
     1722.0000000000        0.0000037392
     1723.0000000000        0.0000003005
     1724.0000000000       -0.0000012587
     1725.0000000000        0.0000005134
     1726.0000000000        0.0000013413
     1727.0000000000       -0.0000016137
     1728.0000000000       -0.0000080010
     1729.0000000000       -0.0000026067
     1730.0000000000        0.0000004482
     1731.0000000000        0.0000004518
     1732.0000000000        0.0000029845
     1733.0000000000        0.0000004065
     1734.0000000000        0.0000000424
     1735.0000000000        0.0000019133
     1736.0000000000       -0.0000021621
     1737.0000000000        0.0000031101
     1738.0000000000        0.0000022280
     1739.0000000000        0.0000006116
     1740.0000000000        0.0000041148
     1741.0000000000       -0.0000037566
     1742.0000000000        0.0000023185
     1743.0000000000        0.0000000938
     1744.0000000000       -0.0000018185
     1745.0000000000       -0.0000057011
     1746.0000000000       -0.0000030118
     1747.0000000000       -0.0000028984
     1748.0000000000       -0.0000048624
     1749.0000000000       -0.0000016082
     1750.0000000000       -0.0000049576
     1751.0000000000       -0.0000060127
     1752.0000000000       -0.0000094049
     1753.0000000000       -0.0000045998
     1754.0000000000        0.0000025398
     1755.0000000000        0.0000000623
     1756.0000000000       -0.0000056139
     1757.0000000000       -0.0000020987
     1758.0000000000        0.0000029339
     1759.0000000000        0.0000070778
     1760.0000000000       -0.0000003388
     1761.0000000000        0.0000023856
     1762.0000000000       -0.0000019289
     1763.0000000000        0.0000013165
     1764.0000000000       -0.0000000981
     1765.0000000000       -0.0000010983
     1766.0000000000       -0.0000039230
     1767.0000000000       -0.0000032398
     1768.0000000000        0.0000057694
     1769.0000000000        0.0000057391
     1770.0000000000        0.0000016640
     1771.0000000000        0.0000013194
     1772.0000000000        0.0000013042
     1773.0000000000        0.0000007775
     1774.0000000000       -0.0000041841
     1775.0000000000        0.0000000230
     1776.0000000000        0.0000008110
     1777.0000000000        0.0000004108
     1778.0000000000        0.0000028665
     1779.0000000000        0.0000026712
     1780.0000000000       -0.0000027876
     1781.0000000000       -0.0000019907
     1782.0000000000       -0.0000035166
     1783.0000000000       -0.0000005321
     1784.0000000000       -0.0000070663
     1785.0000000000       -0.0000060348
     1786.0000000000       -0.0000031663
     1787.0000000000       -0.0000062183
     1788.0000000000       -0.0000086643
     1789.0000000000       -0.0000071175
     1790.0000000000       -0.0000086305
     1791.0000000000       -0.0000067636
     1792.0000000000       -0.0000101025
     1793.0000000000       -0.0000108330
     1794.0000000000       -0.0000026902
     1795.0000000000       -0.0000099469
     1796.0000000000       -0.0000068197
     1797.0000000000       -0.0000028857
     1798.0000000000        0.0000006150
     1799.0000000000       -0.0000091376
     1800.0000000000       -0.0000050575
     1801.0000000000        0.0000004059
     1802.0000000000        0.0000037745
     1803.0000000000        0.0000003900
     1804.0000000000        0.0000024091
     1805.0000000000       -0.0000070190
     1806.0000000000        0.0000013161
     1807.0000000000       -0.0000061286
     1808.0000000000       -0.0000029465
     1809.0000000000        0.0000036905
     1810.0000000000       -0.0000018136
     1811.0000000000       -0.0000086021
     1812.0000000000       -0.0000062197
     1813.0000000000        0.0000037407
     1814.0000000000       -0.0000012902
     1815.0000000000        0.0000017917
     1816.0000000000        0.0000016488
     1817.0000000000        0.0000006393
     1818.0000000000       -0.0000009872
     1819.0000000000       -0.0000016551
     1820.0000000000       -0.0000002061
     1821.0000000000        0.0000000304
     1822.0000000000       -0.0000010152
     1823.0000000000       -0.0000031853
     1824.0000000000       -0.0000013345
     1825.0000000000        0.0000056146
     1826.0000000000       -0.0000005908
     1827.0000000000        0.0000010990
     1828.0000000000       -0.0000008028
     1829.0000000000        0.0000030447
     1830.0000000000        0.0000062504
     1831.0000000000        0.0000071226
     1832.0000000000       -0.0000025150
     1833.0000000000       -0.0000023399
     1834.0000000000       -0.0000018418
     1835.0000000000       -0.0000021151
     1836.0000000000       -0.0000046886
     1837.0000000000       -0.0000002466
     1838.0000000000       -0.0000027612
     1839.0000000000       -0.0000020497
     1840.0000000000       -0.0000057559
     1841.0000000000        0.0000025838
     1842.0000000000        0.0000066549
     1843.0000000000        0.0000062457
     1844.0000000000       -0.0000012346
     1845.0000000000       -0.0000006387
     1846.0000000000        0.0000029698
     1847.0000000000        0.0000060062
     1848.0000000000        0.0000041165
     1849.0000000000       -0.0000003119
     1850.0000000000       -0.0000030286
     1851.0000000000       -0.0000000357
     1852.0000000000       -0.0000020306
     1853.0000000000        0.0000013197
     1854.0000000000        0.0000040932
     1855.0000000000        0.0000012521
     1856.0000000000        0.0000067940
     1857.0000000000        0.0000027704
     1858.0000000000        0.0000038044
     1859.0000000000        0.0000072609
     1860.0000000000        0.0000029990
     1861.0000000000        0.0000035744
     1862.0000000000        0.0000008040
     1863.0000000000        0.0000038175
     1864.0000000000        0.0000001026
     1865.0000000000       -0.0000024079
     1866.0000000000        0.0000008526
     1867.0000000000        0.0000006268
     1868.0000000000        0.0000012462
     1869.0000000000       -0.0000060403
     1870.0000000000        0.0000040984
     1871.0000000000        0.0000024862
     1872.0000000000        0.0000037356
     1873.0000000000        0.0000004420
     1874.0000000000       -0.0000026416
     1875.0000000000        0.0000019037
     1876.0000000000       -0.0000035645
     1877.0000000000       -0.0000017801
     1878.0000000000        0.0000008668
     1879.0000000000        0.0000045318
     1880.0000000000        0.0000006019
     1881.0000000000       -0.0000017683
     1882.0000000000        0.0000020866
     1883.0000000000       -0.0000028775
     1884.0000000000       -0.0000045511
     1885.0000000000        0.0000028004
     1886.0000000000        0.0000070027
     1887.0000000000       -0.0000002631
     1888.0000000000       -0.0000011563
     1889.0000000000        0.0000082034
     1890.0000000000        0.0000023920
     1891.0000000000       -0.0000038845
     1892.0000000000        0.0000017425
     1893.0000000000       -0.0000024724
     1894.0000000000        0.0000035157
     1895.0000000000        0.0000027937
     1896.0000000000       -0.0000017943
     1897.0000000000       -0.0000025763
     1898.0000000000        0.0000032580
     1899.0000000000        0.0000031310
     1900.0000000000        0.0000011342
     1901.0000000000       -0.0000053319
     1902.0000000000       -0.0000005178
     1903.0000000000       -0.0000037568
     1904.0000000000       -0.0000011711
     1905.0000000000       -0.0000028293
     1906.0000000000       -0.0000017793
     1907.0000000000        0.0000016084
     1908.0000000000        0.0000011151
     1909.0000000000       -0.0000041545
     1910.0000000000        0.0000019349
     1911.0000000000       -0.0000030134
     1912.0000000000        0.0000004002
     1913.0000000000       -0.0000003250
     1914.0000000000       -0.0000101039
     1915.0000000000        0.0000014769
     1916.0000000000       -0.0000045228
     1917.0000000000        0.0000021321
     1918.0000000000       -0.0000002412
     1919.0000000000        0.0000002348
     1920.0000000000        0.0000020736
     1921.0000000000       -0.0000003833
     1922.0000000000       -0.0000016716
     1923.0000000000       -0.0000005597
     1924.0000000000        0.0000016759
     1925.0000000000        0.0000037317
     1926.0000000000        0.0000053535
     1927.0000000000        0.0000022191
     1928.0000000000       -0.0000011715
     1929.0000000000       -0.0000027157
     1930.0000000000       -0.0000083439
     1931.0000000000       -0.0000029034
     1932.0000000000        0.0000061701
     1933.0000000000        0.0000001124
     1934.0000000000       -0.0000020844
     1935.0000000000       -0.0000090553
     1936.0000000000        0.0000028758
     1937.0000000000       -0.0000034838
     1938.0000000000       -0.0000041433
     1939.0000000000       -0.0000013619
     1940.0000000000       -0.0000059290
     1941.0000000000       -0.0000059630
     1942.0000000000       -0.0000073732
     1943.0000000000       -0.0000031924
     1944.0000000000       -0.0000057253
     1945.0000000000       -0.0000045623
     1946.0000000000       -0.0000007467
     1947.0000000000       -0.0000065568
     1948.0000000000       -0.0000068228
     1949.0000000000       -0.0000021600
     1950.0000000000       -0.0000023550
     1951.0000000000       -0.0000015597
     1952.0000000000       -0.0000000869
     1953.0000000000        0.0000016961
     1954.0000000000        0.0000067197
     1955.0000000000        0.0000034799
     1956.0000000000        0.0000034779
     1957.0000000000        0.0000024020
     1958.0000000000       -0.0000029671
     1959.0000000000       -0.0000049490
     1960.0000000000        0.0000013413
     1961.0000000000       -0.0000046456
     1962.0000000000        0.0000025073
     1963.0000000000        0.0000012218
     1964.0000000000       -0.0000030505
     1965.0000000000        0.0000041227
     1966.0000000000        0.0000024560
     1967.0000000000       -0.0000078415
     1968.0000000000       -0.0000094770
     1969.0000000000       -0.0000020000
     1970.0000000000       -0.0000033133
     1971.0000000000       -0.0000120336
     1972.0000000000       -0.0000071874
     1973.0000000000       -0.0000095325
     1974.0000000000       -0.0000040644
     1975.0000000000       -0.0000048008
     1976.0000000000        0.0000097729
     1977.0000000000        0.0000029272
     1978.0000000000        0.0000002854
     1979.0000000000        0.0000007675
     1980.0000000000       -0.0000028865
     1981.0000000000       -0.0000016098
     1982.0000000000       -0.0000015135
     1983.0000000000        0.0000038296
     1984.0000000000       -0.0000003043
     1985.0000000000       -0.0000010172
     1986.0000000000       -0.0000021660
     1987.0000000000       -0.0000042786
     1988.0000000000       -0.0000033081
     1989.0000000000       -0.0000041188
     1990.0000000000       -0.0000055827
     1991.0000000000       -0.0000030801
     1992.0000000000       -0.0000026554
     1993.0000000000       -0.0000013580
     1994.0000000000       -0.0000006189
     1995.0000000000       -0.0000013674
     1996.0000000000        0.0000020060
     1997.0000000000        0.0000058946
     1998.0000000000        0.0000012423
     1999.0000000000        0.0000035653
     2000.0000000000       -0.0000057212
     2001.0000000000       -0.0000022465
     2002.0000000000        0.0000071909
     2003.0000000000        0.0000015524
     2004.0000000000        0.0000037320
     2005.0000000000        0.0000024257
     2006.0000000000       -0.0000062519
     2007.0000000000        0.0000075625
     2008.0000000000       -0.0000018206
     2009.0000000000        0.0000021339
     2010.0000000000        0.0000063627
     2011.0000000000        0.0000040303
     2012.0000000000       -0.0000013187
     2013.0000000000       -0.0000050348
     2014.0000000000       -0.0000075615
     2015.0000000000       -0.0000109267
     2016.0000000000       -0.0000042584
     2017.0000000000       -0.0000021187
     2018.0000000000        0.0000001857
     2019.0000000000       -0.0000027628
     2020.0000000000        0.0000045673
     2021.0000000000        0.0000109697
     2022.0000000000        0.0000067019
     2023.0000000000        0.0000040078
     2024.0000000000        0.0000009902
     2025.0000000000       -0.0000046994
     2026.0000000000       -0.0000029476
     2027.0000000000       -0.0000017903
     2028.0000000000        0.0000033886
     2029.0000000000        0.0000013556
     2030.0000000000       -0.0000049292
     2031.0000000000       -0.0000054358
     2032.0000000000       -0.0000063658
     2033.0000000000       -0.0000045794
     2034.0000000000       -0.0000021162
     2035.0000000000       -0.0000001179
     2036.0000000000       -0.0000004546
     2037.0000000000       -0.0000030156
     2038.0000000000        0.0000046566
     2039.0000000000       -0.0000075957
     2040.0000000000       -0.0000060101
     2041.0000000000       -0.0000089200
     2042.0000000000       -0.0000022306
     2043.0000000000       -0.0000022514
     2044.0000000000        0.0000027147
     2045.0000000000        0.0000010737
     2046.0000000000        0.0000018672
     2047.0000000000       -0.0000003977
     2048.0000000000        0.0000047808
