        0.0000000000        0.0492871811
        1.0000000000        0.0236165234
        2.0000000000        0.0156359875
        3.0000000000        0.0117545018
        4.0000000000        0.0092258052
        5.0000000000        0.0074099980
        6.0000000000        0.0060454992
        7.0000000000        0.0050336581
        8.0000000000        0.0042567174
        9.0000000000        0.0036765528
       10.0000000000        0.0031970152
       11.0000000000        0.0027905283
       12.0000000000        0.0024792934
       13.0000000000        0.0021905192
       14.0000000000        0.0020568224
       15.0000000000        0.0018826398
       16.0000000000        0.0017002303
       17.0000000000        0.0015882871
       18.0000000000        0.0014540998
       19.0000000000        0.0013512384
       20.0000000000        0.0012796452
       21.0000000000        0.0012300834
       22.0000000000        0.0011708390
       23.0000000000        0.0011221560
       24.0000000000        0.0010615830
       25.0000000000        0.0009569802
       26.0000000000        0.0009305213
       27.0000000000        0.0008752049
       28.0000000000        0.0008374536
       29.0000000000        0.0008001884
       30.0000000000        0.0007583166
       31.0000000000        0.0006986447
       32.0000000000        0.0007293389
       33.0000000000        0.0007282271
       34.0000000000        0.0006731528
       35.0000000000        0.0006291087
       36.0000000000        0.0006223965
       37.0000000000        0.0006014528
       38.0000000000        0.0005902015
       39.0000000000        0.0005462362
       40.0000000000        0.0005519492
       41.0000000000        0.0005059975
       42.0000000000        0.0004310812
       43.0000000000        0.0004121917
       44.0000000000        0.0003875126
       45.0000000000        0.0003917125
       46.0000000000        0.0003749559
       47.0000000000        0.0003725958
       48.0000000000        0.0003851338
       49.0000000000        0.0004072436
       50.0000000000        0.0003927828
       51.0000000000        0.0003726292
       52.0000000000        0.0003818441
       53.0000000000        0.0003601983
       54.0000000000        0.0003171353
       55.0000000000        0.0002841017
       56.0000000000        0.0003301380
       57.0000000000        0.0003148709
       58.0000000000        0.0002795457
       59.0000000000        0.0002703398
       60.0000000000        0.0002669608
       61.0000000000        0.0003239661
       62.0000000000        0.0003232430
       63.0000000000        0.0002968596
       64.0000000000        0.0002954985
       65.0000000000        0.0002806737
       66.0000000000        0.0002935283
       67.0000000000        0.0002826019
       68.0000000000        0.0002475957
       69.0000000000        0.0002423400
       70.0000000000        0.0002443447
       71.0000000000        0.0002223691
       72.0000000000        0.0002432252
       73.0000000000        0.0002298063
       74.0000000000        0.0002306057
       75.0000000000        0.0002165589
       76.0000000000        0.0001875953
       77.0000000000        0.0002440593
       78.0000000000        0.0001861348
       79.0000000000        0.0001632062
       80.0000000000        0.0001772684
       81.0000000000        0.0001968636
       82.0000000000        0.0001887036
       83.0000000000        0.0002063857
       84.0000000000        0.0001921208
       85.0000000000        0.0001710725
       86.0000000000        0.0001619081
       87.0000000000        0.0001781575
       88.0000000000        0.0001766664
       89.0000000000        0.0001873958
       90.0000000000        0.0001672514
       91.0000000000        0.0001808345
       92.0000000000        0.0001676701
       93.0000000000        0.0001277585
       94.0000000000        0.0001355868
       95.0000000000        0.0001462849
       96.0000000000        0.0001368978
       97.0000000000        0.0001104258
       98.0000000000        0.0001039025
       99.0000000000        0.0001495680
      100.0000000000        0.0000996543
      101.0000000000        0.0001140384
      102.0000000000        0.0001421384
      103.0000000000        0.0001315121
      104.0000000000        0.0001365809
      105.0000000000        0.0001484939
      106.0000000000        0.0001506308
      107.0000000000        0.0001320800
      108.0000000000        0.0001151363
      109.0000000000        0.0001240848
      110.0000000000        0.0001183591
      111.0000000000        0.0000959950
      112.0000000000        0.0001132325
      113.0000000000        0.0001210229
      114.0000000000        0.0001378019
      115.0000000000        0.0001261363
      116.0000000000        0.0001215828
      117.0000000000        0.0000957611
      118.0000000000        0.0000783570
      119.0000000000        0.0000947235
      120.0000000000        0.0001123337
      121.0000000000        0.0001267019
      122.0000000000        0.0001319002
      123.0000000000        0.0001023166
      124.0000000000        0.0000793905
      125.0000000000        0.0001184930
      126.0000000000        0.0001202236
      127.0000000000        0.0001154985
      128.0000000000        0.0001093335
      129.0000000000        0.0001312082
      130.0000000000        0.0001236732
      131.0000000000        0.0001007822
      132.0000000000        0.0001064979
      133.0000000000        0.0001130078
      134.0000000000        0.0000796457
      135.0000000000        0.0001119209
      136.0000000000        0.0001227128
      137.0000000000        0.0001321035
      138.0000000000        0.0001498501
      139.0000000000        0.0001134354
      140.0000000000        0.0000955846
      141.0000000000        0.0000727540
      142.0000000000        0.0000434673
      143.0000000000        0.0000972611
      144.0000000000        0.0000664829
      145.0000000000        0.0000661372
      146.0000000000        0.0000685091
      147.0000000000        0.0000584484
      148.0000000000        0.0000866004
      149.0000000000        0.0000539776
      150.0000000000        0.0000621525
      151.0000000000        0.0000626435
      152.0000000000        0.0000351181
      153.0000000000        0.0000247948
      154.0000000000        0.0000574351
      155.0000000000        0.0000553879
      156.0000000000        0.0000348533
      157.0000000000        0.0000326586
      158.0000000000       -0.0000104520
      159.0000000000        0.0000397749
      160.0000000000        0.0000108844
      161.0000000000       -0.0000071549
      162.0000000000        0.0000094037
      163.0000000000        0.0000514344
      164.0000000000        0.0000693279
      165.0000000000        0.0000517324
      166.0000000000        0.0000665719
      167.0000000000        0.0000509405
      168.0000000000        0.0000232133
      169.0000000000        0.0000143584
      170.0000000000        0.0000650661
      171.0000000000        0.0000215205
      172.0000000000        0.0000648965
      173.0000000000        0.0000667677
      174.0000000000        0.0000978971
      175.0000000000        0.0001465512
      176.0000000000        0.0001348890
      177.0000000000        0.0001283923
      178.0000000000        0.0001107553
      179.0000000000        0.0001071111
      180.0000000000        0.0000981290
      181.0000000000        0.0000906166
      182.0000000000        0.0001113912
      183.0000000000        0.0001172582
      184.0000000000        0.0000955483
      185.0000000000        0.0000718388
      186.0000000000        0.0000690674
      187.0000000000        0.0001314433
      188.0000000000        0.0001076528
      189.0000000000        0.0000880062
      190.0000000000        0.0000670462
      191.0000000000        0.0000789225
      192.0000000000        0.0000839256
      193.0000000000        0.0000728181
      194.0000000000        0.0000957397
      195.0000000000        0.0000719122
      196.0000000000        0.0000523331
      197.0000000000        0.0000676812
      198.0000000000        0.0001134516
      199.0000000000        0.0001101716
      200.0000000000        0.0000975121
      201.0000000000        0.0000643870
      202.0000000000        0.0000493700
      203.0000000000        0.0000416100
      204.0000000000        0.0000443663
      205.0000000000        0.0000427677
      206.0000000000        0.0000150215
      207.0000000000        0.0000483860
      208.0000000000        0.0000558240
      209.0000000000        0.0000614358
      210.0000000000        0.0000520466
      211.0000000000        0.0000699619
      212.0000000000        0.0000516699
      213.0000000000        0.0000524227
      214.0000000000        0.0000540520
      215.0000000000        0.0000246644
      216.0000000000        0.0000138894
      217.0000000000        0.0000475032
      218.0000000000        0.0000779862
      219.0000000000        0.0001195755
      220.0000000000        0.0001037142
      221.0000000000        0.0001014524
      222.0000000000        0.0001035511
      223.0000000000        0.0000814192
      224.0000000000        0.0000757584
      225.0000000000        0.0000622112
      226.0000000000        0.0000755756
      227.0000000000        0.0000862569
      228.0000000000        0.0000640583
      229.0000000000        0.0000348127
      230.0000000000        0.0000398872
      231.0000000000        0.0000141257
      232.0000000000        0.0000441476
      233.0000000000        0.0000224680
      234.0000000000        0.0000755432
      235.0000000000        0.0000462953
      236.0000000000        0.0000583860
      237.0000000000        0.0000565332
      238.0000000000        0.0000236719
      239.0000000000        0.0000480432
      240.0000000000        0.0000836990
      241.0000000000        0.0000973923
      242.0000000000        0.0000885443
      243.0000000000        0.0000485515
      244.0000000000        0.0000637727
      245.0000000000        0.0000656085
      246.0000000000        0.0000744278
      247.0000000000        0.0000855487
      248.0000000000        0.0001099195
      249.0000000000        0.0001219353
      250.0000000000        0.0001283137
      251.0000000000        0.0001108296
      252.0000000000        0.0000663740
      253.0000000000        0.0000585389
      254.0000000000        0.0000554742
      255.0000000000        0.0001018484
      256.0000000000        0.0001045293
      257.0000000000        0.0000889560
      258.0000000000        0.0001328579
      259.0000000000        0.0001145419
      260.0000000000        0.0000447579
      261.0000000000        0.0000554646
      262.0000000000        0.0000677999
      263.0000000000        0.0000707536
      264.0000000000        0.0000462847
      265.0000000000        0.0000482267
      266.0000000000        0.0000540612
      267.0000000000        0.0000669352
      268.0000000000        0.0000815121
      269.0000000000        0.0000612663
      270.0000000000        0.0000986925
      271.0000000000        0.0000734743
      272.0000000000        0.0000763157
      273.0000000000        0.0000874931
      274.0000000000        0.0000791288
      275.0000000000        0.0001236590
      276.0000000000        0.0000985191
      277.0000000000        0.0000604359
      278.0000000000        0.0000694469
      279.0000000000        0.0000292479
      280.0000000000        0.0000595784
      281.0000000000        0.0000689799
      282.0000000000        0.0000292995
      283.0000000000        0.0000419314
      284.0000000000        0.0000777323
      285.0000000000        0.0000844116
      286.0000000000        0.0000715156
      287.0000000000        0.0000702634
      288.0000000000        0.0000585987
      289.0000000000        0.0000617195
      290.0000000000        0.0000616514
      291.0000000000        0.0000777118
      292.0000000000        0.0000672156
      293.0000000000        0.0000733208
      294.0000000000        0.0000371626
      295.0000000000        0.0000773460
      296.0000000000        0.0000518792
      297.0000000000        0.0000595354
      298.0000000000        0.0000266819
      299.0000000000        0.0000195734
      300.0000000000        0.0000237505
      301.0000000000        0.0000176733
      302.0000000000        0.0000172061
      303.0000000000        0.0000190893
      304.0000000000        0.0000424652
      305.0000000000        0.0000270573
      306.0000000000        0.0000372519
      307.0000000000        0.0000439514
      308.0000000000        0.0000215468
      309.0000000000        0.0000174421
      310.0000000000        0.0000194499
      311.0000000000        0.0000113341
      312.0000000000        0.0000129443
      313.0000000000        0.0000218670
      314.0000000000        0.0000066590
      315.0000000000       -0.0000009420
      316.0000000000       -0.0000215122
      317.0000000000        0.0000011453
      318.0000000000        0.0000292800
      319.0000000000        0.0000177968
      320.0000000000       -0.0000003124
      321.0000000000        0.0000106968
      322.0000000000        0.0000195253
      323.0000000000        0.0000019766
      324.0000000000        0.0000160405
      325.0000000000        0.0000328812
      326.0000000000       -0.0000125198
      327.0000000000       -0.0000493101
      328.0000000000       -0.0000552793
      329.0000000000        0.0000067125
      330.0000000000        0.0000543467
      331.0000000000        0.0000309663
      332.0000000000        0.0000452246
      333.0000000000        0.0000811143
      334.0000000000        0.0000415066
      335.0000000000        0.0000464638
      336.0000000000        0.0000437896
      337.0000000000        0.0000233786
      338.0000000000        0.0000029232
      339.0000000000       -0.0000249705
      340.0000000000       -0.0000058783
      341.0000000000        0.0000117287
      342.0000000000       -0.0000116932
      343.0000000000        0.0000123456
      344.0000000000        0.0000394077
      345.0000000000        0.0000007167
      346.0000000000        0.0000214459
      347.0000000000        0.0000336986
      348.0000000000        0.0000271723
      349.0000000000        0.0000237504
      350.0000000000        0.0000167017
      351.0000000000        0.0000434986
      352.0000000000        0.0000399039
      353.0000000000        0.0000564870
      354.0000000000        0.0000805560
      355.0000000000        0.0000531546
      356.0000000000        0.0000187704
      357.0000000000        0.0000117700
      358.0000000000        0.0000399835
      359.0000000000        0.0000449986
      360.0000000000        0.0000254919
      361.0000000000       -0.0000079703
      362.0000000000       -0.0000061985
      363.0000000000       -0.0000293045
      364.0000000000       -0.0000459891
      365.0000000000       -0.0000105720
      366.0000000000       -0.0000079089
      367.0000000000        0.0000227136
      368.0000000000        0.0000076649
      369.0000000000        0.0000026834
      370.0000000000        0.0000572087
      371.0000000000        0.0000291883
      372.0000000000        0.0000371785
      373.0000000000        0.0000291559
      374.0000000000        0.0000523452
      375.0000000000       -0.0000029694
      376.0000000000        0.0000342961
      377.0000000000        0.0000371750
      378.0000000000        0.0000451335
      379.0000000000        0.0000309824
      380.0000000000        0.0000594662
      381.0000000000        0.0000639720
      382.0000000000        0.0000410608
      383.0000000000        0.0000480470
      384.0000000000        0.0000352876
      385.0000000000        0.0000342311
      386.0000000000        0.0000195828
      387.0000000000       -0.0000039757
      388.0000000000       -0.0000001488
      389.0000000000       -0.0000107627
      390.0000000000        0.0000073326
      391.0000000000       -0.0000117116
      392.0000000000        0.0000171643
      393.0000000000        0.0000212278
      394.0000000000        0.0000263286
      395.0000000000       -0.0000092433
      396.0000000000       -0.0000214385
      397.0000000000        0.0000316195
      398.0000000000        0.0000312253
      399.0000000000       -0.0000050265
      400.0000000000        0.0000482542
      401.0000000000        0.0000379839
      402.0000000000        0.0000215222
      403.0000000000        0.0000353308
      404.0000000000        0.0000312295
      405.0000000000        0.0000397895
      406.0000000000       -0.0000304902
      407.0000000000       -0.0000275474
      408.0000000000       -0.0000076426
      409.0000000000        0.0000200924
      410.0000000000        0.0000131969
      411.0000000000       -0.0000033471
      412.0000000000       -0.0000151783
      413.0000000000       -0.0000179889
      414.0000000000       -0.0000250062
      415.0000000000       -0.0000152375
      416.0000000000        0.0000002077
      417.0000000000       -0.0000045826
      418.0000000000        0.0000088733
      419.0000000000       -0.0000410157
      420.0000000000       -0.0000086604
      421.0000000000        0.0000192419
      422.0000000000        0.0000152729
      423.0000000000       -0.0000089426
      424.0000000000        0.0000100839
      425.0000000000        0.0000158343
      426.0000000000        0.0000298714
      427.0000000000        0.0000275148
      428.0000000000       -0.0000405081
      429.0000000000       -0.0000007601
      430.0000000000       -0.0000089376
      431.0000000000       -0.0000142918
      432.0000000000       -0.0000286098
      433.0000000000       -0.0000068544
      434.0000000000        0.0000170733
      435.0000000000       -0.0000074095
      436.0000000000        0.0000358244
      437.0000000000       -0.0000096324
      438.0000000000        0.0000373127
      439.0000000000        0.0000185141
      440.0000000000        0.0000231592
      441.0000000000        0.0000034912
      442.0000000000        0.0000208471
      443.0000000000        0.0000341004
      444.0000000000        0.0000246899
      445.0000000000        0.0000036675
      446.0000000000        0.0000421046
      447.0000000000        0.0000663636
      448.0000000000        0.0000670393
      449.0000000000        0.0000627509
      450.0000000000        0.0000399575
      451.0000000000        0.0000309115
      452.0000000000        0.0000009298
      453.0000000000       -0.0000024350
      454.0000000000        0.0000160740
      455.0000000000        0.0000489891
      456.0000000000        0.0000489522
      457.0000000000        0.0000331132
      458.0000000000        0.0000233842
      459.0000000000        0.0000076027
      460.0000000000        0.0000172221
      461.0000000000        0.0000400171
      462.0000000000        0.0000142091
      463.0000000000        0.0000220746
      464.0000000000       -0.0000013818
      465.0000000000        0.0000173453
      466.0000000000        0.0000098555
      467.0000000000       -0.0000186687
      468.0000000000       -0.0000307903
      469.0000000000        0.0000075762
      470.0000000000        0.0000116017
      471.0000000000       -0.0000162272
      472.0000000000       -0.0000070183
      473.0000000000        0.0000053594
      474.0000000000        0.0000420848
      475.0000000000        0.0000417886
      476.0000000000        0.0000542798
      477.0000000000        0.0000625519
      478.0000000000        0.0000401839
      479.0000000000        0.0000439201
      480.0000000000        0.0000144799
      481.0000000000        0.0000362095
      482.0000000000        0.0000362702
      483.0000000000        0.0000615308
      484.0000000000        0.0000470000
      485.0000000000        0.0000278721
      486.0000000000        0.0000350940
      487.0000000000        0.0000110549
      488.0000000000       -0.0000012672
      489.0000000000        0.0000290195
      490.0000000000        0.0000310885
      491.0000000000        0.0000100443
      492.0000000000        0.0000298921
      493.0000000000        0.0000102998
      494.0000000000        0.0000363313
      495.0000000000        0.0000708681
      496.0000000000        0.0000851245
      497.0000000000        0.0000427256
      498.0000000000       -0.0000124580
      499.0000000000        0.0000084154
      500.0000000000        0.0000101477
      501.0000000000        0.0000123691
      502.0000000000        0.0000121865
      503.0000000000       -0.0000258290
      504.0000000000        0.0000102180
      505.0000000000        0.0000131296
      506.0000000000        0.0000223216
      507.0000000000        0.0000225408
      508.0000000000        0.0000622493
      509.0000000000        0.0000409432
      510.0000000000        0.0000192285
      511.0000000000        0.0000345986
      512.0000000000        0.0000260773
      513.0000000000        0.0000285542
      514.0000000000       -0.0000145763
      515.0000000000       -0.0000409831
      516.0000000000       -0.0000153943
      517.0000000000       -0.0000277020
      518.0000000000       -0.0000254249
      519.0000000000       -0.0000268691
      520.0000000000       -0.0000681913
      521.0000000000       -0.0000265347
      522.0000000000        0.0000030673
      523.0000000000       -0.0000336377
      524.0000000000       -0.0000357310
      525.0000000000       -0.0000010415
      526.0000000000       -0.0000156675
      527.0000000000        0.0000040598
      528.0000000000       -0.0000052484
      529.0000000000       -0.0000117832
      530.0000000000       -0.0000169603
      531.0000000000        0.0000122377
      532.0000000000        0.0000359922
      533.0000000000        0.0000326884
      534.0000000000        0.0000307927
      535.0000000000        0.0000150600
      536.0000000000        0.0000286332
      537.0000000000        0.0000051356
      538.0000000000        0.0000088936
      539.0000000000        0.0000204161
      540.0000000000        0.0000151377
      541.0000000000        0.0000106115
      542.0000000000        0.0000238298
      543.0000000000        0.0000144283
      544.0000000000        0.0000062945
      545.0000000000        0.0000059000
      546.0000000000       -0.0000038507
      547.0000000000        0.0000181311
      548.0000000000        0.0000076199
      549.0000000000       -0.0000227488
      550.0000000000        0.0000032753
      551.0000000000       -0.0000017334
      552.0000000000        0.0000120270
      553.0000000000        0.0000226133
      554.0000000000        0.0000391139
      555.0000000000        0.0000269216
      556.0000000000        0.0000071388
      557.0000000000        0.0000224517
      558.0000000000       -0.0000104011
      559.0000000000        0.0000460213
      560.0000000000        0.0000200766
      561.0000000000        0.0000238391
      562.0000000000        0.0000225585
      563.0000000000        0.0000424220
      564.0000000000       -0.0000105453
      565.0000000000       -0.0000236206
      566.0000000000        0.0000528418
      567.0000000000        0.0000724932
      568.0000000000        0.0000782300
      569.0000000000        0.0000595875
      570.0000000000        0.0000346283
      571.0000000000        0.0000173589
      572.0000000000       -0.0000076934
      573.0000000000       -0.0000043611
      574.0000000000        0.0000111640
      575.0000000000        0.0000481665
      576.0000000000        0.0000431400
      577.0000000000        0.0000427154
      578.0000000000        0.0000425433
      579.0000000000        0.0000137639
      580.0000000000        0.0000004760
      581.0000000000       -0.0000156898
      582.0000000000       -0.0000165783
      583.0000000000        0.0000360055
      584.0000000000        0.0000255870
      585.0000000000        0.0000566851
      586.0000000000        0.0000708083
      587.0000000000        0.0000299204
      588.0000000000        0.0000181989
      589.0000000000        0.0000033729
      590.0000000000       -0.0000347452
      591.0000000000       -0.0000493548
      592.0000000000       -0.0000207363
      593.0000000000       -0.0000198713
      594.0000000000       -0.0000288919
      595.0000000000       -0.0000201942
      596.0000000000       -0.0000464328
      597.0000000000       -0.0000015710
      598.0000000000       -0.0000361016
      599.0000000000        0.0000188190
      600.0000000000        0.0000146614
      601.0000000000        0.0000028689
      602.0000000000        0.0000372216
      603.0000000000        0.0000055532
      604.0000000000        0.0000126870
      605.0000000000       -0.0000106911
      606.0000000000       -0.0000026344
      607.0000000000        0.0000089066
      608.0000000000        0.0000139160
      609.0000000000        0.0000500064
      610.0000000000        0.0000534641
      611.0000000000        0.0000493896
      612.0000000000        0.0000691470
      613.0000000000        0.0000457449
      614.0000000000        0.0000725094
      615.0000000000        0.0000338002
      616.0000000000       -0.0000181177
      617.0000000000       -0.0000466192
      618.0000000000       -0.0000215769
      619.0000000000       -0.0000010525
      620.0000000000       -0.0000140530
      621.0000000000       -0.0000054778
      622.0000000000       -0.0000143086
      623.0000000000       -0.0000576349
      624.0000000000       -0.0000384471
      625.0000000000        0.0000081298
      626.0000000000        0.0000038967
      627.0000000000        0.0000093398
      628.0000000000        0.0000185281
      629.0000000000        0.0000047819
      630.0000000000       -0.0000090991
      631.0000000000       -0.0000124399
      632.0000000000       -0.0000273090
      633.0000000000       -0.0000190332
      634.0000000000       -0.0000323237
      635.0000000000       -0.0000269405
      636.0000000000       -0.0000227847
      637.0000000000       -0.0000027713
      638.0000000000       -0.0000154907
      639.0000000000       -0.0000463235
      640.0000000000       -0.0000347582
      641.0000000000        0.0000154155
      642.0000000000        0.0000284881
      643.0000000000        0.0000095071
      644.0000000000        0.0000170982
      645.0000000000       -0.0000020541
      646.0000000000        0.0000133180
      647.0000000000        0.0000184674
      648.0000000000        0.0000150852
      649.0000000000        0.0000549327
      650.0000000000        0.0000498415
      651.0000000000        0.0000177814
      652.0000000000        0.0000561531
      653.0000000000        0.0000369478
      654.0000000000        0.0000075802
      655.0000000000        0.0000025366
      656.0000000000       -0.0000130159
      657.0000000000       -0.0000175613
      658.0000000000        0.0000097440
      659.0000000000        0.0000026092
      660.0000000000        0.0000306980
      661.0000000000        0.0000202042
      662.0000000000       -0.0000259037
      663.0000000000       -0.0000440594
      664.0000000000       -0.0000289197
      665.0000000000       -0.0000044493
      666.0000000000        0.0000309284
      667.0000000000        0.0000542077
      668.0000000000        0.0000548786
      669.0000000000        0.0000442048
      670.0000000000       -0.0000055921
      671.0000000000       -0.0000070166
      672.0000000000       -0.0000121952
      673.0000000000       -0.0000324738
      674.0000000000       -0.0000342791
      675.0000000000       -0.0000248532
      676.0000000000       -0.0000101767
      677.0000000000       -0.0000255922
      678.0000000000       -0.0000028351
      679.0000000000       -0.0000254911
      680.0000000000       -0.0000308922
      681.0000000000       -0.0000104951
      682.0000000000        0.0000279463
      683.0000000000        0.0000182422
      684.0000000000       -0.0000171856
      685.0000000000       -0.0000379823
      686.0000000000        0.0000248512
      687.0000000000        0.0000167043
      688.0000000000        0.0000017874
      689.0000000000       -0.0000096993
      690.0000000000        0.0000186496
      691.0000000000        0.0000394025
      692.0000000000        0.0000095617
      693.0000000000       -0.0000169670
      694.0000000000        0.0000157040
      695.0000000000        0.0000065832
      696.0000000000        0.0000485746
      697.0000000000        0.0000301286
      698.0000000000       -0.0000179284
      699.0000000000       -0.0000145794
      700.0000000000        0.0000070095
      701.0000000000       -0.0000288234
      702.0000000000       -0.0000077894
      703.0000000000       -0.0000080117
      704.0000000000       -0.0000164724
      705.0000000000        0.0000039583
      706.0000000000        0.0000577322
      707.0000000000        0.0000250769
      708.0000000000        0.0000024465
      709.0000000000        0.0000072814
      710.0000000000        0.0000255144
      711.0000000000        0.0000732567
      712.0000000000        0.0000344646
      713.0000000000       -0.0000205460
      714.0000000000       -0.0000057625
      715.0000000000        0.0000126950
      716.0000000000        0.0000514465
      717.0000000000        0.0000328986
      718.0000000000        0.0000098666
      719.0000000000        0.0000010115
      720.0000000000        0.0000459583
      721.0000000000        0.0000600438
      722.0000000000        0.0000397288
      723.0000000000        0.0000297957
      724.0000000000        0.0000214939
      725.0000000000        0.0000223052
      726.0000000000        0.0000082310
      727.0000000000       -0.0000212001
      728.0000000000        0.0000303744
      729.0000000000        0.0000358845
      730.0000000000        0.0000696397
      731.0000000000        0.0000561590
      732.0000000000        0.0000198341
      733.0000000000        0.0000726513
      734.0000000000        0.0000516118
      735.0000000000        0.0000385107
      736.0000000000        0.0000167476
      737.0000000000       -0.0000168053
      738.0000000000       -0.0000309723
      739.0000000000       -0.0000191476
      740.0000000000       -0.0000084880
      741.0000000000       -0.0000457542
      742.0000000000       -0.0000147327
      743.0000000000        0.0000238554
      744.0000000000        0.0000200269
      745.0000000000       -0.0000216505
      746.0000000000       -0.0000128211
      747.0000000000       -0.0000026274
      748.0000000000       -0.0000344220
      749.0000000000        0.0000080122
      750.0000000000       -0.0000105884
      751.0000000000       -0.0000307920
      752.0000000000        0.0000088942
      753.0000000000        0.0000125031
      754.0000000000        0.0000178472
      755.0000000000        0.0000173678
      756.0000000000        0.0000043948
      757.0000000000        0.0000221928
      758.0000000000       -0.0000053069
      759.0000000000       -0.0000385156
      760.0000000000       -0.0000160554
      761.0000000000       -0.0000296690
      762.0000000000       -0.0000431217
      763.0000000000       -0.0000011745
      764.0000000000        0.0000307196
      765.0000000000        0.0000013531
      766.0000000000        0.0000293146
      767.0000000000        0.0000211819
      768.0000000000        0.0000084171
      769.0000000000       -0.0000038545
      770.0000000000       -0.0000317150
      771.0000000000       -0.0000373538
      772.0000000000       -0.0000114401
      773.0000000000       -0.0000047109
      774.0000000000       -0.0000175337
      775.0000000000       -0.0000140382
      776.0000000000        0.0000150570
      777.0000000000        0.0000262556
      778.0000000000        0.0000163551
      779.0000000000       -0.0000159714
      780.0000000000       -0.0000122879
      781.0000000000       -0.0000221610
      782.0000000000        0.0000248432
      783.0000000000        0.0000302604
      784.0000000000        0.0000027396
      785.0000000000        0.0000083399
      786.0000000000        0.0000052843
      787.0000000000        0.0000441868
      788.0000000000        0.0000729265
      789.0000000000        0.0000535841
      790.0000000000        0.0000304027
      791.0000000000       -0.0000093896
      792.0000000000        0.0000029824
      793.0000000000        0.0000116308
      794.0000000000       -0.0000199296
      795.0000000000       -0.0000310655
      796.0000000000       -0.0000163094
      797.0000000000        0.0000037278
      798.0000000000        0.0000167288
      799.0000000000        0.0000235471
      800.0000000000        0.0000143233
      801.0000000000        0.0000295721
      802.0000000000        0.0000299258
      803.0000000000       -0.0000039903
      804.0000000000        0.0000009332
      805.0000000000       -0.0000043903
      806.0000000000       -0.0000267408
      807.0000000000       -0.0000201614
      808.0000000000       -0.0000328910
      809.0000000000        0.0000029515
      810.0000000000       -0.0000055304
      811.0000000000       -0.0000491220
      812.0000000000       -0.0000224570
      813.0000000000        0.0000004325
      814.0000000000        0.0000250872
      815.0000000000       -0.0000213472
      816.0000000000        0.0000160851
      817.0000000000        0.0000347787
      818.0000000000        0.0000025965
      819.0000000000       -0.0000109273
      820.0000000000        0.0000153525
      821.0000000000        0.0000167177
      822.0000000000        0.0000203972
      823.0000000000        0.0000162303
      824.0000000000        0.0000115702
      825.0000000000       -0.0000320423
      826.0000000000       -0.0000062854
      827.0000000000       -0.0000185637
      828.0000000000        0.0000002662
      829.0000000000        0.0000058528
      830.0000000000       -0.0000071615
      831.0000000000       -0.0000087275
      832.0000000000        0.0000022216
      833.0000000000       -0.0000128477
      834.0000000000       -0.0000210045
      835.0000000000       -0.0000570277
      836.0000000000        0.0000016805
      837.0000000000        0.0000056936
      838.0000000000        0.0000025621
      839.0000000000        0.0000057514
      840.0000000000       -0.0000086952
      841.0000000000       -0.0000102817
      842.0000000000       -0.0000294967
      843.0000000000       -0.0000278453
      844.0000000000       -0.0000071144
      845.0000000000       -0.0000187947
      846.0000000000       -0.0000051847
      847.0000000000       -0.0000021481
      848.0000000000        0.0000117464
      849.0000000000        0.0000257276
      850.0000000000        0.0000353412
      851.0000000000        0.0000252590
      852.0000000000        0.0000502036
      853.0000000000        0.0000396710
      854.0000000000        0.0000252412
      855.0000000000       -0.0000262118
      856.0000000000       -0.0000295978
      857.0000000000       -0.0000144228
      858.0000000000       -0.0000165240
      859.0000000000        0.0000139918
      860.0000000000        0.0000022824
      861.0000000000        0.0000036342
      862.0000000000        0.0000406020
      863.0000000000        0.0000623013
      864.0000000000        0.0000588249
      865.0000000000        0.0000497440
      866.0000000000        0.0000237190
      867.0000000000        0.0000307889
      868.0000000000       -0.0000006683
      869.0000000000        0.0000092721
      870.0000000000       -0.0000283603
      871.0000000000       -0.0000530234
      872.0000000000       -0.0000526414
      873.0000000000       -0.0000351778
      874.0000000000        0.0000181727
      875.0000000000       -0.0000071213
      876.0000000000       -0.0000269559
      877.0000000000       -0.0000247540
      878.0000000000       -0.0000216516
      879.0000000000       -0.0000084591
      880.0000000000       -0.0000431486
      881.0000000000       -0.0000810504
      882.0000000000       -0.0000629327
      883.0000000000       -0.0000649545
      884.0000000000       -0.0000296210
      885.0000000000       -0.0000043524
      886.0000000000        0.0000247913
      887.0000000000        0.0000172360
      888.0000000000        0.0000562761
      889.0000000000        0.0000603727
      890.0000000000        0.0000419091
      891.0000000000        0.0000590420
      892.0000000000        0.0000253351
      893.0000000000        0.0000115138
      894.0000000000        0.0000210554
      895.0000000000        0.0000293138
      896.0000000000        0.0000081236
      897.0000000000        0.0000117578
      898.0000000000       -0.0000127151
      899.0000000000       -0.0000256791
      900.0000000000       -0.0000388942
      901.0000000000       -0.0000695724
      902.0000000000       -0.0000871577
      903.0000000000       -0.0000625421
      904.0000000000       -0.0000507367
      905.0000000000       -0.0000307249
      906.0000000000       -0.0000379241
      907.0000000000       -0.0000173896
      908.0000000000       -0.0000223641
      909.0000000000        0.0000002915
      910.0000000000        0.0000102103
      911.0000000000       -0.0000315056
      912.0000000000       -0.0000356325
      913.0000000000       -0.0000190872
      914.0000000000       -0.0000682310
      915.0000000000       -0.0000138492
      916.0000000000        0.0000046593
      917.0000000000       -0.0000154763
      918.0000000000       -0.0000318857
      919.0000000000       -0.0000356785
      920.0000000000       -0.0000128709
      921.0000000000        0.0000233879
      922.0000000000        0.0000080094
      923.0000000000       -0.0000019220
      924.0000000000        0.0000090880
      925.0000000000       -0.0000228788
      926.0000000000       -0.0000344269
      927.0000000000       -0.0000508582
      928.0000000000       -0.0000306209
      929.0000000000        0.0000234576
      930.0000000000        0.0000111922
      931.0000000000        0.0000097234
      932.0000000000        0.0000250494
      933.0000000000       -0.0000187106
      934.0000000000       -0.0000090972
      935.0000000000        0.0000010715
      936.0000000000        0.0000042644
      937.0000000000        0.0000459976
      938.0000000000        0.0000321995
      939.0000000000        0.0000708387
      940.0000000000        0.0000379082
      941.0000000000        0.0000489172
      942.0000000000        0.0000446781
      943.0000000000        0.0000106927
      944.0000000000        0.0000059019
      945.0000000000        0.0000221169
      946.0000000000        0.0000399217
      947.0000000000        0.0000136813
      948.0000000000        0.0000369163
      949.0000000000        0.0000336500
      950.0000000000        0.0000234311
      951.0000000000        0.0000051689
      952.0000000000       -0.0000151016
      953.0000000000       -0.0000254787
      954.0000000000       -0.0000170964
      955.0000000000       -0.0000492284
      956.0000000000       -0.0000363328
      957.0000000000        0.0000035696
      958.0000000000        0.0000206742
      959.0000000000        0.0000281484
      960.0000000000        0.0000186942
      961.0000000000        0.0000400915
      962.0000000000        0.0000376280
      963.0000000000        0.0000172893
      964.0000000000        0.0000121548
      965.0000000000        0.0000485962
      966.0000000000        0.0000360579
      967.0000000000        0.0000577928
      968.0000000000        0.0000154519
      969.0000000000        0.0000367536
      970.0000000000        0.0000232300
      971.0000000000        0.0000352760
      972.0000000000        0.0000095070
      973.0000000000        0.0000436103
      974.0000000000        0.0000202520
      975.0000000000        0.0000187680
      976.0000000000       -0.0000065282
      977.0000000000       -0.0000105737
      978.0000000000       -0.0000253221
      979.0000000000       -0.0000299630
      980.0000000000       -0.0000169070
      981.0000000000       -0.0000254482
      982.0000000000        0.0000122888
      983.0000000000        0.0000368497
      984.0000000000        0.0000301052
      985.0000000000        0.0000317194
      986.0000000000        0.0000159201
      987.0000000000        0.0000140393
      988.0000000000        0.0000102897
      989.0000000000        0.0000485238
      990.0000000000        0.0000255737
      991.0000000000        0.0000072594
      992.0000000000       -0.0000074131
      993.0000000000        0.0000038733
      994.0000000000        0.0000090455
      995.0000000000        0.0000415022
      996.0000000000        0.0000542984
      997.0000000000        0.0000565160
      998.0000000000        0.0000103782
      999.0000000000       -0.0000037644
     1000.0000000000       -0.0000187887
     1001.0000000000       -0.0000205946
     1002.0000000000       -0.0000009075
     1003.0000000000        0.0000271323
     1004.0000000000        0.0000231967
     1005.0000000000        0.0000562309
     1006.0000000000        0.0000319669
     1007.0000000000       -0.0000185957
     1008.0000000000       -0.0000554503
     1009.0000000000       -0.0000222170
     1010.0000000000       -0.0000441020
     1011.0000000000       -0.0000642888
     1012.0000000000       -0.0000300951
     1013.0000000000       -0.0000393990
     1014.0000000000       -0.0000388788
     1015.0000000000       -0.0000460350
     1016.0000000000       -0.0000108776
     1017.0000000000       -0.0000116333
     1018.0000000000       -0.0000222914
     1019.0000000000       -0.0000263716
     1020.0000000000       -0.0000205028
     1021.0000000000       -0.0000089328
     1022.0000000000        0.0000178419
     1023.0000000000       -0.0000045647
     1024.0000000000       -0.0000718664
     1025.0000000000       -0.0000311604
     1026.0000000000       -0.0000114532
     1027.0000000000       -0.0000412322
     1028.0000000000       -0.0000184500
     1029.0000000000       -0.0000046643
     1030.0000000000        0.0000064754
     1031.0000000000        0.0000220551
     1032.0000000000        0.0000255422
     1033.0000000000       -0.0000012775
     1034.0000000000        0.0000120144
     1035.0000000000        0.0000342422
     1036.0000000000        0.0000035874
     1037.0000000000        0.0000092018
     1038.0000000000        0.0000071807
     1039.0000000000       -0.0000216471
     1040.0000000000       -0.0000163217
     1041.0000000000       -0.0000026534
     1042.0000000000        0.0000026593
     1043.0000000000        0.0000125885
     1044.0000000000       -0.0000142150
     1045.0000000000       -0.0000006573
     1046.0000000000        0.0000317310
     1047.0000000000        0.0000006416
     1048.0000000000        0.0000157465
     1049.0000000000        0.0000223507
     1050.0000000000        0.0000124963
     1051.0000000000        0.0000225524
     1052.0000000000        0.0000091803
     1053.0000000000        0.0000030839
     1054.0000000000       -0.0000207272
     1055.0000000000       -0.0000199947
     1056.0000000000       -0.0000109607
     1057.0000000000       -0.0000562402
     1058.0000000000       -0.0000401268
     1059.0000000000       -0.0000046905
     1060.0000000000       -0.0000127657
     1061.0000000000       -0.0000448790
     1062.0000000000       -0.0000433300
     1063.0000000000       -0.0000426009
     1064.0000000000       -0.0000361699
     1065.0000000000       -0.0000089792
     1066.0000000000       -0.0000241573
     1067.0000000000       -0.0000335739
     1068.0000000000       -0.0000562174
     1069.0000000000       -0.0000157736
     1070.0000000000       -0.0000108978
     1071.0000000000       -0.0000272078
     1072.0000000000       -0.0000168934
     1073.0000000000       -0.0000065121
     1074.0000000000       -0.0000401131
     1075.0000000000       -0.0000340365
     1076.0000000000        0.0000183095
     1077.0000000000        0.0000015823
     1078.0000000000        0.0000281581
     1079.0000000000        0.0000192023
     1080.0000000000        0.0000147713
     1081.0000000000       -0.0000058011
     1082.0000000000        0.0000033324
     1083.0000000000       -0.0000102072
     1084.0000000000        0.0000224971
     1085.0000000000       -0.0000061108
     1086.0000000000       -0.0000041608
     1087.0000000000       -0.0000386397
     1088.0000000000       -0.0000175894
     1089.0000000000        0.0000116633
     1090.0000000000        0.0000147135
     1091.0000000000        0.0000234158
     1092.0000000000       -0.0000274019
     1093.0000000000       -0.0000465117
     1094.0000000000       -0.0000413008
     1095.0000000000       -0.0000446536
     1096.0000000000       -0.0000141138
     1097.0000000000       -0.0000133577
     1098.0000000000        0.0000292944
     1099.0000000000        0.0000109435
     1100.0000000000        0.0000216688
     1101.0000000000        0.0000046442
     1102.0000000000        0.0000034708
     1103.0000000000        0.0000007114
     1104.0000000000       -0.0000064050
     1105.0000000000        0.0000363435
     1106.0000000000        0.0000278495
     1107.0000000000        0.0000328717
     1108.0000000000        0.0000201310
     1109.0000000000       -0.0000020598
     1110.0000000000        0.0000208748
     1111.0000000000        0.0000251301
     1112.0000000000        0.0000720879
     1113.0000000000        0.0000840538
     1114.0000000000        0.0000669474
     1115.0000000000        0.0000460782
     1116.0000000000        0.0000030601
     1117.0000000000       -0.0000080897
     1118.0000000000       -0.0000192619
     1119.0000000000       -0.0000251693
     1120.0000000000       -0.0000288775
     1121.0000000000       -0.0000271614
     1122.0000000000       -0.0000478360
     1123.0000000000       -0.0000508991
     1124.0000000000       -0.0000264275
     1125.0000000000        0.0000023182
     1126.0000000000       -0.0000148311
     1127.0000000000       -0.0000184641
     1128.0000000000       -0.0000088482
     1129.0000000000        0.0000181523
     1130.0000000000       -0.0000078727
     1131.0000000000       -0.0000183227
     1132.0000000000       -0.0000323506
     1133.0000000000        0.0000101835
     1134.0000000000        0.0000199858
     1135.0000000000        0.0000372494
     1136.0000000000        0.0000150117
     1137.0000000000        0.0000258266
     1138.0000000000        0.0000033908
     1139.0000000000       -0.0000026929
     1140.0000000000        0.0000464056
     1141.0000000000        0.0000348873
     1142.0000000000        0.0000548224
     1143.0000000000        0.0000415340
     1144.0000000000        0.0000550964
     1145.0000000000       -0.0000032438
     1146.0000000000       -0.0000081280
     1147.0000000000       -0.0000009370
     1148.0000000000        0.0000039649
     1149.0000000000       -0.0000082966
     1150.0000000000        0.0000353455
     1151.0000000000        0.0000183585
     1152.0000000000        0.0000450026
     1153.0000000000        0.0000746027
     1154.0000000000        0.0000843992
     1155.0000000000        0.0000677039
     1156.0000000000        0.0000422929
     1157.0000000000        0.0000567598
     1158.0000000000        0.0000531336
     1159.0000000000        0.0000256252
     1160.0000000000        0.0000156205
     1161.0000000000        0.0000449008
     1162.0000000000        0.0000162849
     1163.0000000000        0.0000170310
     1164.0000000000        0.0000210503
     1165.0000000000       -0.0000131610
     1166.0000000000        0.0000141130
     1167.0000000000        0.0000105381
     1168.0000000000       -0.0000002428
     1169.0000000000        0.0000468769
     1170.0000000000        0.0000415633
     1171.0000000000        0.0000104660
     1172.0000000000       -0.0000021155
     1173.0000000000       -0.0000087033
     1174.0000000000       -0.0000201835
     1175.0000000000       -0.0000235411
     1176.0000000000       -0.0000005663
     1177.0000000000       -0.0000115924
     1178.0000000000        0.0000019512
     1179.0000000000        0.0000274704
     1180.0000000000        0.0000151408
     1181.0000000000        0.0000397780
     1182.0000000000        0.0000258880
     1183.0000000000        0.0000271626
     1184.0000000000        0.0000189231
     1185.0000000000        0.0000105038
     1186.0000000000       -0.0000118802
     1187.0000000000       -0.0000108386
     1188.0000000000       -0.0000196633
     1189.0000000000       -0.0000496565
     1190.0000000000       -0.0000269731
     1191.0000000000        0.0000260648
     1192.0000000000        0.0000308580
     1193.0000000000        0.0000389346
     1194.0000000000        0.0000491900
     1195.0000000000        0.0000276527
     1196.0000000000        0.0000415451
     1197.0000000000        0.0000079541
     1198.0000000000        0.0000037657
     1199.0000000000        0.0000448683
     1200.0000000000       -0.0000015053
     1201.0000000000       -0.0000354811
     1202.0000000000       -0.0000352316
     1203.0000000000        0.0000148419
     1204.0000000000        0.0000258203
     1205.0000000000       -0.0000067631
     1206.0000000000        0.0000180983
     1207.0000000000        0.0000298028
     1208.0000000000       -0.0000164598
     1209.0000000000       -0.0000312801
     1210.0000000000       -0.0000033089
     1211.0000000000       -0.0000206772
     1212.0000000000       -0.0000012900
     1213.0000000000        0.0000191626
     1214.0000000000        0.0000012029
     1215.0000000000        0.0000134034
     1216.0000000000        0.0000344901
     1217.0000000000        0.0000061018
     1218.0000000000       -0.0000016015
     1219.0000000000       -0.0000091025
     1220.0000000000        0.0000140518
     1221.0000000000        0.0000541852
     1222.0000000000        0.0000276000
     1223.0000000000        0.0000616622
     1224.0000000000        0.0000446195
     1225.0000000000        0.0000279367
     1226.0000000000        0.0000230500
     1227.0000000000       -0.0000031399
     1228.0000000000        0.0000004819
     1229.0000000000       -0.0000069591
     1230.0000000000       -0.0000520555
     1231.0000000000        0.0000122614
     1232.0000000000       -0.0000076744
     1233.0000000000       -0.0000028621
     1234.0000000000       -0.0000155236
     1235.0000000000       -0.0000005614
     1236.0000000000        0.0000073873
     1237.0000000000        0.0000296042
     1238.0000000000        0.0000212563
     1239.0000000000        0.0000434147
     1240.0000000000        0.0000035190
     1241.0000000000       -0.0000037672
     1242.0000000000       -0.0000246017
     1243.0000000000       -0.0000360670
     1244.0000000000        0.0000282499
     1245.0000000000        0.0000361597
     1246.0000000000       -0.0000151402
     1247.0000000000        0.0000328103
     1248.0000000000        0.0000259148
     1249.0000000000        0.0000187028
     1250.0000000000        0.0000052041
     1251.0000000000       -0.0000118679
     1252.0000000000       -0.0000076898
     1253.0000000000       -0.0000014843
     1254.0000000000       -0.0000336689
     1255.0000000000        0.0000256360
     1256.0000000000        0.0000025600
     1257.0000000000       -0.0000166010
     1258.0000000000       -0.0000098733
     1259.0000000000       -0.0000380940
     1260.0000000000        0.0000000252
     1261.0000000000        0.0000372187
     1262.0000000000        0.0000104240
     1263.0000000000       -0.0000289388
     1264.0000000000        0.0000032755
     1265.0000000000        0.0000160134
     1266.0000000000       -0.0000412975
     1267.0000000000       -0.0000333218
     1268.0000000000       -0.0000783832
     1269.0000000000       -0.0000515630
     1270.0000000000       -0.0000438013
     1271.0000000000       -0.0000650326
     1272.0000000000       -0.0000701192
     1273.0000000000       -0.0000304045
     1274.0000000000       -0.0000628176
     1275.0000000000       -0.0000612945
     1276.0000000000       -0.0000516649
     1277.0000000000       -0.0000557475
     1278.0000000000       -0.0000276203
     1279.0000000000        0.0000102524
     1280.0000000000       -0.0000287215
     1281.0000000000       -0.0000164701
     1282.0000000000       -0.0000169148
     1283.0000000000       -0.0000394719
     1284.0000000000        0.0000045805
     1285.0000000000       -0.0000139348
     1286.0000000000        0.0000093188
     1287.0000000000       -0.0000160297
     1288.0000000000       -0.0000153077
     1289.0000000000        0.0000190893
     1290.0000000000        0.0000220324
     1291.0000000000       -0.0000164676
     1292.0000000000        0.0000009597
     1293.0000000000       -0.0000011924
     1294.0000000000       -0.0000148131
     1295.0000000000       -0.0000104540
     1296.0000000000        0.0000061084
     1297.0000000000        0.0000044875
     1298.0000000000       -0.0000130588
     1299.0000000000       -0.0000093442
     1300.0000000000       -0.0000127294
     1301.0000000000       -0.0000356931
     1302.0000000000       -0.0000214957
     1303.0000000000        0.0000225967
     1304.0000000000        0.0000230586
     1305.0000000000        0.0000269863
     1306.0000000000        0.0000399293
     1307.0000000000        0.0000159461
     1308.0000000000        0.0000185353
     1309.0000000000        0.0000474329
     1310.0000000000        0.0000357933
     1311.0000000000        0.0000299380
     1312.0000000000        0.0000782201
     1313.0000000000        0.0000721076
     1314.0000000000        0.0000392531
     1315.0000000000        0.0000075565
     1316.0000000000       -0.0000107305
     1317.0000000000        0.0000320507
     1318.0000000000       -0.0000006167
     1319.0000000000       -0.0000309261
     1320.0000000000        0.0000439924
     1321.0000000000        0.0000463719
     1322.0000000000        0.0000359138
     1323.0000000000        0.0000307703
     1324.0000000000        0.0000559514
     1325.0000000000        0.0000212260
     1326.0000000000        0.0000313107
     1327.0000000000        0.0000329780
     1328.0000000000        0.0000355556
     1329.0000000000        0.0000216202
     1330.0000000000        0.0000115215
     1331.0000000000       -0.0000041004
     1332.0000000000       -0.0000099160
     1333.0000000000        0.0000036585
     1334.0000000000        0.0000179697
     1335.0000000000        0.0000157277
     1336.0000000000        0.0000239216
     1337.0000000000       -0.0000063368
     1338.0000000000        0.0000356470
     1339.0000000000        0.0000039157
     1340.0000000000        0.0000133317
     1341.0000000000       -0.0000065590
     1342.0000000000        0.0000072173
     1343.0000000000       -0.0000195442
     1344.0000000000       -0.0000085629
     1345.0000000000        0.0000049709
     1346.0000000000        0.0000172611
     1347.0000000000        0.0000105468
     1348.0000000000        0.0000308246
     1349.0000000000        0.0000523501
     1350.0000000000        0.0000034910
     1351.0000000000        0.0000122785
     1352.0000000000        0.0000213245
     1353.0000000000        0.0000085429
     1354.0000000000        0.0000337688
     1355.0000000000       -0.0000026128
     1356.0000000000       -0.0000161657
     1357.0000000000        0.0000216375
     1358.0000000000       -0.0000360306
     1359.0000000000        0.0000051433
     1360.0000000000        0.0000103372
     1361.0000000000        0.0000384846
     1362.0000000000        0.0000302227
     1363.0000000000       -0.0000074643
     1364.0000000000       -0.0000227392
     1365.0000000000       -0.0000112797
     1366.0000000000        0.0000156846
     1367.0000000000       -0.0000122672
     1368.0000000000       -0.0000060293
     1369.0000000000       -0.0000183670
     1370.0000000000       -0.0000063119
     1371.0000000000       -0.0000064944
     1372.0000000000       -0.0000125406
     1373.0000000000       -0.0000026055
     1374.0000000000       -0.0000345851
     1375.0000000000       -0.0000549036
     1376.0000000000       -0.0000820547
     1377.0000000000       -0.0000767363
     1378.0000000000       -0.0000508772
     1379.0000000000       -0.0000402390
     1380.0000000000        0.0000261553
     1381.0000000000        0.0000559227
     1382.0000000000        0.0000093978
     1383.0000000000        0.0000333975
     1384.0000000000        0.0000287027
     1385.0000000000       -0.0000042562
     1386.0000000000       -0.0000088855
     1387.0000000000       -0.0000320991
     1388.0000000000       -0.0000277140
     1389.0000000000        0.0000073383
     1390.0000000000       -0.0000057010
     1391.0000000000       -0.0000286053
     1392.0000000000       -0.0000378949
     1393.0000000000        0.0000057876
     1394.0000000000       -0.0000143921
     1395.0000000000        0.0000202348
     1396.0000000000       -0.0000004854
     1397.0000000000       -0.0000338076
     1398.0000000000       -0.0000322831
     1399.0000000000       -0.0000210583
     1400.0000000000       -0.0000242420
     1401.0000000000       -0.0000749339
     1402.0000000000       -0.0000288651
     1403.0000000000        0.0000241005
     1404.0000000000        0.0000179566
     1405.0000000000       -0.0000096894
     1406.0000000000       -0.0000110166
     1407.0000000000        0.0000042926
     1408.0000000000        0.0000202988
     1409.0000000000       -0.0000003878
     1410.0000000000        0.0000108178
     1411.0000000000       -0.0000014291
     1412.0000000000       -0.0000335229
     1413.0000000000       -0.0000331763
     1414.0000000000        0.0000262779
     1415.0000000000       -0.0000204744
     1416.0000000000       -0.0000311438
     1417.0000000000       -0.0000471107
     1418.0000000000       -0.0000208614
     1419.0000000000       -0.0000036550
     1420.0000000000        0.0000027442
     1421.0000000000        0.0000131079
     1422.0000000000        0.0000051706
     1423.0000000000        0.0000280281
     1424.0000000000        0.0000620833
     1425.0000000000        0.0000280733
     1426.0000000000       -0.0000054026
     1427.0000000000        0.0000304895
     1428.0000000000        0.0000370856
     1429.0000000000        0.0000268686
     1430.0000000000        0.0000127812
     1431.0000000000        0.0000371230
     1432.0000000000        0.0000607097
     1433.0000000000        0.0000530818
     1434.0000000000        0.0000221524
     1435.0000000000        0.0000137025
     1436.0000000000        0.0000282177
     1437.0000000000        0.0000681630
     1438.0000000000        0.0000832701
     1439.0000000000        0.0000441033
     1440.0000000000        0.0000526558
     1441.0000000000        0.0000755904
     1442.0000000000        0.0000659591
     1443.0000000000        0.0000277579
     1444.0000000000        0.0000182854
     1445.0000000000        0.0000477612
     1446.0000000000        0.0000646950
     1447.0000000000        0.0000503725
     1448.0000000000        0.0000378369
     1449.0000000000        0.0000299342
     1450.0000000000        0.0000443997
     1451.0000000000        0.0000134494
     1452.0000000000        0.0000125663
     1453.0000000000        0.0000363640
     1454.0000000000        0.0000057315
     1455.0000000000       -0.0000017159
     1456.0000000000        0.0000534394
     1457.0000000000        0.0000435495
     1458.0000000000        0.0000532430
     1459.0000000000        0.0000426118
     1460.0000000000        0.0000435039
     1461.0000000000        0.0000362582
     1462.0000000000        0.0000174789
     1463.0000000000        0.0000301161
     1464.0000000000        0.0000309004
     1465.0000000000        0.0000245466
     1466.0000000000        0.0000342341
     1467.0000000000        0.0000270617
     1468.0000000000        0.0000257213
     1469.0000000000       -0.0000135591
     1470.0000000000       -0.0000118110
     1471.0000000000       -0.0000374802
     1472.0000000000       -0.0000163094
     1473.0000000000        0.0000110702
     1474.0000000000        0.0000187290
     1475.0000000000        0.0000219254
     1476.0000000000        0.0000154366
     1477.0000000000        0.0000066160
     1478.0000000000       -0.0000053551
     1479.0000000000       -0.0000010391
     1480.0000000000       -0.0000481947
     1481.0000000000        0.0000019225
     1482.0000000000        0.0000114501
     1483.0000000000        0.0000055404
     1484.0000000000       -0.0000287799
     1485.0000000000       -0.0000236642
     1486.0000000000       -0.0000386586
     1487.0000000000       -0.0000112894
     1488.0000000000       -0.0000369955
     1489.0000000000       -0.0000281350
     1490.0000000000       -0.0000532562
     1491.0000000000       -0.0000392910
     1492.0000000000       -0.0000259612
     1493.0000000000       -0.0000155535
     1494.0000000000       -0.0000560375
     1495.0000000000       -0.0000687109
     1496.0000000000       -0.0000364318
     1497.0000000000       -0.0000175927
     1498.0000000000        0.0000164229
     1499.0000000000        0.0000388357
     1500.0000000000       -0.0000062386
     1501.0000000000        0.0000041300
     1502.0000000000        0.0000011153
     1503.0000000000        0.0000235705
     1504.0000000000        0.0000319085
     1505.0000000000        0.0000391768
     1506.0000000000        0.0000647361
     1507.0000000000        0.0000571751
     1508.0000000000        0.0000520413
     1509.0000000000       -0.0000045465
     1510.0000000000        0.0000409525
     1511.0000000000        0.0000444433
     1512.0000000000        0.0000490511
     1513.0000000000        0.0000031316
     1514.0000000000        0.0000194786
     1515.0000000000        0.0000465547
     1516.0000000000        0.0000485641
     1517.0000000000        0.0000614569
     1518.0000000000        0.0000542530
     1519.0000000000        0.0000627164
     1520.0000000000        0.0000533818
     1521.0000000000        0.0000176940
     1522.0000000000        0.0000199876
     1523.0000000000       -0.0000024650
     1524.0000000000       -0.0000133801
     1525.0000000000       -0.0000259519
     1526.0000000000       -0.0000503294
     1527.0000000000       -0.0000083867
     1528.0000000000       -0.0000477186
     1529.0000000000        0.0000016222
     1530.0000000000       -0.0000284596
     1531.0000000000       -0.0000378541
     1532.0000000000       -0.0000140294
     1533.0000000000       -0.0000212967
     1534.0000000000       -0.0000573721
     1535.0000000000       -0.0000571094
     1536.0000000000       -0.0000467058
     1537.0000000000        0.0000060318
     1538.0000000000        0.0000186722
     1539.0000000000        0.0000455327
     1540.0000000000        0.0000337471
     1541.0000000000        0.0000467912
     1542.0000000000        0.0000368210
     1543.0000000000        0.0000214249
     1544.0000000000        0.0000184579
     1545.0000000000       -0.0000001061
     1546.0000000000       -0.0000214561
     1547.0000000000       -0.0000587949
     1548.0000000000       -0.0000111502
     1549.0000000000       -0.0000208219
     1550.0000000000       -0.0000177952
     1551.0000000000       -0.0000164689
     1552.0000000000       -0.0000303663
     1553.0000000000       -0.0000198269
     1554.0000000000        0.0000109490
     1555.0000000000        0.0000459407
     1556.0000000000        0.0000434347
     1557.0000000000        0.0000448902
     1558.0000000000        0.0000593098
     1559.0000000000        0.0000180947
     1560.0000000000        0.0000167204
     1561.0000000000       -0.0000126763
     1562.0000000000        0.0000307270
     1563.0000000000        0.0000204923
     1564.0000000000        0.0000265836
     1565.0000000000        0.0000121372
     1566.0000000000        0.0000603318
     1567.0000000000        0.0000467469
     1568.0000000000        0.0000203083
     1569.0000000000        0.0000569335
     1570.0000000000        0.0000477413
     1571.0000000000        0.0000282082
     1572.0000000000        0.0000340196
     1573.0000000000        0.0000529148
     1574.0000000000       -0.0000144570
     1575.0000000000        0.0000252870
     1576.0000000000        0.0000197619
     1577.0000000000       -0.0000075447
     1578.0000000000       -0.0000240968
     1579.0000000000       -0.0000460250
     1580.0000000000       -0.0000182602
     1581.0000000000        0.0000001966
     1582.0000000000        0.0000195277
     1583.0000000000       -0.0000051178
     1584.0000000000       -0.0000225179
     1585.0000000000       -0.0000089496
     1586.0000000000       -0.0000091968
     1587.0000000000        0.0000034418
     1588.0000000000        0.0000093479
     1589.0000000000        0.0000307228
     1590.0000000000        0.0000309568
     1591.0000000000       -0.0000005073
     1592.0000000000        0.0000004495
     1593.0000000000       -0.0000021673
     1594.0000000000       -0.0000181305
     1595.0000000000       -0.0000441543
     1596.0000000000       -0.0000047670
     1597.0000000000       -0.0000059968
     1598.0000000000       -0.0000388244
     1599.0000000000       -0.0000561169
     1600.0000000000        0.0000033669
     1601.0000000000       -0.0000176165
     1602.0000000000        0.0000074890
     1603.0000000000        0.0000248854
     1604.0000000000        0.0000259316
     1605.0000000000        0.0000369530
     1606.0000000000        0.0000221972
     1607.0000000000        0.0000333013
     1608.0000000000        0.0000150177
     1609.0000000000        0.0000367265
     1610.0000000000        0.0000419340
     1611.0000000000        0.0000328568
     1612.0000000000       -0.0000197799
     1613.0000000000        0.0000217159
     1614.0000000000        0.0000198358
     1615.0000000000        0.0000386361
     1616.0000000000        0.0000190615
     1617.0000000000        0.0000357527
     1618.0000000000        0.0000197217
     1619.0000000000        0.0000368326
     1620.0000000000        0.0000346399
     1621.0000000000        0.0000318487
     1622.0000000000        0.0000234429
     1623.0000000000       -0.0000141184
     1624.0000000000       -0.0000182083
     1625.0000000000       -0.0000107849
     1626.0000000000       -0.0000021724
     1627.0000000000        0.0000217694
     1628.0000000000       -0.0000187150
     1629.0000000000        0.0000231048
     1630.0000000000        0.0000258273
     1631.0000000000        0.0000164154
     1632.0000000000        0.0000097091
     1633.0000000000        0.0000263754
     1634.0000000000        0.0000179433
     1635.0000000000        0.0000039154
     1636.0000000000        0.0000183642
     1637.0000000000        0.0000193378
     1638.0000000000       -0.0000266591
     1639.0000000000       -0.0000170513
     1640.0000000000       -0.0000344074
     1641.0000000000       -0.0000196105
     1642.0000000000       -0.0000309093
     1643.0000000000       -0.0000858433
     1644.0000000000       -0.0000590084
     1645.0000000000       -0.0000443186
     1646.0000000000       -0.0000452779
     1647.0000000000       -0.0000075254
     1648.0000000000       -0.0000232169
     1649.0000000000        0.0000021935
     1650.0000000000        0.0000015688
     1651.0000000000       -0.0000134419
     1652.0000000000       -0.0000426622
     1653.0000000000       -0.0000120592
     1654.0000000000       -0.0000673462
     1655.0000000000       -0.0000219912
     1656.0000000000       -0.0000115965
     1657.0000000000       -0.0000377398
     1658.0000000000       -0.0000297878
     1659.0000000000       -0.0000538086
     1660.0000000000       -0.0000133935
     1661.0000000000       -0.0000398399
     1662.0000000000       -0.0000243492
     1663.0000000000       -0.0000601194
     1664.0000000000       -0.0000599808
     1665.0000000000       -0.0000565068
     1666.0000000000       -0.0000550953
     1667.0000000000       -0.0000343045
     1668.0000000000       -0.0000292487
     1669.0000000000       -0.0000296399
     1670.0000000000       -0.0000270532
     1671.0000000000       -0.0000226506
     1672.0000000000       -0.0000279269
     1673.0000000000       -0.0000329040
     1674.0000000000        0.0000105226
     1675.0000000000        0.0000175804
     1676.0000000000       -0.0000024463
     1677.0000000000        0.0000233494
     1678.0000000000        0.0000064476
     1679.0000000000        0.0000204730
     1680.0000000000        0.0000414524
     1681.0000000000        0.0000780824
     1682.0000000000        0.0000276158
     1683.0000000000       -0.0000011890
     1684.0000000000        0.0000295650
     1685.0000000000        0.0000300147
     1686.0000000000        0.0000385679
     1687.0000000000        0.0000362371
     1688.0000000000        0.0000035740
     1689.0000000000       -0.0000103895
     1690.0000000000       -0.0000425637
     1691.0000000000       -0.0000480494
     1692.0000000000       -0.0000252731
     1693.0000000000       -0.0000171159
     1694.0000000000       -0.0000020358
     1695.0000000000        0.0000272505
     1696.0000000000        0.0000007355
     1697.0000000000       -0.0000064990
     1698.0000000000        0.0000086919
     1699.0000000000        0.0000439678
     1700.0000000000        0.0000345520
     1701.0000000000        0.0000289883
     1702.0000000000        0.0000130797
     1703.0000000000       -0.0000116097
     1704.0000000000       -0.0000312409
     1705.0000000000        0.0000202081
     1706.0000000000        0.0000048685
     1707.0000000000        0.0000155586
     1708.0000000000       -0.0000135110
     1709.0000000000       -0.0000297308
     1710.0000000000        0.0000188735
     1711.0000000000        0.0000260909
     1712.0000000000        0.0000124707
     1713.0000000000       -0.0000251648
     1714.0000000000       -0.0000010015
     1715.0000000000       -0.0000240366
     1716.0000000000       -0.0000151102
     1717.0000000000        0.0000168868
     1718.0000000000        0.0000286530
     1719.0000000000        0.0000399145
     1720.0000000000        0.0000131038
     1721.0000000000        0.0000319438
     1722.0000000000        0.0000359037
     1723.0000000000        0.0000449562
     1724.0000000000        0.0000310379
     1725.0000000000        0.0000224900
     1726.0000000000        0.0000446441
     1727.0000000000        0.0000240619
     1728.0000000000        0.0000157477
     1729.0000000000       -0.0000029519
     1730.0000000000        0.0000130634
     1731.0000000000       -0.0000036772
     1732.0000000000       -0.0000205015
     1733.0000000000       -0.0000116672
     1734.0000000000        0.0000013967
     1735.0000000000        0.0000347315
     1736.0000000000        0.0000238732
     1737.0000000000        0.0000304581
     1738.0000000000        0.0000355858
     1739.0000000000        0.0000390383
     1740.0000000000        0.0000052782
     1741.0000000000        0.0000058798
     1742.0000000000        0.0000019234
     1743.0000000000       -0.0000441723
     1744.0000000000       -0.0000472015
     1745.0000000000       -0.0000297785
     1746.0000000000       -0.0000164689
     1747.0000000000       -0.0000036746
     1748.0000000000        0.0000011186
     1749.0000000000        0.0000123680
     1750.0000000000        0.0000242164
     1751.0000000000        0.0000051428
     1752.0000000000       -0.0000060862
     1753.0000000000        0.0000127644
     1754.0000000000        0.0000277905
     1755.0000000000        0.0000081094
     1756.0000000000        0.0000081727
     1757.0000000000        0.0000514253
     1758.0000000000        0.0000512799
     1759.0000000000        0.0000427735
     1760.0000000000        0.0000245501
     1761.0000000000        0.0000668264
     1762.0000000000        0.0000287335
     1763.0000000000        0.0000497125
     1764.0000000000        0.0000046513
     1765.0000000000       -0.0000071990
     1766.0000000000        0.0000070929
     1767.0000000000       -0.0000009369
     1768.0000000000       -0.0000312776
     1769.0000000000       -0.0000338704
     1770.0000000000       -0.0000506266
     1771.0000000000       -0.0000304456
     1772.0000000000       -0.0000430698
     1773.0000000000       -0.0000058756
     1774.0000000000       -0.0000571755
     1775.0000000000       -0.0000069839
     1776.0000000000       -0.0000042871
     1777.0000000000        0.0000292758
     1778.0000000000       -0.0000029771
     1779.0000000000       -0.0000440648
     1780.0000000000       -0.0000470091
     1781.0000000000       -0.0000210447
     1782.0000000000       -0.0000113381
     1783.0000000000       -0.0000402827
     1784.0000000000       -0.0000679299
     1785.0000000000       -0.0000015482
     1786.0000000000        0.0000000060
     1787.0000000000        0.0000130146
     1788.0000000000        0.0000130840
     1789.0000000000        0.0000174910
     1790.0000000000        0.0000408007
     1791.0000000000       -0.0000053617
     1792.0000000000       -0.0000261607
     1793.0000000000       -0.0000185597
     1794.0000000000        0.0000033298
     1795.0000000000       -0.0000054567
     1796.0000000000       -0.0000224386
     1797.0000000000       -0.0000250760
     1798.0000000000        0.0000283139
     1799.0000000000        0.0000173153
     1800.0000000000        0.0000234555
     1801.0000000000        0.0000424207
     1802.0000000000        0.0000214482
     1803.0000000000        0.0000407705
     1804.0000000000        0.0000280318
     1805.0000000000        0.0000447255
     1806.0000000000        0.0000534063
     1807.0000000000        0.0000273294
     1808.0000000000        0.0000262816
     1809.0000000000        0.0000337229
     1810.0000000000        0.0000345937
     1811.0000000000       -0.0000009434
     1812.0000000000        0.0000409053
     1813.0000000000        0.0000190976
     1814.0000000000        0.0000034051
     1815.0000000000       -0.0000199204
     1816.0000000000        0.0000090743
     1817.0000000000       -0.0000166823
     1818.0000000000       -0.0000421148
     1819.0000000000       -0.0000109794
     1820.0000000000        0.0000054272
     1821.0000000000       -0.0000057673
     1822.0000000000       -0.0000500835
     1823.0000000000       -0.0000581676
     1824.0000000000       -0.0000713044
     1825.0000000000       -0.0001012823
     1826.0000000000       -0.0000456961
     1827.0000000000       -0.0000284564
     1828.0000000000       -0.0000091613
     1829.0000000000       -0.0000103355
     1830.0000000000        0.0000130429
     1831.0000000000       -0.0000020504
     1832.0000000000        0.0000103429
     1833.0000000000        0.0000059110
     1834.0000000000       -0.0000328156
     1835.0000000000       -0.0000024078
     1836.0000000000       -0.0000008698
     1837.0000000000       -0.0000221562
     1838.0000000000       -0.0000205406
     1839.0000000000       -0.0000091927
     1840.0000000000       -0.0000173240
     1841.0000000000       -0.0000335313
     1842.0000000000       -0.0000411080
     1843.0000000000       -0.0000257479
     1844.0000000000       -0.0000503321
     1845.0000000000        0.0000009768
     1846.0000000000        0.0000097868
     1847.0000000000        0.0000036496
     1848.0000000000       -0.0000081422
     1849.0000000000        0.0000063834
     1850.0000000000        0.0000011570
     1851.0000000000        0.0000023658
     1852.0000000000        0.0000274603
     1853.0000000000        0.0000048813
     1854.0000000000       -0.0000013818
     1855.0000000000       -0.0000069016
     1856.0000000000       -0.0000230884
     1857.0000000000       -0.0000134117
     1858.0000000000       -0.0000283092
     1859.0000000000       -0.0000051866
     1860.0000000000        0.0000028662
     1861.0000000000        0.0000176807
     1862.0000000000       -0.0000097730
     1863.0000000000        0.0000151833
     1864.0000000000       -0.0000269778
     1865.0000000000       -0.0000017655
     1866.0000000000        0.0000010201
     1867.0000000000       -0.0000054005
     1868.0000000000       -0.0000065660
     1869.0000000000       -0.0000017739
     1870.0000000000       -0.0000043331
     1871.0000000000       -0.0000012717
     1872.0000000000        0.0000195416
     1873.0000000000        0.0000256305
     1874.0000000000       -0.0000323279
     1875.0000000000       -0.0000478644
     1876.0000000000       -0.0000391579
     1877.0000000000       -0.0000672354
     1878.0000000000       -0.0000825866
     1879.0000000000       -0.0000625097
     1880.0000000000       -0.0000613278
     1881.0000000000       -0.0000514412
     1882.0000000000       -0.0000515761
     1883.0000000000       -0.0000272746
     1884.0000000000        0.0000324852
     1885.0000000000        0.0000496379
     1886.0000000000        0.0000454820
     1887.0000000000        0.0000083959
     1888.0000000000        0.0000102969
     1889.0000000000       -0.0000244423
     1890.0000000000       -0.0000374370
     1891.0000000000       -0.0000256932
     1892.0000000000       -0.0000036193
     1893.0000000000        0.0000147057
     1894.0000000000        0.0000072309
     1895.0000000000        0.0000068513
     1896.0000000000        0.0000198805
     1897.0000000000        0.0000149678
     1898.0000000000        0.0000059902
     1899.0000000000       -0.0000004637
     1900.0000000000       -0.0000095721
     1901.0000000000       -0.0000089476
     1902.0000000000       -0.0000318040
     1903.0000000000       -0.0000356162
     1904.0000000000       -0.0000246978
     1905.0000000000        0.0000349387
     1906.0000000000        0.0000314758
     1907.0000000000        0.0000291361
     1908.0000000000        0.0000481174
     1909.0000000000        0.0000428473
     1910.0000000000        0.0000533335
     1911.0000000000        0.0000593457
     1912.0000000000        0.0000486398
     1913.0000000000        0.0000349553
     1914.0000000000        0.0000130024
     1915.0000000000        0.0000041039
     1916.0000000000        0.0000011595
     1917.0000000000       -0.0000090110
     1918.0000000000       -0.0000068576
     1919.0000000000        0.0000376656
     1920.0000000000        0.0000427319
     1921.0000000000        0.0000312829
     1922.0000000000        0.0000472709
     1923.0000000000        0.0000572968
     1924.0000000000        0.0001029547
     1925.0000000000        0.0000761446
     1926.0000000000        0.0000553261
     1927.0000000000        0.0000512937
     1928.0000000000        0.0000365925
     1929.0000000000        0.0000642616
     1930.0000000000        0.0000428850
     1931.0000000000        0.0000634055
     1932.0000000000        0.0000602971
     1933.0000000000        0.0000426393
     1934.0000000000        0.0000561120
     1935.0000000000        0.0000392914
     1936.0000000000        0.0000102455
     1937.0000000000        0.0000312998
     1938.0000000000        0.0000605266
     1939.0000000000        0.0000300720
     1940.0000000000        0.0000510296
     1941.0000000000        0.0000290744
     1942.0000000000       -0.0000065709
     1943.0000000000        0.0000128092
     1944.0000000000        0.0000057165
     1945.0000000000       -0.0000092781
     1946.0000000000       -0.0000101757
     1947.0000000000        0.0000100433
     1948.0000000000        0.0000328077
     1949.0000000000        0.0000041936
     1950.0000000000        0.0000047297
     1951.0000000000        0.0000266741
     1952.0000000000       -0.0000155448
     1953.0000000000       -0.0000142454
     1954.0000000000        0.0000007152
     1955.0000000000       -0.0000198132
     1956.0000000000       -0.0000288167
     1957.0000000000        0.0000013686
     1958.0000000000       -0.0000062163
     1959.0000000000       -0.0000472165
     1960.0000000000       -0.0000328914
     1961.0000000000       -0.0000124566
     1962.0000000000        0.0000317468
     1963.0000000000       -0.0000008570
     1964.0000000000        0.0000248041
     1965.0000000000        0.0000151099
     1966.0000000000       -0.0000091240
     1967.0000000000       -0.0000081312
     1968.0000000000        0.0000166314
     1969.0000000000        0.0000409259
     1970.0000000000        0.0000313831
     1971.0000000000        0.0000102789
     1972.0000000000       -0.0000199125
     1973.0000000000       -0.0000053785
     1974.0000000000       -0.0000071143
     1975.0000000000        0.0000039099
     1976.0000000000       -0.0000206525
     1977.0000000000        0.0000195293
     1978.0000000000        0.0000015437
     1979.0000000000        0.0000116996
     1980.0000000000        0.0000092227
     1981.0000000000        0.0000236151
     1982.0000000000        0.0000414273
     1983.0000000000        0.0000655863
     1984.0000000000        0.0000381825
     1985.0000000000        0.0000313537
     1986.0000000000        0.0000049717
     1987.0000000000        0.0000136451
     1988.0000000000       -0.0000222999
     1989.0000000000       -0.0000050401
     1990.0000000000       -0.0000217661
     1991.0000000000       -0.0000384042
     1992.0000000000       -0.0000031001
     1993.0000000000        0.0000222370
     1994.0000000000        0.0000361579
     1995.0000000000        0.0000829860
     1996.0000000000        0.0000599185
     1997.0000000000        0.0000676358
     1998.0000000000        0.0000804469
     1999.0000000000        0.0001245001
     2000.0000000000        0.0000868785
     2001.0000000000        0.0000461698
     2002.0000000000        0.0000551311
     2003.0000000000        0.0000250882
     2004.0000000000       -0.0000237991
     2005.0000000000       -0.0000192136
     2006.0000000000       -0.0000529640
     2007.0000000000       -0.0000261272
     2008.0000000000       -0.0000124348
     2009.0000000000        0.0000303379
     2010.0000000000        0.0000323109
     2011.0000000000        0.0000154707
     2012.0000000000       -0.0000244039
     2013.0000000000       -0.0000356297
     2014.0000000000       -0.0000167621
     2015.0000000000       -0.0000407885
     2016.0000000000       -0.0000412974
     2017.0000000000       -0.0000186011
     2018.0000000000       -0.0000316049
     2019.0000000000       -0.0000079566
     2020.0000000000        0.0000120699
     2021.0000000000       -0.0000063083
     2022.0000000000       -0.0000151628
     2023.0000000000        0.0000014537
     2024.0000000000        0.0000197517
     2025.0000000000       -0.0000286275
     2026.0000000000       -0.0000022959
     2027.0000000000       -0.0000050402
     2028.0000000000        0.0000149904
     2029.0000000000        0.0000048086
     2030.0000000000        0.0000100113
     2031.0000000000        0.0000155833
     2032.0000000000        0.0000086280
     2033.0000000000        0.0000050326
     2034.0000000000        0.0000165500
     2035.0000000000       -0.0000020516
     2036.0000000000        0.0000066213
     2037.0000000000        0.0000150428
     2038.0000000000        0.0000267507
     2039.0000000000        0.0000630334
     2040.0000000000       -0.0000090883
     2041.0000000000       -0.0000035974
     2042.0000000000       -0.0000073789
     2043.0000000000        0.0000093867
     2044.0000000000        0.0000036817
     2045.0000000000        0.0000074651
     2046.0000000000       -0.0000051501
     2047.0000000000       -0.0000065546
     2048.0000000000        0.0000019769
