     -255.0000000000       -0.0010216607       -0.0010036744       -0.0009102523       -0.0008383860       -0.0007850885       -0.0007207918       -0.0006393795       -0.0005682190
     -254.0000000000       -0.0010040458       -0.0009697953       -0.0009354411       -0.0008487224       -0.0007764154       -0.0007159697       -0.0006256383       -0.0005891907
     -253.0000000000       -0.0010568138       -0.0009922587       -0.0009280158       -0.0008389125       -0.0007587503       -0.0007209178       -0.0006237041       -0.0005692630
     -252.0000000000       -0.0010357615       -0.0009534444       -0.0009250844       -0.0008409460       -0.0007576284       -0.0007002720       -0.0006349679       -0.0005770414
     -251.0000000000       -0.0010323365       -0.0009724001       -0.0009048655       -0.0008563346       -0.0007739935       -0.0006996299       -0.0006361116       -0.0005895980
     -250.0000000000       -0.0010535128       -0.0009580114       -0.0009360315       -0.0008411048       -0.0007711371       -0.0007071661       -0.0006353121       -0.0005654612
     -249.0000000000       -0.0010249229       -0.0009674161       -0.0009170868       -0.0008438577       -0.0007766516       -0.0006961668       -0.0006377988       -0.0005642988
     -248.0000000000       -0.0009965252       -0.0009958246       -0.0009348412       -0.0008834793       -0.0007727748       -0.0006925521       -0.0006194981       -0.0005556212
     -247.0000000000       -0.0010143804       -0.0009879620       -0.0009278651       -0.0008376138       -0.0007569577       -0.0007033043       -0.0006367820       -0.0005729498
     -246.0000000000       -0.0010140700       -0.0009898918       -0.0009208905       -0.0008430763       -0.0007603319       -0.0006912236       -0.0006387097       -0.0005712119
     -245.0000000000       -0.0010220263       -0.0009837637       -0.0009185448       -0.0008619494       -0.0007991907       -0.0007133217       -0.0006417878       -0.0005683443
     -244.0000000000       -0.0010237693       -0.0009978784       -0.0009241306       -0.0008523041       -0.0007811159       -0.0006998161       -0.0006482267       -0.0005738794
     -243.0000000000       -0.0010226883       -0.0009549929       -0.0009193896       -0.0008170282       -0.0007668365       -0.0006934680       -0.0006408428       -0.0005688528
     -242.0000000000       -0.0010438570       -0.0009787927       -0.0009381341       -0.0008451012       -0.0008000370       -0.0007048571       -0.0006303320       -0.0005569680
     -241.0000000000       -0.0010559275       -0.0009569463       -0.0009002501       -0.0008426845       -0.0007977660       -0.0007029458       -0.0006032746       -0.0005388517
     -240.0000000000       -0.0010303645       -0.0009765420       -0.0009189166       -0.0008619388       -0.0007584498       -0.0006849597       -0.0006271066       -0.0005565112
     -239.0000000000       -0.0010120172       -0.0009691769       -0.0009391249       -0.0008514577       -0.0007727392       -0.0007076339       -0.0006465916       -0.0005419983
     -238.0000000000       -0.0010437553       -0.0009863460       -0.0009366136       -0.0008209170       -0.0008107644       -0.0007024811       -0.0006254933       -0.0005543907
     -237.0000000000       -0.0010449845       -0.0009882560       -0.0009228319       -0.0008226134       -0.0007937332       -0.0006972367       -0.0006347205       -0.0005542145
     -236.0000000000       -0.0010440490       -0.0009811842       -0.0008981020       -0.0008472908       -0.0007949781       -0.0007063827       -0.0006196732       -0.0005650373
     -235.0000000000       -0.0010365374       -0.0009696762       -0.0009187640       -0.0008335794       -0.0008010933       -0.0006969627       -0.0006282207       -0.0005549223
     -234.0000000000       -0.0010195751       -0.0009697007       -0.0009031600       -0.0008447290       -0.0007912586       -0.0006993174       -0.0006164819       -0.0005495587
     -233.0000000000       -0.0010256171       -0.0009746937       -0.0009251101       -0.0008439276       -0.0007646469       -0.0007138971       -0.0006289283       -0.0005606613
     -232.0000000000       -0.0010238136       -0.0009924602       -0.0009029754       -0.0008585577       -0.0007848106       -0.0007357801       -0.0006197702       -0.0005721417
     -231.0000000000       -0.0010325297       -0.0009903833       -0.0009132633       -0.0008450986       -0.0007551913       -0.0007247080       -0.0006474090       -0.0005572771
     -230.0000000000       -0.0010140715       -0.0009761038       -0.0009187578       -0.0008467369       -0.0007660772       -0.0007038406       -0.0006133323       -0.0005618493
     -229.0000000000       -0.0010104651       -0.0009740346       -0.0009119007       -0.0008627232       -0.0007861682       -0.0007003774       -0.0006468165       -0.0005589270
     -228.0000000000       -0.0010416005       -0.0009390274       -0.0009239410       -0.0008447802       -0.0007779800       -0.0007079309       -0.0006284633       -0.0005274107
     -227.0000000000       -0.0010523867       -0.0009909638       -0.0009099461       -0.0008485461       -0.0007625318       -0.0006873899       -0.0006205719       -0.0005416642
     -226.0000000000       -0.0010199020       -0.0009905728       -0.0009119435       -0.0008742786       -0.0007747840       -0.0006966497       -0.0006420415       -0.0005431849
     -225.0000000000       -0.0010282306       -0.0009778526       -0.0009047146       -0.0008435597       -0.0007738730       -0.0006977562       -0.0006192611       -0.0005520215
     -224.0000000000       -0.0010323530       -0.0009592302       -0.0009209325       -0.0008277255       -0.0007476283       -0.0007058071       -0.0006194447       -0.0005422325
     -223.0000000000       -0.0010333280       -0.0009722439       -0.0009190376       -0.0008326258       -0.0007697733       -0.0006625625       -0.0006183188       -0.0005463544
     -222.0000000000       -0.0010185080       -0.0009776296       -0.0009279833       -0.0008405766       -0.0007418125       -0.0006444646       -0.0006110278       -0.0005403492
     -221.0000000000       -0.0010278760       -0.0009617343       -0.0008940038       -0.0008392228       -0.0007579150       -0.0006859225       -0.0006099701       -0.0005543242
     -220.0000000000       -0.0010188793       -0.0009735122       -0.0009083366       -0.0008514446       -0.0007569092       -0.0006728266       -0.0006183220       -0.0005198657
     -219.0000000000       -0.0010448810       -0.0009886629       -0.0009099861       -0.0008335167       -0.0007609290       -0.0006698351       -0.0006191781       -0.0005105325
     -218.0000000000       -0.0010287040       -0.0009833682       -0.0008905093       -0.0008431358       -0.0007774947       -0.0006775086       -0.0005938708       -0.0005419405
     -217.0000000000       -0.0010515705       -0.0009539808       -0.0009330001       -0.0008444586       -0.0007726661       -0.0007023964       -0.0006136383       -0.0005251630
     -216.0000000000       -0.0010513559       -0.0009838312       -0.0008903397       -0.0008041159       -0.0007596870       -0.0006915614       -0.0005984422       -0.0005254382
     -215.0000000000       -0.0010344006       -0.0009825338       -0.0008963504       -0.0008082090       -0.0007506500       -0.0006703930       -0.0006149179       -0.0005264456
     -214.0000000000       -0.0010402230       -0.0009759910       -0.0009241723       -0.0008222198       -0.0007525741       -0.0006542517       -0.0006002139       -0.0005148925
     -213.0000000000       -0.0010282535       -0.0009746530       -0.0009183744       -0.0008284766       -0.0007267863       -0.0006536540       -0.0005856816       -0.0005297110
     -212.0000000000       -0.0010349575       -0.0009613583       -0.0009103559       -0.0008169454       -0.0007336510       -0.0006724869       -0.0005743171       -0.0005158012
     -211.0000000000       -0.0010362985       -0.0009654525       -0.0008954892       -0.0008289477       -0.0007528861       -0.0006565691       -0.0005874009       -0.0005341071
     -210.0000000000       -0.0010065043       -0.0009730723       -0.0009019158       -0.0008345280       -0.0007646851       -0.0006453117       -0.0006169986       -0.0005335613
     -209.0000000000       -0.0010209254       -0.0009529525       -0.0009030570       -0.0008352230       -0.0007455484       -0.0006593269       -0.0005947090       -0.0005006650
     -208.0000000000       -0.0010297295       -0.0009639575       -0.0008859593       -0.0008256763       -0.0007304358       -0.0006741630       -0.0005644241       -0.0004911724
     -207.0000000000       -0.0010387211       -0.0009778220       -0.0008846620       -0.0008427993       -0.0007207498       -0.0006394124       -0.0005761284       -0.0005214800
     -206.0000000000       -0.0010288614       -0.0009640721       -0.0008914711       -0.0008229528       -0.0007453436       -0.0006522898       -0.0005647518       -0.0005111996
     -205.0000000000       -0.0010397331       -0.0009819130       -0.0008857484       -0.0008233648       -0.0007316896       -0.0006563595       -0.0005825240       -0.0005020317
     -204.0000000000       -0.0010078569       -0.0009763765       -0.0008935667       -0.0008400666       -0.0007116522       -0.0006610163       -0.0005684165       -0.0005591664
     -203.0000000000       -0.0010146270       -0.0009574197       -0.0008651500       -0.0008115844       -0.0007054030       -0.0006755139       -0.0005810706       -0.0004995991
     -202.0000000000       -0.0010437339       -0.0009572446       -0.0008964515       -0.0008195518       -0.0007343675       -0.0006470676       -0.0005736426       -0.0005086216
     -201.0000000000       -0.0010324071       -0.0009815315       -0.0008830613       -0.0008378994       -0.0007231543       -0.0006458911       -0.0005704967       -0.0004911542
     -200.0000000000       -0.0010277888       -0.0009467992       -0.0009106260       -0.0008014959       -0.0007140817       -0.0006329412       -0.0005516979       -0.0004757846
     -199.0000000000       -0.0010424863       -0.0009624127       -0.0008860159       -0.0007977124       -0.0007490888       -0.0006393473       -0.0005531713       -0.0004636676
     -198.0000000000       -0.0010412074       -0.0009796483       -0.0008721175       -0.0008186888       -0.0007276480       -0.0006122956       -0.0005628001       -0.0005034614
     -197.0000000000       -0.0010299632       -0.0009600986       -0.0008934534       -0.0007993953       -0.0007261638       -0.0006123950       -0.0005597244       -0.0004778889
     -196.0000000000       -0.0010199688       -0.0009830756       -0.0009043380       -0.0007908144       -0.0007337473       -0.0006253611       -0.0005457908       -0.0004965206
     -195.0000000000       -0.0010203875       -0.0009663482       -0.0008846882       -0.0007854150       -0.0007054571       -0.0006369619       -0.0005417043       -0.0004644011
     -194.0000000000       -0.0010421971       -0.0009675652       -0.0008853947       -0.0007833395       -0.0007164725       -0.0006222413       -0.0005653064       -0.0004674225
     -193.0000000000       -0.0010311116       -0.0009513632       -0.0008863553       -0.0007961328       -0.0006994069       -0.0006174636       -0.0005457504       -0.0004812725
     -192.0000000000       -0.0010177151       -0.0009474794       -0.0008932206       -0.0007728972       -0.0006984163       -0.0006303005       -0.0005638129       -0.0004841890
     -191.0000000000       -0.0010104916       -0.0009660701       -0.0008565247       -0.0008017996       -0.0006987690       -0.0006146969       -0.0005352212       -0.0004702462
     -190.0000000000       -0.0010345387       -0.0009529287       -0.0008837696       -0.0008212017       -0.0006839756       -0.0006012908       -0.0005251326       -0.0004819985
     -189.0000000000       -0.0010382699       -0.0009529722       -0.0008671650       -0.0007739282       -0.0006821112       -0.0005981462       -0.0005408925       -0.0004251740
     -188.0000000000       -0.0010204795       -0.0009512063       -0.0008850479       -0.0007651210       -0.0006929441       -0.0006315042       -0.0005278754       -0.0004359216
     -187.0000000000       -0.0010230421       -0.0009599279       -0.0008883403       -0.0007968806       -0.0006920965       -0.0006005707       -0.0005159793       -0.0004601154
     -186.0000000000       -0.0010687242       -0.0009181996       -0.0008564958       -0.0007791916       -0.0006626055       -0.0005940824       -0.0005277191       -0.0004447352
     -185.0000000000       -0.0010416987       -0.0009494701       -0.0008766921       -0.0007748040       -0.0006521904       -0.0006038850       -0.0005252756       -0.0004614434
     -184.0000000000       -0.0010257027       -0.0009595112       -0.0008637543       -0.0007532598       -0.0006798223       -0.0005955400       -0.0005195901       -0.0004693955
     -183.0000000000       -0.0010184238       -0.0009608072       -0.0008771717       -0.0007847201       -0.0006944013       -0.0005786084       -0.0004870739       -0.0004668793
     -182.0000000000       -0.0009950024       -0.0009540897       -0.0008510196       -0.0007344627       -0.0006739418       -0.0005918293       -0.0005020276       -0.0004231288
     -181.0000000000       -0.0010083538       -0.0009560419       -0.0008622701       -0.0007447477       -0.0006807481       -0.0005678046       -0.0005244868       -0.0003969952
     -180.0000000000       -0.0010278667       -0.0009455538       -0.0008525177       -0.0007664256       -0.0006635604       -0.0005699621       -0.0004897898       -0.0004024638
     -179.0000000000       -0.0010261066       -0.0009248168       -0.0008696459       -0.0007568411       -0.0006752961       -0.0005891458       -0.0004757098       -0.0004198473
     -178.0000000000       -0.0010510569       -0.0009427579       -0.0008370322       -0.0007622054       -0.0006740572       -0.0005753442       -0.0004869075       -0.0004130064
     -177.0000000000       -0.0010529382       -0.0009439646       -0.0008607355       -0.0007774577       -0.0006547747       -0.0005480775       -0.0004701058       -0.0004118338
     -176.0000000000       -0.0010311358       -0.0009429565       -0.0008389733       -0.0007309340       -0.0006499259       -0.0005613639       -0.0004500789       -0.0004066992
     -175.0000000000       -0.0010108257       -0.0009456398       -0.0008541879       -0.0007214201       -0.0006327290       -0.0005379423       -0.0004772857       -0.0004124079
     -174.0000000000       -0.0010143146       -0.0009634060       -0.0008424255       -0.0007429566       -0.0006451801       -0.0005849450       -0.0004394129       -0.0004080487
     -173.0000000000       -0.0010008462       -0.0009440219       -0.0008435653       -0.0007403254       -0.0006571520       -0.0005795217       -0.0004728340       -0.0003910883
     -172.0000000000       -0.0010112085       -0.0009497687       -0.0008452661       -0.0007624337       -0.0006587224       -0.0005296749       -0.0004589393       -0.0003777519
     -171.0000000000       -0.0010363019       -0.0009446125       -0.0008170238       -0.0007463651       -0.0006337507       -0.0005277091       -0.0004433015       -0.0003664897
     -170.0000000000       -0.0010146278       -0.0009413238       -0.0008330767       -0.0007294883       -0.0006354647       -0.0005390488       -0.0004425237       -0.0003755414
     -169.0000000000       -0.0010211992       -0.0009343904       -0.0008360610       -0.0007196142       -0.0006366713       -0.0005457831       -0.0004455893       -0.0004013987
     -168.0000000000       -0.0010307564       -0.0009544325       -0.0008354673       -0.0007150114       -0.0006124622       -0.0005256317       -0.0004354242       -0.0003676408
     -167.0000000000       -0.0010416945       -0.0009581742       -0.0008320185       -0.0007092753       -0.0006032404       -0.0005093134       -0.0004321377       -0.0003597582
     -166.0000000000       -0.0010432941       -0.0009492057       -0.0008108622       -0.0007340832       -0.0006099144       -0.0004941514       -0.0004264308       -0.0003454594
     -165.0000000000       -0.0010405152       -0.0009278866       -0.0008147812       -0.0006958191       -0.0006013714       -0.0004916280       -0.0004043761       -0.0003644753
     -164.0000000000       -0.0010601884       -0.0009210350       -0.0008370456       -0.0007039664       -0.0006073371       -0.0004946669       -0.0004460943       -0.0003238494
     -163.0000000000       -0.0010403362       -0.0009408310       -0.0008301591       -0.0007368104       -0.0006052881       -0.0005064681       -0.0003856138       -0.0003475574
     -162.0000000000       -0.0010322516       -0.0009026124       -0.0008101419       -0.0006870178       -0.0005940503       -0.0004503929       -0.0004079890       -0.0003514001
     -161.0000000000       -0.0010071478       -0.0009216000       -0.0007907437       -0.0006943132       -0.0005976359       -0.0004974617       -0.0004130180       -0.0003642734
     -160.0000000000       -0.0010251674       -0.0009406437       -0.0008249762       -0.0006955716       -0.0005735088       -0.0004769956       -0.0004299367       -0.0003370795
     -159.0000000000       -0.0010269320       -0.0009193556       -0.0008090071       -0.0006941760       -0.0005821277       -0.0004648777       -0.0003856031       -0.0003191064
     -158.0000000000       -0.0010302538       -0.0009416014       -0.0008147876       -0.0006954423       -0.0005799473       -0.0004854124       -0.0003885069       -0.0003321118
     -157.0000000000       -0.0010367345       -0.0009193152       -0.0007904742       -0.0006845611       -0.0005850819       -0.0004567175       -0.0003960714       -0.0003378405
     -156.0000000000       -0.0010229899       -0.0009278832       -0.0007972228       -0.0006867094       -0.0005537569       -0.0004497510       -0.0003809405       -0.0003149880
     -155.0000000000       -0.0010351162       -0.0009301157       -0.0008046340       -0.0006666505       -0.0005650635       -0.0004826801       -0.0003730654       -0.0003039709
     -154.0000000000       -0.0010151005       -0.0009248415       -0.0007864111       -0.0006605392       -0.0005317910       -0.0004379695       -0.0003678672       -0.0003073569
     -153.0000000000       -0.0010234560       -0.0009246435       -0.0007743114       -0.0006587749       -0.0005248256       -0.0004331653       -0.0003595098       -0.0002983686
     -152.0000000000       -0.0010270649       -0.0009093802       -0.0007751099       -0.0006485035       -0.0005536428       -0.0004532825       -0.0003529193       -0.0003003564
     -151.0000000000       -0.0010392820       -0.0009004571       -0.0007690927       -0.0006542778       -0.0005412367       -0.0004484080       -0.0003423089       -0.0002938278
     -150.0000000000       -0.0010303098       -0.0009027768       -0.0007751469       -0.0006331417       -0.0005269195       -0.0004481759       -0.0003489297       -0.0002830083
     -149.0000000000       -0.0010251515       -0.0009115701       -0.0007715100       -0.0006217856       -0.0005071222       -0.0004281327       -0.0003246194       -0.0002720272
     -148.0000000000       -0.0010419125       -0.0008972046       -0.0007513471       -0.0006095974       -0.0005098728       -0.0004282524       -0.0003436436       -0.0002678603
     -147.0000000000       -0.0010329369       -0.0009269957       -0.0007524976       -0.0006418539       -0.0005322870       -0.0004340202       -0.0003246335       -0.0002607746
     -146.0000000000       -0.0010330996       -0.0009240798       -0.0007428816       -0.0006007597       -0.0004746603       -0.0004288399       -0.0003384608       -0.0002382586
     -145.0000000000       -0.0010293342       -0.0008936837       -0.0007470496       -0.0006143653       -0.0005061489       -0.0003912826       -0.0003023923       -0.0002332312
     -144.0000000000       -0.0010262283       -0.0009113440       -0.0007470508       -0.0006322052       -0.0004919508       -0.0003936519       -0.0003067519       -0.0002480780
     -143.0000000000       -0.0010519150       -0.0008797058       -0.0007352581       -0.0006188302       -0.0004699907       -0.0003821340       -0.0003203194       -0.0002412808
     -142.0000000000       -0.0010295617       -0.0008891870       -0.0007282843       -0.0005971976       -0.0004860661       -0.0003987244       -0.0003028580       -0.0002062636
     -141.0000000000       -0.0010327045       -0.0008918699       -0.0007145196       -0.0005913638       -0.0004625259       -0.0003706801       -0.0002880334       -0.0002334362
     -140.0000000000       -0.0010040262       -0.0008783964       -0.0007032871       -0.0006011713       -0.0004488177       -0.0003801701       -0.0002697174       -0.0002331992
     -139.0000000000       -0.0010151833       -0.0008740889       -0.0007460049       -0.0005768847       -0.0004480403       -0.0003665925       -0.0002650010       -0.0001798269
     -138.0000000000       -0.0010317459       -0.0008757659       -0.0007208598       -0.0005596857       -0.0004545531       -0.0003423227       -0.0002733438       -0.0002169971
     -137.0000000000       -0.0010259140       -0.0008819676       -0.0007121333       -0.0005708491       -0.0004375704       -0.0003413582       -0.0002817193       -0.0001904230
     -136.0000000000       -0.0010466355       -0.0008781646       -0.0007196518       -0.0005838696       -0.0004136826       -0.0003349819       -0.0002567315       -0.0001980552
     -135.0000000000       -0.0010378676       -0.0008852557       -0.0006983514       -0.0005746995       -0.0004171165       -0.0003244605       -0.0002128492       -0.0001789034
     -134.0000000000       -0.0010178970       -0.0008731368       -0.0007023016       -0.0005550704       -0.0004248925       -0.0003051797       -0.0002347731       -0.0001792859
     -133.0000000000       -0.0010231183       -0.0008946876       -0.0007004053       -0.0005221523       -0.0004153153       -0.0003172137       -0.0002612298       -0.0001861176
     -132.0000000000       -0.0010624340       -0.0008835756       -0.0007087287       -0.0005359992       -0.0004094978       -0.0003012771       -0.0002475653       -0.0001717875
     -131.0000000000       -0.0010236680       -0.0008585006       -0.0007069577       -0.0005392280       -0.0004001717       -0.0002794700       -0.0002267482       -0.0001615215
     -130.0000000000       -0.0010257782       -0.0008577596       -0.0006965812       -0.0005090772       -0.0004114556       -0.0002794570       -0.0002073818       -0.0001521410
     -129.0000000000       -0.0010046120       -0.0008776386       -0.0006927756       -0.0005093969       -0.0003882628       -0.0002663363       -0.0002180475       -0.0001286590
     -128.0000000000       -0.0010318108       -0.0008677615       -0.0007041464       -0.0005110762       -0.0003606364       -0.0002577229       -0.0001913596       -0.0001526964
     -127.0000000000       -0.0010278122       -0.0008413603       -0.0006832935       -0.0004909746       -0.0003768915       -0.0002456283       -0.0002051422       -0.0001509585
     -126.0000000000       -0.0010299578       -0.0008638620       -0.0006419972       -0.0004933316       -0.0003196805       -0.0002844660       -0.0001926934       -0.0001323662
     -125.0000000000       -0.0010168282       -0.0008516874       -0.0006580461       -0.0004647417       -0.0003419042       -0.0002630755       -0.0001720983       -0.0001246132
     -124.0000000000       -0.0010491926       -0.0008307513       -0.0006844868       -0.0004785528       -0.0003317045       -0.0002442632       -0.0001502247       -0.0001233896
     -123.0000000000       -0.0010242519       -0.0008268180       -0.0006509694       -0.0004730860       -0.0003107572       -0.0002563408       -0.0001417261       -0.0001000938
     -122.0000000000       -0.0010224214       -0.0008323845       -0.0006703717       -0.0004619296       -0.0003186570       -0.0002367272       -0.0001440398       -0.0000625788
     -121.0000000000       -0.0010428768       -0.0008423517       -0.0006658175       -0.0004469529       -0.0003359686       -0.0002123641       -0.0001377222       -0.0000823453
     -120.0000000000       -0.0010555142       -0.0008294496       -0.0006505246       -0.0004431260       -0.0003041504       -0.0001897107       -0.0001224445       -0.0000735504
     -119.0000000000       -0.0010195626       -0.0008378501       -0.0006020301       -0.0004198444       -0.0003055871       -0.0001752615       -0.0001156858       -0.0000615194
     -118.0000000000       -0.0010476917       -0.0008270165       -0.0006295240       -0.0004196266       -0.0002955929       -0.0001731429       -0.0001019958       -0.0000371574
     -117.0000000000       -0.0010277192       -0.0008105644       -0.0006163133       -0.0004342766       -0.0002731282       -0.0001768899       -0.0000789861       -0.0000699020
     -116.0000000000       -0.0010084416       -0.0008146415       -0.0005865849       -0.0004305505       -0.0002724379       -0.0001468677       -0.0000719006       -0.0000615230
     -115.0000000000       -0.0009954777       -0.0008112361       -0.0005649819       -0.0003981389       -0.0002766426       -0.0001374763       -0.0000828425       -0.0000432567
     -114.0000000000       -0.0010078413       -0.0007959249       -0.0005823577       -0.0004014846       -0.0002443023       -0.0000969603       -0.0000671717       -0.0000376236
     -113.0000000000       -0.0010131965       -0.0008150140       -0.0005873199       -0.0004138311       -0.0002388644       -0.0001048528       -0.0000650029       -0.0000251421
     -112.0000000000       -0.0010147085       -0.0007947631       -0.0005908086       -0.0004153838       -0.0002339688       -0.0001114710       -0.0000493092       -0.0000037966
     -111.0000000000       -0.0010243746       -0.0008026367       -0.0005827784       -0.0003844945       -0.0002172516       -0.0001023089       -0.0000176198       -0.0000194972
     -110.0000000000       -0.0010277942       -0.0007951543       -0.0005315660       -0.0003671307       -0.0001991492       -0.0000792997       -0.0000050252       -0.0000056671
     -109.0000000000       -0.0010398685       -0.0007826813       -0.0005578914       -0.0003337752       -0.0002037542       -0.0000820790       -0.0000243978       -0.0000179966
     -108.0000000000       -0.0010322708       -0.0007939909       -0.0005357055       -0.0003586585       -0.0002088816       -0.0000672094       -0.0000115413        0.0000235463
     -107.0000000000       -0.0010595720       -0.0007699797       -0.0005399950       -0.0003469699       -0.0001706690       -0.0000504162       -0.0000190303        0.0000301694
     -106.0000000000       -0.0010342930       -0.0007395981       -0.0005249219       -0.0003328425       -0.0001497554       -0.0000751052        0.0000165892        0.0000526390
     -105.0000000000       -0.0010214791       -0.0007369672       -0.0005506700       -0.0003033567       -0.0001493083       -0.0000695791       -0.0000020442        0.0000699878
     -104.0000000000       -0.0010162726       -0.0007834335       -0.0005142453       -0.0002611133       -0.0001256299       -0.0000257702        0.0000328557        0.0000690175
     -103.0000000000       -0.0010287808       -0.0007374651       -0.0004541512       -0.0002637348       -0.0001229139       -0.0000067140        0.0000362201        0.0000627002
     -102.0000000000       -0.0010069279       -0.0007599024       -0.0004568861       -0.0002813489       -0.0001050869        0.0000061294        0.0000449514        0.0000833814
     -101.0000000000       -0.0010365255       -0.0007310229       -0.0004527472       -0.0002484073       -0.0000970573       -0.0000159374        0.0000750323        0.0000729793
     -100.0000000000       -0.0010321084       -0.0007229302       -0.0004479094       -0.0002210314       -0.0000603831        0.0000175894        0.0000424628        0.0001087850
      -99.0000000000       -0.0010173062       -0.0007259167       -0.0004463219       -0.0002023234       -0.0000646400        0.0000288486        0.0000638649        0.0001175952
      -98.0000000000       -0.0010504041       -0.0007238953       -0.0004284092       -0.0002105280       -0.0000414675        0.0000111431        0.0001016356        0.0001485822
      -97.0000000000       -0.0010159857       -0.0006968052       -0.0003999031       -0.0001799302       -0.0000515651        0.0000663775        0.0001212562        0.0001427190
      -96.0000000000       -0.0010576080       -0.0006930502       -0.0004043354       -0.0001762783       -0.0000146602        0.0000862401        0.0001350325        0.0001461527
      -95.0000000000       -0.0010332655       -0.0007284018       -0.0003942453       -0.0001879685       -0.0000266919        0.0000707463        0.0001526802        0.0001538034
      -94.0000000000       -0.0010216728       -0.0006875712       -0.0003721724       -0.0001478969        0.0000263364        0.0000939270        0.0001522763        0.0001656371
      -93.0000000000       -0.0009999173       -0.0007086093       -0.0003627903       -0.0001376896        0.0000345880        0.0001255027        0.0001463504        0.0001746142
      -92.0000000000       -0.0010667488       -0.0006931929       -0.0003680070       -0.0001204078        0.0000401928        0.0001300131        0.0001425008        0.0001669545
      -91.0000000000       -0.0010300482       -0.0006773106       -0.0003461691       -0.0001056047        0.0000432385        0.0001313272        0.0001644773        0.0001758460
      -90.0000000000       -0.0010088903       -0.0006549827       -0.0003658342       -0.0000745244        0.0000651655        0.0001425871        0.0001754452        0.0002234078
      -89.0000000000       -0.0010297603       -0.0006445190       -0.0003325880       -0.0000528468        0.0000849207        0.0001632608        0.0001840401        0.0001835852
      -88.0000000000       -0.0010467490       -0.0006473004       -0.0003113387       -0.0000721121        0.0001047842        0.0001791147        0.0002374640        0.0002399001
      -87.0000000000       -0.0010354774       -0.0006286624       -0.0002886145       -0.0000356571        0.0001099528        0.0002273153        0.0002255782        0.0001894321
      -86.0000000000       -0.0010409535       -0.0006283341       -0.0002498308       -0.0000155393        0.0001462993        0.0001969754        0.0002087027        0.0002455387
      -85.0000000000       -0.0010309857       -0.0006239876       -0.0002510822        0.0000148561        0.0001675694        0.0002251964        0.0002335407        0.0002441215
      -84.0000000000       -0.0010216755       -0.0006136574       -0.0002112886        0.0000283466        0.0001827611        0.0002391538        0.0002275021        0.0002701154
      -83.0000000000       -0.0010125635       -0.0006161835       -0.0002033830        0.0000881800        0.0001953142        0.0002584812        0.0002692256        0.0002557176
      -82.0000000000       -0.0010161873       -0.0005789199       -0.0002052340        0.0000635479        0.0001984936        0.0002521458        0.0002903609        0.0002591129
      -81.0000000000       -0.0010263985       -0.0005933623       -0.0001860835        0.0000938295        0.0002443094        0.0002843612        0.0002729480        0.0002858408
      -80.0000000000       -0.0010188340       -0.0005704867       -0.0001539455        0.0000870044        0.0002401883        0.0002950947        0.0002919695        0.0002868029
      -79.0000000000       -0.0010244032       -0.0005271257       -0.0001567188        0.0001141901        0.0002593007        0.0002766276        0.0003163332        0.0003154113
      -78.0000000000       -0.0010202324       -0.0005264900       -0.0001177547        0.0001200388        0.0002831806        0.0003123669        0.0003135065        0.0002937054
      -77.0000000000       -0.0010318853       -0.0005354881       -0.0001023781        0.0001428559        0.0003130671        0.0003526439        0.0003458447        0.0003356563
      -76.0000000000       -0.0010662692       -0.0005010298       -0.0000885405        0.0001801892        0.0003142541        0.0003457518        0.0003791376        0.0003472283
      -75.0000000000       -0.0010303932       -0.0005171086       -0.0000838104        0.0001979395        0.0003376886        0.0003801380        0.0004041257        0.0003699034
      -74.0000000000       -0.0010391866       -0.0004618255       -0.0000175204        0.0002474483        0.0003367774        0.0003694464        0.0004008447        0.0003602572
      -73.0000000000       -0.0010547024       -0.0004635115       -0.0000116822        0.0002525143        0.0003740790        0.0004083694        0.0003955742        0.0003805861
      -72.0000000000       -0.0010119150       -0.0004605886        0.0000104666        0.0002749646        0.0003776799        0.0004355416        0.0004150957        0.0003624237
      -71.0000000000       -0.0010370555       -0.0004250016        0.0000490538        0.0002953664        0.0004121841        0.0004526634        0.0004377737        0.0003752002
      -70.0000000000       -0.0010302082       -0.0004014378        0.0000964621        0.0003425901        0.0004478043        0.0004714748        0.0004383171        0.0004299344
      -69.0000000000       -0.0010397578       -0.0004120042        0.0000869795        0.0003546177        0.0004592069        0.0005041877        0.0004490556        0.0004386145
      -68.0000000000       -0.0010037538       -0.0003640893        0.0001136746        0.0003706912        0.0004713569        0.0005117663        0.0004742981        0.0004063055
      -67.0000000000       -0.0010286449       -0.0003559591        0.0001311670        0.0004087101        0.0005171458        0.0005104163        0.0005009382        0.0004418834
      -66.0000000000       -0.0010272312       -0.0003305143        0.0001849029        0.0004582597        0.0005119382        0.0005055201        0.0005002428        0.0004286790
      -65.0000000000       -0.0010173677       -0.0003417080        0.0002007536        0.0004611268        0.0005227266        0.0005164025        0.0005019041        0.0004428116
      -64.0000000000       -0.0010343862       -0.0002964158        0.0002451999        0.0005270508        0.0005754900        0.0005602144        0.0005302034        0.0004518159
      -63.0000000000       -0.0010516307       -0.0002699298        0.0002700674        0.0005419194        0.0005913482        0.0006062776        0.0005522514        0.0004823847
      -62.0000000000       -0.0010494068       -0.0002511067        0.0003063331        0.0005593095        0.0006249617        0.0005972897        0.0005576447        0.0004793601
      -61.0000000000       -0.0010216524       -0.0002133366        0.0003220343        0.0005860121        0.0006500564        0.0005974804        0.0005462328        0.0005009289
      -60.0000000000       -0.0010084217       -0.0001944444        0.0003669718        0.0005843542        0.0006809381        0.0006236624        0.0005844252        0.0005052672
      -59.0000000000       -0.0009971286       -0.0001605060        0.0004298221        0.0006538738        0.0006802192        0.0006677788        0.0005669161        0.0005072479
      -58.0000000000       -0.0010393500       -0.0001477691        0.0004277736        0.0006597072        0.0007006313        0.0006479144        0.0005920051        0.0005168870
      -57.0000000000       -0.0009873244       -0.0000970083        0.0004925133        0.0006878266        0.0007281374        0.0006945886        0.0006145315        0.0005141392
      -56.0000000000       -0.0010251653       -0.0000784002        0.0005620895        0.0007477660        0.0007956007        0.0007011751        0.0006252103        0.0005224804
      -55.0000000000       -0.0010075494       -0.0000427910        0.0006082954        0.0007592285        0.0007935445        0.0007448808        0.0006584608        0.0005583164
      -54.0000000000       -0.0010298746       -0.0000015094        0.0006192828        0.0008278442        0.0007965513        0.0007436610        0.0006479619        0.0005547495
      -53.0000000000       -0.0010082318        0.0000149192        0.0006625798        0.0008370468        0.0008491943        0.0007494591        0.0006651501        0.0005758532
      -52.0000000000       -0.0010139207        0.0000625642        0.0006885022        0.0008588736        0.0008490902        0.0007923732        0.0006678169        0.0005798045
      -51.0000000000       -0.0010085415        0.0001085058        0.0007314610        0.0009264410        0.0008981693        0.0008031534        0.0006853942        0.0005846925
      -50.0000000000       -0.0010403693        0.0001371928        0.0008120777        0.0009332290        0.0009075757        0.0008008571        0.0007186782        0.0006169092
      -49.0000000000       -0.0010418746        0.0002101531        0.0008355986        0.0009966284        0.0009157887        0.0008270334        0.0007208900        0.0006094921
      -48.0000000000       -0.0010393961        0.0002440692        0.0009024026        0.0010160842        0.0009670017        0.0008668731        0.0006994869        0.0006255655
      -47.0000000000       -0.0010012431        0.0003205579        0.0009600174        0.0010555269        0.0009849934        0.0008623268        0.0007218468        0.0006449907
      -46.0000000000       -0.0009921573        0.0003572679        0.0010005835        0.0011124987        0.0010165837        0.0008945570        0.0007406576        0.0006529138
      -45.0000000000       -0.0010332135        0.0004190415        0.0010466346        0.0011369288        0.0010366245        0.0008966004        0.0007447441        0.0006215556
      -44.0000000000       -0.0010106039        0.0004559207        0.0011254081        0.0011889213        0.0010667367        0.0009185881        0.0007574512        0.0006562944
      -43.0000000000       -0.0009763121        0.0005055550        0.0011803199        0.0012306156        0.0010995916        0.0009307056        0.0007747627        0.0006672791
      -42.0000000000       -0.0009827716        0.0005730290        0.0012319388        0.0012779019        0.0011182488        0.0009364888        0.0007896915        0.0006599016
      -41.0000000000       -0.0010079933        0.0006558473        0.0012935009        0.0013112224        0.0011434399        0.0009666940        0.0007874960        0.0006581906
      -40.0000000000       -0.0010163882        0.0007358809        0.0013471843        0.0013502697        0.0011694436        0.0009791262        0.0008122551        0.0006428270
      -39.0000000000       -0.0010248626        0.0008218181        0.0014014691        0.0013605681        0.0011844172        0.0009900349        0.0008150856        0.0006892066
      -38.0000000000       -0.0010120575        0.0009061007        0.0014889713        0.0014167907        0.0012113333        0.0010393640        0.0008168695        0.0007060775
      -37.0000000000       -0.0009983572        0.0009992382        0.0015432194        0.0014617665        0.0012415381        0.0010298847        0.0008563438        0.0006989768
      -36.0000000000       -0.0010054952        0.0010832197        0.0016242533        0.0014929650        0.0012677529        0.0010495606        0.0008592647        0.0007033328
      -35.0000000000       -0.0009945206        0.0011879157        0.0016921998        0.0015667832        0.0012743095        0.0010503147        0.0008749264        0.0007320698
      -34.0000000000       -0.0009932266        0.0013159314        0.0017515207        0.0015872233        0.0013132142        0.0010846199        0.0009067773        0.0007281640
      -33.0000000000       -0.0010198370        0.0014079775        0.0018363078        0.0016215898        0.0013514099        0.0010634830        0.0008860806        0.0007400453
      -32.0000000000       -0.0009922883        0.0015300325        0.0019289459        0.0016485971        0.0013689857        0.0010899071        0.0008975160        0.0007466096
      -31.0000000000       -0.0010086216        0.0016387891        0.0019938567        0.0017137641        0.0013937724        0.0010972878        0.0008965433        0.0007479363
      -30.0000000000       -0.0009997898        0.0017715651        0.0020926671        0.0017553681        0.0013899083        0.0011195998        0.0009481859        0.0007541080
      -29.0000000000       -0.0009727858        0.0018935946        0.0021809789        0.0017921461        0.0014318889        0.0011369797        0.0009473330        0.0007723547
      -28.0000000000       -0.0010019009        0.0020441102        0.0022375095        0.0018252832        0.0014754000        0.0011497583        0.0009321090        0.0007730829
      -27.0000000000       -0.0010049392        0.0022342197        0.0023314737        0.0018772925        0.0014472813        0.0011611208        0.0009493202        0.0007609007
      -26.0000000000       -0.0009787747        0.0023731098        0.0024351785        0.0019117509        0.0014710169        0.0011854243        0.0009599989        0.0007328492
      -25.0000000000       -0.0009648327        0.0025555714        0.0025059357        0.0019452039        0.0015154335        0.0011894673        0.0009350457        0.0007797966
      -24.0000000000       -0.0009702250        0.0027375993        0.0025806873        0.0019747891        0.0015406090        0.0011844137        0.0009599210        0.0007966825
      -23.0000000000       -0.0009587463        0.0029612772        0.0026861827        0.0020173150        0.0015587461        0.0012277307        0.0009582050        0.0007748096
      -22.0000000000       -0.0009594867        0.0031779465        0.0027243430        0.0020887827        0.0015566841        0.0012407906        0.0009908439        0.0008025979
      -21.0000000000       -0.0009683522        0.0033765982        0.0028398461        0.0021155076        0.0015749190        0.0012460385        0.0009652946        0.0007934137
      -20.0000000000       -0.0009314971        0.0036209014        0.0029072341        0.0021477900        0.0015944580        0.0012481917        0.0010071071        0.0008172159
      -19.0000000000       -0.0009223594        0.0038131733        0.0029968545        0.0021985565        0.0016527515        0.0012682935        0.0010204156        0.0008166322
      -18.0000000000       -0.0009304033        0.0040865284        0.0030696545        0.0022123317        0.0016525209        0.0012769272        0.0010097045        0.0007902502
      -17.0000000000       -0.0009070772        0.0043203832        0.0031339960        0.0022386143        0.0016419736        0.0012814318        0.0010065073        0.0008358302
      -16.0000000000       -0.0009130435        0.0045755083        0.0032315153        0.0022915318        0.0016872859        0.0013006196        0.0010078357        0.0008195046
      -15.0000000000       -0.0008793130        0.0048740344        0.0033182118        0.0023170542        0.0017071068        0.0012919756        0.0010215190        0.0008151160
      -14.0000000000       -0.0008591749        0.0051537211        0.0033832482        0.0023079945        0.0017305383        0.0013100089        0.0010273208        0.0008320184
      -13.0000000000       -0.0008248595        0.0054291107        0.0034754791        0.0023599015        0.0017444319        0.0013150410        0.0010442507        0.0008269326
      -12.0000000000       -0.0007786129        0.0056819037        0.0035198589        0.0023943258        0.0017440090        0.0013313252        0.0010354760        0.0008553704
      -11.0000000000       -0.0007567444        0.0059674779        0.0035952904        0.0024421403        0.0017149248        0.0013537905        0.0010813138        0.0008450358
      -10.0000000000       -0.0006931479        0.0062464802        0.0036558581        0.0024239180        0.0017572638        0.0013550146        0.0010737442        0.0008359430
       -9.0000000000       -0.0006274614        0.0065567558        0.0037081023        0.0024678425        0.0017817429        0.0013356386        0.0010685856        0.0008355640
       -8.0000000000       -0.0005064680        0.0068452964        0.0037497514        0.0024752600        0.0018182165        0.0013304185        0.0010619995        0.0008443458
       -7.0000000000       -0.0003234598        0.0070649082        0.0038101020        0.0025090173        0.0018145930        0.0013342175        0.0010564789        0.0008764573
       -6.0000000000       -0.0000898999        0.0072921751        0.0038883712        0.0024973977        0.0017999985        0.0013801237        0.0010735383        0.0008520508
       -5.0000000000        0.0003272886        0.0075135631        0.0039089066        0.0025181486        0.0018343430        0.0013802858        0.0010535386        0.0008645855
       -4.0000000000        0.0010847666        0.0076972603        0.0039650641        0.0025474602        0.0018139754        0.0013925781        0.0010520577        0.0008586911
       -3.0000000000        0.0026998852        0.0078964678        0.0039821580        0.0025173954        0.0018344541        0.0013878357        0.0010658445        0.0008768085
       -2.0000000000        0.0072210254        0.0080166866        0.0040105374        0.0025559502        0.0018307578        0.0013786787        0.0010729819        0.0008653975
       -1.0000000000        0.0301915953        0.0080919844        0.0040104407        0.0025475880        0.0018180796        0.0013572060        0.0010658823        0.0008693520
        0.0000000000        0.4215358985        0.0081519271        0.0040490665        0.0025682114        0.0018276036        0.0013965546        0.0010777039        0.0008791341
        1.0000000000        0.0301915953        0.0080846190        0.0039965603        0.0025499777        0.0018156273        0.0013877029        0.0010974642        0.0008521489
        2.0000000000        0.0072210254        0.0080008149        0.0039885856        0.0025689362        0.0018271843        0.0013794396        0.0010841826        0.0008646429
        3.0000000000        0.0026998852        0.0078901036        0.0039478730        0.0025921504        0.0018216814        0.0014049461        0.0010930660        0.0008680496
        4.0000000000        0.0010847666        0.0077124302        0.0039425724        0.0025840395        0.0018104060        0.0013647630        0.0010732443        0.0008675321
        5.0000000000        0.0003272886        0.0075289759        0.0038911782        0.0025456960        0.0018102927        0.0013681411        0.0010639700        0.0008532634
        6.0000000000       -0.0000898999        0.0073089272        0.0038776478        0.0025119442        0.0018108659        0.0013724903        0.0010448066        0.0008515119
        7.0000000000       -0.0003234598        0.0070432834        0.0038650398        0.0024726441        0.0018052801        0.0013719196        0.0010485437        0.0008546326
        8.0000000000       -0.0005064680        0.0068001542        0.0037733691        0.0024736333        0.0018090518        0.0013765463        0.0010424446        0.0008210574
        9.0000000000       -0.0006274614        0.0065688652        0.0037230638        0.0024526788        0.0017842326        0.0013177862        0.0010915336        0.0008545994
       10.0000000000       -0.0006931479        0.0062761449        0.0036416702        0.0024500632        0.0017694659        0.0013418920        0.0010589923        0.0008302786
       11.0000000000       -0.0007567444        0.0060053495        0.0036038754        0.0024363159        0.0017678888        0.0013099359        0.0010331498        0.0008517454
       12.0000000000       -0.0007786129        0.0057287339        0.0035201460        0.0024206056        0.0017328067        0.0013185625        0.0010381861        0.0008480103
       13.0000000000       -0.0008248595        0.0054371055        0.0034590504        0.0023460910        0.0017355411        0.0013121283        0.0010507639        0.0008272768
       14.0000000000       -0.0008591749        0.0051121277        0.0033831306        0.0023692738        0.0017240679        0.0013131454        0.0010338630        0.0008583887
       15.0000000000       -0.0008793130        0.0048523234        0.0033335704        0.0023259432        0.0016973362        0.0012975106        0.0010299317        0.0008470631
       16.0000000000       -0.0009130435        0.0045714356        0.0032272398        0.0022619456        0.0016947957        0.0012865634        0.0010235632        0.0008450002
       17.0000000000       -0.0009070772        0.0043455636        0.0031411709        0.0022614122        0.0016640914        0.0012803505        0.0010447518        0.0008386526
       18.0000000000       -0.0009304033        0.0040819339        0.0031025171        0.0022079871        0.0016612006        0.0012807074        0.0010216707        0.0008000168
       19.0000000000       -0.0009223594        0.0038487643        0.0030144600        0.0021896481        0.0016430193        0.0012811782        0.0010170896        0.0008116378
       20.0000000000       -0.0009314971        0.0035905801        0.0029050983        0.0021329784        0.0015822338        0.0012844621        0.0010094364        0.0008089219
       21.0000000000       -0.0009683522        0.0033509549        0.0028105162        0.0020893938        0.0015768135        0.0012608476        0.0009946566        0.0008301527
       22.0000000000       -0.0009594867        0.0031662899        0.0027502812        0.0020698309        0.0015952282        0.0012303166        0.0009847905        0.0008009104
       23.0000000000       -0.0009587463        0.0029472890        0.0026420854        0.0020307134        0.0015405686        0.0012351846        0.0009669401        0.0007989539
       24.0000000000       -0.0009702250        0.0027256227        0.0025861409        0.0020011760        0.0015472562        0.0012071615        0.0009859585        0.0007999693
       25.0000000000       -0.0009648327        0.0025344178        0.0025199686        0.0019713569        0.0015009949        0.0011887088        0.0009751608        0.0007857527
       26.0000000000       -0.0009787747        0.0023419656        0.0024052335        0.0019299068        0.0014798750        0.0011899108        0.0009704055        0.0007834369
       27.0000000000       -0.0010049392        0.0022266731        0.0023442908        0.0018599515        0.0014867795        0.0011688828        0.0009437612        0.0007738736
       28.0000000000       -0.0010019009        0.0020892342        0.0022363816        0.0018236322        0.0014627360        0.0011728093        0.0009360109        0.0007692537
       29.0000000000       -0.0009727858        0.0019310714        0.0021689751        0.0017802355        0.0014386246        0.0011307511        0.0009267028        0.0007748290
       30.0000000000       -0.0009997898        0.0017734761        0.0020851936        0.0017654587        0.0014277007        0.0011369920        0.0009424967        0.0007492613
       31.0000000000       -0.0010086216        0.0016433086        0.0019792544        0.0017106266        0.0014209959        0.0011134362        0.0009186402        0.0007502085
       32.0000000000       -0.0009922883        0.0015067692        0.0019238903        0.0016874614        0.0013684221        0.0011255408        0.0009122293        0.0007385734
       33.0000000000       -0.0010198370        0.0013838177        0.0018623017        0.0016653705        0.0013479842        0.0010764563        0.0008941986        0.0007400050
       34.0000000000       -0.0009932266        0.0012890346        0.0017786639        0.0016004145        0.0013387599        0.0010430260        0.0008730021        0.0007075791
       35.0000000000       -0.0009945206        0.0011675649        0.0017017793        0.0015565739        0.0012744078        0.0010534869        0.0008951750        0.0007198539
       36.0000000000       -0.0010054952        0.0010880545        0.0016218902        0.0014996170        0.0012805372        0.0010449395        0.0008398013        0.0006921194
       37.0000000000       -0.0009983572        0.0010144218        0.0015800150        0.0014693906        0.0012462035        0.0010475164        0.0008437922        0.0007029369
       38.0000000000       -0.0010120575        0.0009129520        0.0014954431        0.0014205856        0.0012298561        0.0010129678        0.0008415786        0.0006831756
       39.0000000000       -0.0010248626        0.0008097568        0.0014051010        0.0013661003        0.0012192646        0.0010190087        0.0008308957        0.0006834301
       40.0000000000       -0.0010163882        0.0007572721        0.0013896715        0.0013321415        0.0011680347        0.0009852705        0.0008035334        0.0006952329
       41.0000000000       -0.0010079933        0.0006294476        0.0013050439        0.0012918865        0.0011398532        0.0009400358        0.0007965087        0.0006677359
       42.0000000000       -0.0009827716        0.0005979875        0.0012422389        0.0012682276        0.0011273826        0.0009138037        0.0007889514        0.0006517907
       43.0000000000       -0.0009763121        0.0005058322        0.0011959639        0.0012166963        0.0011177152        0.0009130539        0.0008156583        0.0006644971
       44.0000000000       -0.0010106039        0.0004732095        0.0011223490        0.0011591998        0.0010444592        0.0008926697        0.0007793090        0.0006290513
       45.0000000000       -0.0010332135        0.0004191816        0.0010229163        0.0010996481        0.0010096956        0.0009173747        0.0007797813        0.0006375149
       46.0000000000       -0.0009921573        0.0003580041        0.0009850006        0.0010717364        0.0009896180        0.0008660193        0.0007093612        0.0006359648
       47.0000000000       -0.0010012431        0.0003006557        0.0009638832        0.0010835407        0.0009638593        0.0008774852        0.0007051583        0.0006246715
       48.0000000000       -0.0010393961        0.0002608453        0.0008947817        0.0010295693        0.0009622482        0.0008516508        0.0007081986        0.0006103488
       49.0000000000       -0.0010418746        0.0001831421        0.0008341614        0.0009945840        0.0009154829        0.0008286765        0.0007067317        0.0005955465
       50.0000000000       -0.0010403693        0.0001380735        0.0007781323        0.0009599171        0.0009507170        0.0008283500        0.0006895834        0.0005975914
       51.0000000000       -0.0010085415        0.0000854226        0.0007287471        0.0009219680        0.0008832810        0.0007939535        0.0006940072        0.0005587983
       52.0000000000       -0.0010139207        0.0000742111        0.0007146639        0.0009051897        0.0008377860        0.0007598224        0.0006704998        0.0005583326
       53.0000000000       -0.0010082318        0.0000538368        0.0006352167        0.0008398657        0.0008179986        0.0007425977        0.0006319800        0.0005536830
       54.0000000000       -0.0010298746       -0.0000001711        0.0006049408        0.0007739677        0.0007886695        0.0007334488        0.0006338259        0.0005566558
       55.0000000000       -0.0010075494       -0.0000463252        0.0005646993        0.0007823882        0.0007592250        0.0007012031        0.0006348769        0.0005173653
       56.0000000000       -0.0010251653       -0.0000594500        0.0005235921        0.0007484612        0.0007402132        0.0006846593        0.0006384424        0.0005342248
       57.0000000000       -0.0009873244       -0.0001049620        0.0005036118        0.0007303028        0.0007228884        0.0006697996        0.0005834564        0.0005231032
       58.0000000000       -0.0010393500       -0.0000974929        0.0004632606        0.0006449968        0.0007259325        0.0006360579        0.0005933815        0.0005024499
       59.0000000000       -0.0009971286       -0.0001623597        0.0003934098        0.0006548112        0.0006727493        0.0006196022        0.0005764524        0.0005046815
       60.0000000000       -0.0010084217       -0.0001876947        0.0003751914        0.0006048303        0.0006539788        0.0006289723        0.0005712254        0.0004983384
       61.0000000000       -0.0010216524       -0.0002287883        0.0003583710        0.0005872026        0.0006525856        0.0006336300        0.0005440567        0.0004967790
       62.0000000000       -0.0010494068       -0.0002607202        0.0002960496        0.0005391187        0.0006154864        0.0005928677        0.0004858663        0.0005041524
       63.0000000000       -0.0010516307       -0.0002731218        0.0002746782        0.0005225197        0.0005925295        0.0005782488        0.0005230488        0.0004662558
       64.0000000000       -0.0010343862       -0.0003075054        0.0002432936        0.0004620226        0.0005771551        0.0005364735        0.0005021088        0.0004182602
       65.0000000000       -0.0010173677       -0.0003082392        0.0001974064        0.0004545000        0.0005529506        0.0005269004        0.0004828701        0.0004232523
       66.0000000000       -0.0010272312       -0.0003732111        0.0001500037        0.0004302554        0.0005314408        0.0005198906        0.0004714947        0.0004319696
       67.0000000000       -0.0010286449       -0.0003917576        0.0001234350        0.0004136390        0.0004793468        0.0004814864        0.0004890885        0.0004344750
       68.0000000000       -0.0010037538       -0.0003893029        0.0001101078        0.0003861589        0.0004607982        0.0004967984        0.0004875069        0.0004224775
       69.0000000000       -0.0010397578       -0.0003800252        0.0000661139        0.0003745323        0.0004393174        0.0004845868        0.0004552996        0.0004085125
       70.0000000000       -0.0010302082       -0.0004072219        0.0000610250        0.0003403627        0.0004363759        0.0004644934        0.0004340657        0.0004075949
       71.0000000000       -0.0010370555       -0.0004508319        0.0000541107        0.0003275727        0.0004377408        0.0004483192        0.0004381347        0.0003825075
       72.0000000000       -0.0010119150       -0.0004554350        0.0000264111        0.0002912257        0.0004144258        0.0004302483        0.0004294008        0.0003545536
       73.0000000000       -0.0010547024       -0.0004626137       -0.0000003115        0.0002600521        0.0003533903        0.0004193922        0.0004282394        0.0003584158
       74.0000000000       -0.0010391866       -0.0005100438       -0.0000277113        0.0002419017        0.0003659922        0.0004224588        0.0004070374        0.0003566016
       75.0000000000       -0.0010303932       -0.0004987211       -0.0000618478        0.0002163655        0.0003353068        0.0003689225        0.0003730074        0.0003535557
       76.0000000000       -0.0010662692       -0.0005106004       -0.0000868272        0.0001846631        0.0003255663        0.0003496862        0.0003588442        0.0003361555
       77.0000000000       -0.0010318853       -0.0005202581       -0.0001046480        0.0001999265        0.0003079452        0.0003453421        0.0003660446        0.0003320790
       78.0000000000       -0.0010202324       -0.0005037300       -0.0000938188        0.0001692747        0.0002896062        0.0003445092        0.0003135151        0.0003193723
       79.0000000000       -0.0010244032       -0.0005434431       -0.0001323330        0.0001287000        0.0002804508        0.0003179456        0.0003375847        0.0003022182
       80.0000000000       -0.0010188340       -0.0005636002       -0.0001697113        0.0001156635        0.0002409181        0.0003084971        0.0002904977        0.0003216702
       81.0000000000       -0.0010263985       -0.0005482870       -0.0001903543        0.0000808002        0.0002275599        0.0002872066        0.0002782129        0.0002928176
       82.0000000000       -0.0010161873       -0.0006214160       -0.0001800786        0.0000369912        0.0001733256        0.0002662368        0.0002919535        0.0002821945
       83.0000000000       -0.0010125635       -0.0006046592       -0.0002503353        0.0000463713        0.0001725391        0.0002376648        0.0002838203        0.0002767231
       84.0000000000       -0.0010216755       -0.0006153274       -0.0002301753       -0.0000046158        0.0001597156        0.0002215859        0.0002550990        0.0002455618
       85.0000000000       -0.0010309857       -0.0006104082       -0.0002464301       -0.0000013053        0.0001550077        0.0001993396        0.0002133333        0.0002395232
       86.0000000000       -0.0010409535       -0.0006375521       -0.0002837046        0.0000044708        0.0001272687        0.0002064698        0.0002324083        0.0002216811
       87.0000000000       -0.0010354774       -0.0006197702       -0.0002906848       -0.0000128396        0.0001120331        0.0001998827        0.0002104336        0.0002346321
       88.0000000000       -0.0010467490       -0.0006316115       -0.0002839819       -0.0000529624        0.0001017516        0.0001916755        0.0001682657        0.0002243312
       89.0000000000       -0.0010297603       -0.0006409208       -0.0003086453       -0.0000872969        0.0001021976        0.0001446969        0.0001700170        0.0002012276
       90.0000000000       -0.0010088903       -0.0006693874       -0.0003320472       -0.0000856290        0.0000598954        0.0001549750        0.0001937948        0.0002047198
       91.0000000000       -0.0010300482       -0.0006638983       -0.0003576590       -0.0001086978        0.0000413913        0.0001200908        0.0001675706        0.0001738813
       92.0000000000       -0.0010667488       -0.0006847140       -0.0003455127       -0.0001293306        0.0000182039        0.0001436369        0.0001397976        0.0001749003
       93.0000000000       -0.0009999173       -0.0006836624       -0.0003627295       -0.0001313980        0.0000001256        0.0001096235        0.0001423120        0.0001491821
       94.0000000000       -0.0010216728       -0.0007070721       -0.0003674792       -0.0001544032        0.0000103973        0.0000901269        0.0001203098        0.0001339940
       95.0000000000       -0.0010332655       -0.0007057064       -0.0003971334       -0.0001760112       -0.0000055423        0.0001003090        0.0001262159        0.0001461606
       96.0000000000       -0.0010576080       -0.0007151242       -0.0004154611       -0.0002039280       -0.0000206519        0.0000875924        0.0001259882        0.0001481988
       97.0000000000       -0.0010159857       -0.0007356313       -0.0004326467       -0.0002127228       -0.0000410297        0.0000652441        0.0000895750        0.0001141235
       98.0000000000       -0.0010504041       -0.0007367419       -0.0004528172       -0.0002210746       -0.0000479372        0.0000356952        0.0001065199        0.0001122832
       99.0000000000       -0.0010173062       -0.0007425602       -0.0004494569       -0.0002089169       -0.0000829131        0.0000179109        0.0000926821        0.0001197653
      100.0000000000       -0.0010321084       -0.0007353168       -0.0004600654       -0.0002587264       -0.0000992590        0.0000188837        0.0000901099        0.0000804441
      101.0000000000       -0.0010365255       -0.0007573913       -0.0004528572       -0.0002193374       -0.0000911163        0.0000055227        0.0000522922        0.0001244160
      102.0000000000       -0.0010069279       -0.0007238622       -0.0004852039       -0.0002632793       -0.0001165911       -0.0000011897        0.0000853341        0.0001152625
      103.0000000000       -0.0010287808       -0.0007592083       -0.0004860592       -0.0002728753       -0.0000962746       -0.0000183495        0.0000718784        0.0000715785
      104.0000000000       -0.0010162726       -0.0007490232       -0.0004955029       -0.0002777926       -0.0001002691       -0.0000490616        0.0000506504        0.0000479268
      105.0000000000       -0.0010214791       -0.0007688883       -0.0005199905       -0.0002977416       -0.0001366051       -0.0000489891        0.0000482248        0.0000597876
      106.0000000000       -0.0010342930       -0.0007702034       -0.0005064386       -0.0003409375       -0.0001308034       -0.0000556014        0.0000038796        0.0000588963
      107.0000000000       -0.0010595720       -0.0007904403       -0.0005221773       -0.0003567729       -0.0001616009       -0.0000527108        0.0000113113        0.0000544454
      108.0000000000       -0.0010322708       -0.0008192460       -0.0005215335       -0.0003528412       -0.0001592396       -0.0000605438       -0.0000006930        0.0000366595
      109.0000000000       -0.0010398685       -0.0008068754       -0.0005433602       -0.0003295758       -0.0001842890       -0.0000710951       -0.0000264977        0.0000036081
      110.0000000000       -0.0010277942       -0.0008109122       -0.0005356291       -0.0003482308       -0.0002228673       -0.0001050882       -0.0000339477        0.0000022433
      111.0000000000       -0.0010243746       -0.0007784605       -0.0005597941       -0.0003693505       -0.0002023147       -0.0000920360       -0.0000313796        0.0000199258
      112.0000000000       -0.0010147085       -0.0007852215       -0.0005711015       -0.0003775969       -0.0002173182       -0.0001073851       -0.0000780882       -0.0000101902
      113.0000000000       -0.0010131965       -0.0008086197       -0.0006001771       -0.0003864639       -0.0002449570       -0.0001373097       -0.0000771482        0.0000007780
      114.0000000000       -0.0010078413       -0.0007854456       -0.0005843694       -0.0003896501       -0.0002567054       -0.0001603556       -0.0000346377       -0.0000209167
      115.0000000000       -0.0009954777       -0.0008328639       -0.0005969378       -0.0004127823       -0.0002764326       -0.0001384765       -0.0000700069       -0.0000360716
      116.0000000000       -0.0010084416       -0.0008253765       -0.0005987694       -0.0004072903       -0.0002704233       -0.0001821921       -0.0000647043       -0.0000423633
      117.0000000000       -0.0010277192       -0.0008195215       -0.0006178827       -0.0004457388       -0.0003116181       -0.0001673125       -0.0001031789       -0.0000309746
      118.0000000000       -0.0010476917       -0.0008166928       -0.0006456857       -0.0004485566       -0.0003000132       -0.0001895841       -0.0001269624       -0.0000489391
      119.0000000000       -0.0010195626       -0.0008252169       -0.0006251693       -0.0004574693       -0.0003066980       -0.0001861170       -0.0001097985       -0.0000750310
      120.0000000000       -0.0010555142       -0.0008025611       -0.0006606847       -0.0004562579       -0.0003072446       -0.0001781346       -0.0001033265       -0.0000935903
      121.0000000000       -0.0010428768       -0.0008374048       -0.0006443164       -0.0004450918       -0.0003101819       -0.0002312495       -0.0001338183       -0.0000732922
      122.0000000000       -0.0010224214       -0.0008279811       -0.0006437798       -0.0004595705       -0.0003128300       -0.0002275124       -0.0001297985       -0.0000853580
      123.0000000000       -0.0010242519       -0.0008369351       -0.0006565407       -0.0004643493       -0.0003307225       -0.0002296673       -0.0001617973       -0.0000877974
      124.0000000000       -0.0010491926       -0.0008395842       -0.0006661341       -0.0004892084       -0.0003414626       -0.0002461526       -0.0001542367       -0.0001058716
      125.0000000000       -0.0010168282       -0.0008740942       -0.0006562535       -0.0004870235       -0.0003499819       -0.0002561163       -0.0001633141       -0.0001264576
      126.0000000000       -0.0010299578       -0.0008711204       -0.0006388703       -0.0004865078       -0.0003498365       -0.0002714079       -0.0001781218       -0.0001279101
      127.0000000000       -0.0010278122       -0.0008619335       -0.0006603932       -0.0005275654       -0.0003667328       -0.0002760372       -0.0001812035       -0.0001189068
      128.0000000000       -0.0010318108       -0.0008884412       -0.0006697445       -0.0005373479       -0.0003779500       -0.0002673186       -0.0002149856       -0.0001625456
      129.0000000000       -0.0010046120       -0.0008700445       -0.0007062738       -0.0005370701       -0.0003710582       -0.0002513684       -0.0001895102       -0.0001284827
      130.0000000000       -0.0010257782       -0.0008621144       -0.0006868810       -0.0005422923       -0.0003869747       -0.0002869131       -0.0001865421       -0.0001618319
      131.0000000000       -0.0010236680       -0.0008474070       -0.0007043569       -0.0005332086       -0.0004044057       -0.0003024110       -0.0002140652       -0.0001466241
      132.0000000000       -0.0010624340       -0.0008842872       -0.0007096916       -0.0005588016       -0.0004358405       -0.0002904920       -0.0002331656       -0.0001532411
      133.0000000000       -0.0010231183       -0.0008574549       -0.0007004465       -0.0005283866       -0.0004111966       -0.0003039510       -0.0002338108       -0.0001498056
      134.0000000000       -0.0010178970       -0.0008670155       -0.0007214620       -0.0005507306       -0.0004113163       -0.0003255126       -0.0002708796       -0.0001687027
      135.0000000000       -0.0010378676       -0.0009030271       -0.0007082153       -0.0005689070       -0.0004289236       -0.0003175422       -0.0002534580       -0.0001934677
      136.0000000000       -0.0010466355       -0.0008815996       -0.0007135161       -0.0005645312       -0.0004269580       -0.0003257134       -0.0002572069       -0.0002156677
      137.0000000000       -0.0010259140       -0.0008651245       -0.0007122999       -0.0005710296       -0.0004020007       -0.0003509509       -0.0002461929       -0.0002120939
      138.0000000000       -0.0010317459       -0.0009179309       -0.0007407026       -0.0005531630       -0.0004470821       -0.0003395042       -0.0002737585       -0.0002188473
      139.0000000000       -0.0010151833       -0.0008739526       -0.0007228546       -0.0005769258       -0.0004555584       -0.0003416607       -0.0002856089       -0.0001954674
      140.0000000000       -0.0010040262       -0.0008780057       -0.0007422344       -0.0005924757       -0.0005009432       -0.0003529819       -0.0002885143       -0.0002435979
      141.0000000000       -0.0010327045       -0.0009063045       -0.0007452174       -0.0005850760       -0.0004650986       -0.0003711897       -0.0002986396       -0.0002126710
      142.0000000000       -0.0010295617       -0.0008911182       -0.0007452395       -0.0005962501       -0.0004966735       -0.0003879187       -0.0002949164       -0.0002308343
      143.0000000000       -0.0010519150       -0.0009012797       -0.0007419117       -0.0006105699       -0.0004743862       -0.0003822602       -0.0003116601       -0.0002579233
      144.0000000000       -0.0010262283       -0.0008764863       -0.0007664357       -0.0006130082       -0.0004753969       -0.0003944578       -0.0003139450       -0.0002377043
      145.0000000000       -0.0010293342       -0.0008920376       -0.0007485078       -0.0006370036       -0.0004854219       -0.0004108256       -0.0003340227       -0.0002415981
      146.0000000000       -0.0010330996       -0.0008899567       -0.0007604196       -0.0006084439       -0.0005294028       -0.0003972743       -0.0003380937       -0.0002566860
      147.0000000000       -0.0010329369       -0.0009095560       -0.0007809686       -0.0006318330       -0.0005177372       -0.0003919215       -0.0003413136       -0.0002715026
      148.0000000000       -0.0010419125       -0.0008998825       -0.0007645751       -0.0006250228       -0.0005114156       -0.0004130574       -0.0003100091       -0.0002611437
      149.0000000000       -0.0010251515       -0.0008997917       -0.0007816751       -0.0006359647       -0.0005204849       -0.0004133642       -0.0003152970       -0.0002828674
      150.0000000000       -0.0010303098       -0.0009167150       -0.0007742738       -0.0006396200       -0.0005124460       -0.0004069758       -0.0003441756       -0.0003223111
      151.0000000000       -0.0010392820       -0.0009129781       -0.0007700177       -0.0006363123       -0.0005513703       -0.0004357382       -0.0003767094       -0.0002952138
      152.0000000000       -0.0010270649       -0.0009162896       -0.0007835774       -0.0006607246       -0.0005730284       -0.0004496891       -0.0003547010       -0.0003024315
      153.0000000000       -0.0010234560       -0.0009098666       -0.0007966653       -0.0006795554       -0.0005510897       -0.0004535049       -0.0003552681       -0.0002830317
      154.0000000000       -0.0010151005       -0.0009107399       -0.0007959325       -0.0006818537       -0.0005788492       -0.0004694988       -0.0003354699       -0.0003275646
      155.0000000000       -0.0010351162       -0.0009170851       -0.0007755926       -0.0006814985       -0.0005528323       -0.0004507490       -0.0003618820       -0.0003049073
      156.0000000000       -0.0010229899       -0.0009249347       -0.0007966294       -0.0006697037       -0.0005211873       -0.0004402875       -0.0003780024       -0.0003255056
      157.0000000000       -0.0010367345       -0.0009274405       -0.0007915930       -0.0006828164       -0.0005569486       -0.0004464716       -0.0003931978       -0.0003091177
      158.0000000000       -0.0010302538       -0.0009313931       -0.0008178108       -0.0006842532       -0.0005658267       -0.0004899135       -0.0003786421       -0.0003132666
      159.0000000000       -0.0010269320       -0.0009264361       -0.0008064692       -0.0006817825       -0.0005906314       -0.0004866929       -0.0004146045       -0.0003213936
      160.0000000000       -0.0010251674       -0.0009178882       -0.0008238762       -0.0006648461       -0.0006002942       -0.0004954657       -0.0004143724       -0.0003414948
      161.0000000000       -0.0010071478       -0.0008989313       -0.0008212574       -0.0006933878       -0.0005959920       -0.0005122177       -0.0004176602       -0.0003382856
      162.0000000000       -0.0010322516       -0.0009355999       -0.0008151128       -0.0007138884       -0.0006028914       -0.0004935834       -0.0004224540       -0.0003575362
      163.0000000000       -0.0010403362       -0.0009516971       -0.0008270945       -0.0007211318       -0.0005906265       -0.0005150676       -0.0004325002       -0.0003322982
      164.0000000000       -0.0010601884       -0.0009440737       -0.0008010828       -0.0007227805       -0.0005801114       -0.0004889368       -0.0004248071       -0.0003553201
      165.0000000000       -0.0010405152       -0.0009605696       -0.0008208353       -0.0006899317       -0.0006186302       -0.0004987446       -0.0004379760       -0.0003532415
      166.0000000000       -0.0010432941       -0.0009578839       -0.0008213374       -0.0007218075       -0.0006239342       -0.0005262022       -0.0004264006       -0.0003720091
      167.0000000000       -0.0010416945       -0.0009396351       -0.0008407189       -0.0007421413       -0.0005937560       -0.0005419648       -0.0004492816       -0.0003568409
      168.0000000000       -0.0010307564       -0.0009457896       -0.0008471796       -0.0007172752       -0.0006368814       -0.0005191629       -0.0004421747       -0.0003940978
      169.0000000000       -0.0010211992       -0.0009288489       -0.0008269111       -0.0007225351       -0.0006481873       -0.0005175694       -0.0004695998       -0.0003759611
      170.0000000000       -0.0010146278       -0.0009302466       -0.0008397528       -0.0007298880       -0.0006282116       -0.0005359843       -0.0004509163       -0.0003994637
      171.0000000000       -0.0010363019       -0.0009517264       -0.0008231732       -0.0007221208       -0.0006328563       -0.0005301150       -0.0004589310       -0.0004010717
      172.0000000000       -0.0010112085       -0.0009193603       -0.0008509315       -0.0007200862       -0.0006324939       -0.0005373288       -0.0004571127       -0.0004055210
      173.0000000000       -0.0010008462       -0.0009360305       -0.0008576045       -0.0007484451       -0.0006220790       -0.0005504587       -0.0004616680       -0.0004066577
      174.0000000000       -0.0010143146       -0.0009621791       -0.0008321408       -0.0007284731       -0.0006436052       -0.0005597302       -0.0004637612       -0.0004043563
      175.0000000000       -0.0010108257       -0.0009409742       -0.0008533154       -0.0007508792       -0.0006434725       -0.0005519028       -0.0004955082       -0.0004215304
      176.0000000000       -0.0010311358       -0.0009553872       -0.0008323071       -0.0007576413       -0.0006610098       -0.0005604428       -0.0004801142       -0.0004030080
      177.0000000000       -0.0010529382       -0.0009325785       -0.0008496458       -0.0007503148       -0.0006819831       -0.0005766227       -0.0005211861       -0.0004254087
      178.0000000000       -0.0010510569       -0.0009543993       -0.0008306565       -0.0007628868       -0.0006772657       -0.0005715506       -0.0005076605       -0.0004340934
      179.0000000000       -0.0010261066       -0.0009078319       -0.0008363791       -0.0007425116       -0.0006933474       -0.0005715932       -0.0005111026       -0.0004005240
      180.0000000000       -0.0010278667       -0.0009346572       -0.0008348637       -0.0007665829       -0.0006946566       -0.0005946236       -0.0005028443       -0.0004158768
      181.0000000000       -0.0010083538       -0.0009627509       -0.0008751816       -0.0007611230       -0.0006552672       -0.0005768468       -0.0004912257       -0.0003928824
      182.0000000000       -0.0009950024       -0.0009376411       -0.0008750450       -0.0007459226       -0.0006679218       -0.0005810618       -0.0005233885       -0.0003978463
      183.0000000000       -0.0010184238       -0.0009587316       -0.0008669600       -0.0007810943       -0.0006813471       -0.0005719226       -0.0004908764       -0.0004310883
      184.0000000000       -0.0010257027       -0.0009541833       -0.0008614175       -0.0007897611       -0.0006828729       -0.0005928085       -0.0005221600       -0.0004436432
      185.0000000000       -0.0010416987       -0.0009665099       -0.0008595000       -0.0007731621       -0.0006779433       -0.0006280787       -0.0005209738       -0.0004424745
      186.0000000000       -0.0010687242       -0.0009544812       -0.0008586676       -0.0008025223       -0.0006886693       -0.0006157387       -0.0005274791       -0.0004419207
      187.0000000000       -0.0010230421       -0.0009595698       -0.0008731600       -0.0007636267       -0.0006835984       -0.0006359787       -0.0005140400       -0.0004199886
      188.0000000000       -0.0010204795       -0.0009703840       -0.0008653171       -0.0007608043       -0.0007039934       -0.0006210744       -0.0005248282       -0.0004497269
      189.0000000000       -0.0010382699       -0.0009472752       -0.0008715090       -0.0007750814       -0.0006896041       -0.0005944852       -0.0004993887       -0.0004903281
      190.0000000000       -0.0010345387       -0.0009567930       -0.0008935549       -0.0007840986       -0.0006925553       -0.0006242374       -0.0005492282       -0.0004767714
      191.0000000000       -0.0010104916       -0.0009366750       -0.0008903548       -0.0007958668       -0.0007233182       -0.0006040613       -0.0005275725       -0.0004854461
      192.0000000000       -0.0010177151       -0.0009688227       -0.0008801813       -0.0008075059       -0.0007165315       -0.0006115383       -0.0005273778       -0.0004693158
      193.0000000000       -0.0010311116       -0.0009476824       -0.0008801697       -0.0008034666       -0.0007052532       -0.0006120795       -0.0005160214       -0.0004937022
      194.0000000000       -0.0010421971       -0.0009707543       -0.0008786381       -0.0007862751       -0.0007102728       -0.0006089482       -0.0005311929       -0.0004780317
      195.0000000000       -0.0010203875       -0.0009426440       -0.0008876463       -0.0008041757       -0.0007040812       -0.0006123435       -0.0005441135       -0.0004709677
      196.0000000000       -0.0010199688       -0.0009819477       -0.0008823754       -0.0008051485       -0.0007173394       -0.0006328484       -0.0005715419       -0.0004765846
      197.0000000000       -0.0010299632       -0.0009287472       -0.0008653626       -0.0008206636       -0.0007433016       -0.0006373130       -0.0005203687       -0.0004775202
      198.0000000000       -0.0010412074       -0.0009715957       -0.0008916656       -0.0007955699       -0.0007143370       -0.0006184906       -0.0005737518       -0.0004737941
      199.0000000000       -0.0010424863       -0.0009285776       -0.0008747232       -0.0008177204       -0.0007241940       -0.0006208984       -0.0005587121       -0.0004654296
      200.0000000000       -0.0010277888       -0.0009760449       -0.0008971075       -0.0008098597       -0.0007095502       -0.0006324199       -0.0005604227       -0.0004966787
      201.0000000000       -0.0010324071       -0.0009647701       -0.0008810139       -0.0008114064       -0.0007213573       -0.0006585791       -0.0005685118       -0.0005111166
      202.0000000000       -0.0010437339       -0.0009644493       -0.0008842509       -0.0008206255       -0.0007411806       -0.0006578725       -0.0005913656       -0.0004820455
      203.0000000000       -0.0010146270       -0.0009613885       -0.0008773956       -0.0008145619       -0.0007252825       -0.0006416202       -0.0005672295       -0.0004867014
      204.0000000000       -0.0010078569       -0.0009633807       -0.0008920761       -0.0008010071       -0.0007413629       -0.0006630679       -0.0005919867       -0.0004798264
      205.0000000000       -0.0010397331       -0.0009755332       -0.0008863771       -0.0008378629       -0.0007333379       -0.0006794855       -0.0005733975       -0.0004967971
      206.0000000000       -0.0010288614       -0.0009526163       -0.0009070445       -0.0007922993       -0.0007393336       -0.0006635068       -0.0005968001       -0.0004985273
      207.0000000000       -0.0010387211       -0.0009611551       -0.0008826173       -0.0008035009       -0.0007302508       -0.0006700697       -0.0005812889       -0.0005167458
      208.0000000000       -0.0010297295       -0.0009638085       -0.0008871950       -0.0008169058       -0.0007520277       -0.0006733110       -0.0005717445       -0.0005248992
      209.0000000000       -0.0010209254       -0.0009729415       -0.0008846570       -0.0007913596       -0.0007404313       -0.0006719795       -0.0005496224       -0.0005307884
      210.0000000000       -0.0010065043       -0.0009868718       -0.0008937637       -0.0007909628       -0.0007495323       -0.0006811727       -0.0005906764       -0.0005425045
      211.0000000000       -0.0010362985       -0.0009474625       -0.0009111375       -0.0008130313       -0.0007390906       -0.0006811721       -0.0006103840       -0.0005171528
      212.0000000000       -0.0010349575       -0.0009708865       -0.0008896062       -0.0008365250       -0.0007611755       -0.0006773376       -0.0005881110       -0.0005077421
      213.0000000000       -0.0010282535       -0.0009417927       -0.0009152573       -0.0008218441       -0.0007415103       -0.0006859075       -0.0006141809       -0.0005374910
      214.0000000000       -0.0010402230       -0.0009686468       -0.0009047593       -0.0008257933       -0.0007668032       -0.0006663596       -0.0006035101       -0.0005115320
      215.0000000000       -0.0010344006       -0.0009696363       -0.0008989847       -0.0008458985       -0.0007608958       -0.0007005644       -0.0006132374       -0.0005337862
      216.0000000000       -0.0010513559       -0.0009786398       -0.0009079215       -0.0008404667       -0.0007704920       -0.0006720429       -0.0006078070       -0.0005490655
      217.0000000000       -0.0010515705       -0.0009552014       -0.0009057615       -0.0008264737       -0.0007701194       -0.0006423506       -0.0006120929       -0.0005658048
      218.0000000000       -0.0010287040       -0.0009769880       -0.0009147749       -0.0008127620       -0.0007524530       -0.0006560295       -0.0006074387       -0.0005589419
      219.0000000000       -0.0010448810       -0.0009611760       -0.0009066407       -0.0008122057       -0.0007717087       -0.0006784532       -0.0005811892       -0.0005346389
      220.0000000000       -0.0010188793       -0.0009842495       -0.0008923229       -0.0008408880       -0.0007737908       -0.0006552495       -0.0005893543       -0.0005266005
      221.0000000000       -0.0010278760       -0.0009806211       -0.0008980785       -0.0008354973       -0.0007570214       -0.0006975826       -0.0006071901       -0.0005578767
      222.0000000000       -0.0010185080       -0.0009527074       -0.0008924792       -0.0008293146       -0.0007701674       -0.0007248876       -0.0005872569       -0.0005543782
      223.0000000000       -0.0010333280       -0.0009858307       -0.0009243109       -0.0008248043       -0.0007668628       -0.0006870352       -0.0006281146       -0.0005299356
      224.0000000000       -0.0010323530       -0.0009734972       -0.0009124515       -0.0008465763       -0.0007633294       -0.0006897026       -0.0006198976       -0.0005205548
      225.0000000000       -0.0010282306       -0.0009624010       -0.0009203291       -0.0008622361       -0.0007655521       -0.0006910669       -0.0006201216       -0.0005516852
      226.0000000000       -0.0010199020       -0.0009737387       -0.0009123515       -0.0008384166       -0.0007437516       -0.0006869852       -0.0006289818       -0.0005722227
      227.0000000000       -0.0010523867       -0.0009835261       -0.0008972982       -0.0008344852       -0.0007448252       -0.0007047613       -0.0006304103       -0.0005386694
      228.0000000000       -0.0010416005       -0.0009607403       -0.0009064301       -0.0008353636       -0.0007681716       -0.0007260117       -0.0006139027       -0.0005354804
      229.0000000000       -0.0010104651       -0.0009735061       -0.0008979155       -0.0008442884       -0.0007766209       -0.0007106632       -0.0006215552       -0.0005260689
      230.0000000000       -0.0010140715       -0.0009584759       -0.0009088202       -0.0008545157       -0.0007367700       -0.0007082663       -0.0006192443       -0.0005516938
      231.0000000000       -0.0010325297       -0.0009698467       -0.0009121888       -0.0008349197       -0.0007706288       -0.0007105643       -0.0006041534       -0.0005332367
      232.0000000000       -0.0010238136       -0.0009812685       -0.0009291307       -0.0008476365       -0.0007933615       -0.0006826856       -0.0006278051       -0.0005373959
      233.0000000000       -0.0010256171       -0.0009841703       -0.0009209306       -0.0008591012       -0.0007837408       -0.0007046829       -0.0006513922       -0.0005610823
      234.0000000000       -0.0010195751       -0.0009955933       -0.0009188691       -0.0008534734       -0.0007802437       -0.0007023034       -0.0006221715       -0.0005447411
      235.0000000000       -0.0010365374       -0.0009661927       -0.0008914043       -0.0008284745       -0.0007759570       -0.0007058476       -0.0006281238       -0.0005624955
      236.0000000000       -0.0010440490       -0.0010002754       -0.0009171640       -0.0008142745       -0.0007659507       -0.0006991441       -0.0006262843       -0.0005712377
      237.0000000000       -0.0010449845       -0.0009798665       -0.0008913197       -0.0008669065       -0.0007626647       -0.0007156575       -0.0006301649       -0.0005602636
      238.0000000000       -0.0010437553       -0.0009975852       -0.0009215974       -0.0008492841       -0.0007978314       -0.0007099614       -0.0006401524       -0.0005575446
      239.0000000000       -0.0010120172       -0.0009791842       -0.0009288604       -0.0008446371       -0.0007785246       -0.0006878341       -0.0006217937       -0.0005531417
      240.0000000000       -0.0010303645       -0.0009714673       -0.0009103531       -0.0008674902       -0.0007545742       -0.0006498613       -0.0006400125       -0.0005393006
      241.0000000000       -0.0010559275       -0.0009850914       -0.0009033197       -0.0008571297       -0.0007692332       -0.0007420490       -0.0006596757       -0.0005621896
      242.0000000000       -0.0010438570       -0.0009941742       -0.0009197996       -0.0008688771       -0.0007804329       -0.0007056560       -0.0006209731       -0.0005333987
      243.0000000000       -0.0010226883       -0.0009990361       -0.0009020403       -0.0008515442       -0.0007686906       -0.0006706812       -0.0006401942       -0.0005675306
      244.0000000000       -0.0010237693       -0.0009874391       -0.0009270717       -0.0008394493       -0.0007886539       -0.0007214530       -0.0006395087       -0.0005589702
      245.0000000000       -0.0010220263       -0.0009842580       -0.0009144466       -0.0008664992       -0.0007492654       -0.0007131323       -0.0006340127       -0.0005801208
      246.0000000000       -0.0010140700       -0.0009718118       -0.0009391745       -0.0008523490       -0.0008019141       -0.0007019225       -0.0006241791       -0.0005690779
      247.0000000000       -0.0010143804       -0.0009804445       -0.0009197357       -0.0008566356       -0.0007689914       -0.0007161317       -0.0006320095       -0.0005427596
      248.0000000000       -0.0009965252       -0.0009801945       -0.0009037566       -0.0008581568       -0.0007880410       -0.0007108757       -0.0006336843       -0.0005690270
      249.0000000000       -0.0010249229       -0.0009762714       -0.0009162066       -0.0008227765       -0.0007672697       -0.0006956376       -0.0006291852       -0.0005467151
      250.0000000000       -0.0010535128       -0.0009721553       -0.0009174217       -0.0008675570       -0.0007927991       -0.0007211199       -0.0006109355       -0.0005773544
      251.0000000000       -0.0010323365       -0.0009757080       -0.0009449651       -0.0008541640       -0.0007757176       -0.0007152786       -0.0006124871       -0.0005529657
      252.0000000000       -0.0010357615       -0.0009905963       -0.0009401134       -0.0008606580       -0.0008019630       -0.0007161452       -0.0006528452       -0.0005506981
      253.0000000000       -0.0010568138       -0.0009777549       -0.0009325976       -0.0008547986       -0.0007982958       -0.0007171315       -0.0006312337       -0.0005554940
      254.0000000000       -0.0010040458       -0.0009686157       -0.0009312037       -0.0008691223       -0.0007936214       -0.0006937119       -0.0006434185       -0.0005908600
      255.0000000000       -0.0010216607       -0.0009734405       -0.0009249522       -0.0008412244       -0.0007708007       -0.0007175772       -0.0006199281       -0.0005605189
