        0.0000000000        0.0490268454
        1.0000000000        0.0233703452
        2.0000000000        0.0154991736
        3.0000000000        0.0117366360
        4.0000000000        0.0092109904
        5.0000000000        0.0073401295
        6.0000000000        0.0059324489
        7.0000000000        0.0048268902
        8.0000000000        0.0041006942
        9.0000000000        0.0034259703
       10.0000000000        0.0031772087
       11.0000000000        0.0028197691
       12.0000000000        0.0024650263
       13.0000000000        0.0023314148
       14.0000000000        0.0022016856
       15.0000000000        0.0019176201
       16.0000000000        0.0016040974
       17.0000000000        0.0015454916
       18.0000000000        0.0015064613
       19.0000000000        0.0014472439
       20.0000000000        0.0013190592
       21.0000000000        0.0012271939
       22.0000000000        0.0011963591
       23.0000000000        0.0009282384
       24.0000000000        0.0007412458
       25.0000000000        0.0006789179
       26.0000000000        0.0005661721
       27.0000000000        0.0006946234
       28.0000000000        0.0007300162
       29.0000000000        0.0006143118
       30.0000000000        0.0004819583
       31.0000000000        0.0004353296
       32.0000000000        0.0003782644
       33.0000000000        0.0004518040
       34.0000000000        0.0004190675
       35.0000000000        0.0004437251
       36.0000000000        0.0004983687
       37.0000000000        0.0005297639
       38.0000000000        0.0003368086
       39.0000000000        0.0002924130
       40.0000000000        0.0002906485
       41.0000000000        0.0004113264
       42.0000000000        0.0004690575
       43.0000000000        0.0004283240
       44.0000000000        0.0004440890
       45.0000000000        0.0005031508
       46.0000000000        0.0004229491
       47.0000000000        0.0005075613
       48.0000000000        0.0004860640
       49.0000000000        0.0004252885
       50.0000000000        0.0002597607
       51.0000000000        0.0002916568
       52.0000000000        0.0001170910
       53.0000000000        0.0002230505
       54.0000000000        0.0003022515
       55.0000000000        0.0003499085
       56.0000000000        0.0002629491
       57.0000000000        0.0000831504
       58.0000000000        0.0001252557
       59.0000000000        0.0001240978
       60.0000000000        0.0000937397
       61.0000000000        0.0001252719
       62.0000000000        0.0002483598
       63.0000000000        0.0002734260
       64.0000000000        0.0002175976
       65.0000000000        0.0002677926
       66.0000000000        0.0002556363
       67.0000000000        0.0004010558
       68.0000000000        0.0003242937
       69.0000000000        0.0002835983
       70.0000000000        0.0000486922
       71.0000000000        0.0001288076
       72.0000000000        0.0001165078
       73.0000000000        0.0002372096
       74.0000000000        0.0003187189
       75.0000000000        0.0003128656
       76.0000000000        0.0002269821
       77.0000000000        0.0000451163
       78.0000000000        0.0002064029
       79.0000000000        0.0003907054
       80.0000000000        0.0004665913
       81.0000000000        0.0005347825
       82.0000000000        0.0004866538
       83.0000000000        0.0002977845
       84.0000000000        0.0003286126
       85.0000000000        0.0001937868
       86.0000000000        0.0003648281
       87.0000000000        0.0005221611
       88.0000000000        0.0004064944
       89.0000000000        0.0003242797
       90.0000000000        0.0002262329
       91.0000000000        0.0001626945
       92.0000000000        0.0001246796
       93.0000000000        0.0001084501
       94.0000000000       -0.0000899453
       95.0000000000        0.0001035789
       96.0000000000        0.0000220167
       97.0000000000        0.0001764777
       98.0000000000        0.0002736160
       99.0000000000        0.0002569586
      100.0000000000        0.0001954132
      101.0000000000        0.0000823463
      102.0000000000       -0.0000149296
      103.0000000000       -0.0001474690
      104.0000000000       -0.0001502543
      105.0000000000       -0.0001217438
      106.0000000000       -0.0001424856
      107.0000000000        0.0000057531
      108.0000000000       -0.0001157821
      109.0000000000        0.0000202231
      110.0000000000        0.0001342615
      111.0000000000        0.0001455755
      112.0000000000       -0.0000859606
      113.0000000000        0.0001069448
      114.0000000000       -0.0000147096
      115.0000000000        0.0001526877
      116.0000000000        0.0001625413
      117.0000000000        0.0001810606
      118.0000000000        0.0001306614
      119.0000000000        0.0000744866
      120.0000000000       -0.0000283356
      121.0000000000        0.0000921257
      122.0000000000       -0.0000542790
      123.0000000000       -0.0000034302
      124.0000000000       -0.0000552366
      125.0000000000       -0.0000645115
      126.0000000000       -0.0000748650
      127.0000000000        0.0000777305
      128.0000000000       -0.0001133968
      129.0000000000        0.0000372441
      130.0000000000        0.0000494934
      131.0000000000        0.0001300356
      132.0000000000        0.0001451901
      133.0000000000        0.0001799462
      134.0000000000        0.0000811451
      135.0000000000        0.0000544142
      136.0000000000        0.0000737415
      137.0000000000       -0.0000247429
      138.0000000000       -0.0000642672
      139.0000000000       -0.0000053115
      140.0000000000        0.0000068368
      141.0000000000       -0.0000140984
      142.0000000000        0.0000134791
      143.0000000000        0.0000022008
      144.0000000000       -0.0000990240
      145.0000000000       -0.0000923175
      146.0000000000       -0.0001134069
      147.0000000000        0.0000858155
      148.0000000000        0.0001353127
      149.0000000000       -0.0000180583
      150.0000000000       -0.0001250106
      151.0000000000       -0.0001413842
      152.0000000000       -0.0001409937
      153.0000000000       -0.0001140622
      154.0000000000       -0.0002201217
      155.0000000000       -0.0000578169
      156.0000000000        0.0000560456
      157.0000000000        0.0000030231
      158.0000000000       -0.0000657447
      159.0000000000       -0.0001821397
      160.0000000000       -0.0000668691
      161.0000000000       -0.0000508781
      162.0000000000       -0.0000858180
      163.0000000000       -0.0000905980
      164.0000000000       -0.0001904732
      165.0000000000       -0.0001064529
      166.0000000000       -0.0000088523
      167.0000000000       -0.0001443977
      168.0000000000       -0.0001129107
      169.0000000000       -0.0000851738
      170.0000000000       -0.0000177994
      171.0000000000       -0.0000456594
      172.0000000000       -0.0001186184
      173.0000000000       -0.0000010024
      174.0000000000        0.0001196419
      175.0000000000        0.0000257337
      176.0000000000        0.0000266157
      177.0000000000        0.0000184639
      178.0000000000       -0.0000251718
      179.0000000000       -0.0000476436
      180.0000000000       -0.0001927060
      181.0000000000       -0.0000235452
      182.0000000000       -0.0001923301
      183.0000000000       -0.0002285016
      184.0000000000        0.0000734527
      185.0000000000       -0.0001000072
      186.0000000000       -0.0000016431
      187.0000000000       -0.0000832470
      188.0000000000       -0.0001134304
      189.0000000000       -0.0001408947
      190.0000000000        0.0000772841
      191.0000000000       -0.0000325974
      192.0000000000        0.0000281949
      193.0000000000       -0.0000012484
      194.0000000000        0.0001158814
      195.0000000000        0.0000408384
      196.0000000000        0.0000339688
      197.0000000000       -0.0000993621
      198.0000000000       -0.0000072295
      199.0000000000       -0.0000848847
      200.0000000000       -0.0000298310
      201.0000000000       -0.0001894723
      202.0000000000       -0.0000761735
      203.0000000000        0.0001133688
      204.0000000000        0.0002248097
      205.0000000000        0.0000292459
      206.0000000000        0.0000324252
      207.0000000000        0.0001323812
      208.0000000000       -0.0000035546
      209.0000000000       -0.0000108449
      210.0000000000       -0.0000897373
      211.0000000000       -0.0002205057
      212.0000000000        0.0000147439
      213.0000000000       -0.0000574997
      214.0000000000       -0.0002401034
      215.0000000000       -0.0000952710
      216.0000000000        0.0000090854
      217.0000000000        0.0000298458
      218.0000000000       -0.0001663185
      219.0000000000       -0.0000986047
      220.0000000000       -0.0000591642
      221.0000000000        0.0001066216
      222.0000000000        0.0000679356
      223.0000000000        0.0000110978
      224.0000000000       -0.0000451003
      225.0000000000        0.0000523075
      226.0000000000       -0.0000453960
      227.0000000000       -0.0000367556
      228.0000000000        0.0000948549
      229.0000000000        0.0000951741
      230.0000000000        0.0001069947
      231.0000000000        0.0000252268
      232.0000000000        0.0001501617
      233.0000000000        0.0001483317
      234.0000000000        0.0001689700
      235.0000000000        0.0000571500
      236.0000000000        0.0000862053
      237.0000000000       -0.0000545518
      238.0000000000        0.0000311068
      239.0000000000        0.0000374779
      240.0000000000        0.0000095163
      241.0000000000        0.0000121010
      242.0000000000        0.0000483232
      243.0000000000        0.0000112252
      244.0000000000        0.0000346871
      245.0000000000       -0.0000360417
      246.0000000000       -0.0000049119
      247.0000000000       -0.0000897525
      248.0000000000        0.0000105169
      249.0000000000        0.0000176821
      250.0000000000       -0.0000563003
      251.0000000000       -0.0001459947
      252.0000000000       -0.0000662571
      253.0000000000        0.0001157110
      254.0000000000       -0.0000168599
      255.0000000000       -0.0000982985
      256.0000000000       -0.0000505891
