        0.0000000000        0.0844543124
        1.0000000000        0.0184806394
        2.0000000000        0.0089987616
        3.0000000000        0.0057143327
        4.0000000000        0.0040793458
        5.0000000000        0.0031374125
        6.0000000000        0.0025121978
        7.0000000000        0.0020754713
        8.0000000000        0.0017643183
        9.0000000000        0.0015323492
       10.0000000000        0.0013582245
       11.0000000000        0.0012032432
       12.0000000000        0.0010720340
       13.0000000000        0.0009557653
       14.0000000000        0.0008978715
       15.0000000000        0.0007975643
       16.0000000000        0.0007312436
       17.0000000000        0.0006600387
       18.0000000000        0.0006177546
       19.0000000000        0.0005692414
       20.0000000000        0.0005470959
       21.0000000000        0.0004923875
       22.0000000000        0.0004708753
       23.0000000000        0.0004327548
       24.0000000000        0.0003878753
       25.0000000000        0.0004064680
       26.0000000000        0.0003907966
       27.0000000000        0.0003745063
       28.0000000000        0.0003274678
       29.0000000000        0.0002988053
       30.0000000000        0.0002540632
       31.0000000000        0.0002826217
       32.0000000000        0.0002827415
       33.0000000000        0.0002634009
       34.0000000000        0.0002568926
       35.0000000000        0.0002592781
       36.0000000000        0.0002447906
       37.0000000000        0.0002727087
       38.0000000000        0.0002425305
       39.0000000000        0.0002159181
       40.0000000000        0.0002139622
       41.0000000000        0.0002146873
       42.0000000000        0.0002121685
       43.0000000000        0.0001969003
       44.0000000000        0.0001576024
       45.0000000000        0.0001541174
       46.0000000000        0.0001378678
       47.0000000000        0.0001507616
       48.0000000000        0.0001633444
       49.0000000000        0.0001465400
       50.0000000000        0.0001362159
       51.0000000000        0.0001543995
       52.0000000000        0.0001440985
       53.0000000000        0.0001377982
       54.0000000000        0.0001410853
       55.0000000000        0.0001373150
       56.0000000000        0.0001006107
       57.0000000000        0.0001312179
       58.0000000000        0.0001245596
       59.0000000000        0.0001417986
       60.0000000000        0.0001534023
       61.0000000000        0.0001357091
       62.0000000000        0.0001092679
       63.0000000000        0.0000901897
       64.0000000000        0.0001006080
       65.0000000000        0.0000641071
       66.0000000000        0.0000703599
       67.0000000000        0.0000867860
       68.0000000000        0.0000946917
       69.0000000000        0.0000568625
       70.0000000000        0.0000622032
       71.0000000000        0.0000732274
       72.0000000000        0.0001017418
       73.0000000000        0.0000712805
       74.0000000000        0.0000662405
       75.0000000000        0.0000645312
       76.0000000000        0.0000660856
       77.0000000000        0.0000658574
       78.0000000000        0.0000648974
       79.0000000000        0.0000710545
       80.0000000000        0.0000514611
       81.0000000000        0.0000626923
       82.0000000000        0.0000406362
       83.0000000000        0.0000621317
       84.0000000000        0.0000448148
       85.0000000000        0.0000597827
       86.0000000000        0.0000613064
       87.0000000000        0.0000605793
       88.0000000000        0.0000361540
       89.0000000000        0.0000324316
       90.0000000000        0.0000461706
       91.0000000000        0.0000447293
       92.0000000000        0.0000456293
       93.0000000000        0.0000220784
       94.0000000000        0.0000153574
       95.0000000000        0.0000342438
       96.0000000000        0.0000379429
       97.0000000000        0.0000304412
       98.0000000000        0.0000462355
       99.0000000000        0.0000512181
      100.0000000000        0.0000438639
      101.0000000000        0.0000158855
      102.0000000000        0.0000226200
      103.0000000000        0.0000305707
      104.0000000000        0.0000528593
      105.0000000000        0.0000211247
      106.0000000000        0.0000246490
      107.0000000000        0.0000145101
      108.0000000000        0.0000324359
      109.0000000000        0.0000321119
      110.0000000000        0.0000164851
      111.0000000000        0.0000441660
      112.0000000000        0.0000441388
      113.0000000000        0.0000151149
      114.0000000000        0.0000375776
      115.0000000000       -0.0000079435
      116.0000000000       -0.0000020291
      117.0000000000        0.0000036403
      118.0000000000        0.0000079781
      119.0000000000        0.0000030639
      120.0000000000        0.0000030482
      121.0000000000        0.0000259498
      122.0000000000        0.0000158337
      123.0000000000        0.0000049678
      124.0000000000        0.0000228451
      125.0000000000        0.0000180505
      126.0000000000        0.0000144155
      127.0000000000        0.0000395047
      128.0000000000       -0.0000026007
      129.0000000000       -0.0000047403
      130.0000000000        0.0000158639
      131.0000000000        0.0000267152
      132.0000000000        0.0000353395
      133.0000000000        0.0000022006
      134.0000000000        0.0000193220
      135.0000000000        0.0000103335
      136.0000000000        0.0000103972
      137.0000000000        0.0000128532
      138.0000000000        0.0000236211
      139.0000000000        0.0000139831
      140.0000000000        0.0000151060
      141.0000000000        0.0000248717
      142.0000000000        0.0000238660
      143.0000000000        0.0000473072
      144.0000000000        0.0000379675
      145.0000000000        0.0000240844
      146.0000000000        0.0000155425
      147.0000000000        0.0000130254
      148.0000000000        0.0000118064
      149.0000000000       -0.0000089186
      150.0000000000       -0.0000113861
      151.0000000000       -0.0000027144
      152.0000000000        0.0000149411
      153.0000000000        0.0000093009
      154.0000000000        0.0000138410
      155.0000000000       -0.0000082760
      156.0000000000       -0.0000077002
      157.0000000000       -0.0000000132
      158.0000000000        0.0000488850
      159.0000000000        0.0000130711
      160.0000000000        0.0000205538
      161.0000000000        0.0000085991
      162.0000000000        0.0000322049
      163.0000000000       -0.0000023635
      164.0000000000        0.0000054438
      165.0000000000       -0.0000081784
      166.0000000000       -0.0000218731
      167.0000000000        0.0000032470
      168.0000000000        0.0000139404
      169.0000000000        0.0000085238
      170.0000000000        0.0000237843
      171.0000000000        0.0000037501
      172.0000000000        0.0000139688
      173.0000000000        0.0000160195
      174.0000000000       -0.0000101161
      175.0000000000       -0.0000050209
      176.0000000000       -0.0000063598
      177.0000000000       -0.0000009340
      178.0000000000       -0.0000019110
      179.0000000000       -0.0000158276
      180.0000000000       -0.0000240225
      181.0000000000       -0.0000386995
      182.0000000000       -0.0000090892
      183.0000000000       -0.0000175731
      184.0000000000       -0.0000110875
      185.0000000000       -0.0000078689
      186.0000000000       -0.0000122314
      187.0000000000        0.0000183225
      188.0000000000        0.0000115817
      189.0000000000        0.0000011350
      190.0000000000        0.0000092644
      191.0000000000        0.0000288760
      192.0000000000        0.0000451193
      193.0000000000        0.0000178583
      194.0000000000        0.0000021447
      195.0000000000        0.0000239278
      196.0000000000        0.0000064385
      197.0000000000        0.0000181796
      198.0000000000        0.0000222702
      199.0000000000       -0.0000068129
      200.0000000000       -0.0000027765
      201.0000000000        0.0000082780
      202.0000000000        0.0000047691
      203.0000000000        0.0000256346
      204.0000000000        0.0000176066
      205.0000000000        0.0000242758
      206.0000000000        0.0000292475
      207.0000000000        0.0000447759
      208.0000000000        0.0000114059
      209.0000000000        0.0000197692
      210.0000000000        0.0000002157
      211.0000000000        0.0000165157
      212.0000000000       -0.0000165625
      213.0000000000       -0.0000169310
      214.0000000000        0.0000344911
      215.0000000000        0.0000119404
      216.0000000000        0.0000192849
      217.0000000000        0.0000269364
      218.0000000000        0.0000199232
      219.0000000000        0.0000179250
      220.0000000000        0.0000339000
      221.0000000000        0.0000166838
      222.0000000000        0.0000378831
      223.0000000000        0.0000437011
      224.0000000000        0.0000160064
      225.0000000000        0.0000402371
      226.0000000000        0.0000215382
      227.0000000000        0.0000280726
      228.0000000000        0.0000326432
      229.0000000000        0.0000518407
      230.0000000000        0.0000436482
      231.0000000000        0.0000264077
      232.0000000000        0.0000289722
      233.0000000000        0.0000245026
      234.0000000000        0.0000248940
      235.0000000000       -0.0000026575
      236.0000000000        0.0000303420
      237.0000000000        0.0000176000
      238.0000000000       -0.0000009935
      239.0000000000       -0.0000096536
      240.0000000000       -0.0000046407
      241.0000000000       -0.0000027007
      242.0000000000        0.0000105908
      243.0000000000        0.0000062031
      244.0000000000        0.0000030201
      245.0000000000        0.0000074646
      246.0000000000        0.0000146750
      247.0000000000        0.0000276480
      248.0000000000        0.0000295894
      249.0000000000        0.0000003237
      250.0000000000        0.0000242811
      251.0000000000       -0.0000005209
      252.0000000000       -0.0000020866
      253.0000000000        0.0000082897
      254.0000000000        0.0000465297
      255.0000000000        0.0000098172
      256.0000000000       -0.0000132345
