        0.0000000000        0.2792506919
        0.1000000000        0.2776469103
        0.2000000000        0.2729102008
        0.3000000000        0.2652471299
        0.4000000000        0.2549826979
        0.5000000000        0.2425336408
        0.6000000000        0.2283759384
        0.7000000000        0.2130103864
        0.8000000000        0.1969299467
        0.9000000000        0.1805919259
        1.0000000000        0.1643970206
        1.1000000000        0.1486761411
        1.2000000000        0.1336848704
        1.3000000000        0.1196045883
        1.4000000000        0.1065487592
        1.5000000000        0.0945726520
        1.6000000000        0.0836847958
        1.7000000000        0.0738587072
        1.8000000000        0.0650437703
        1.9000000000        0.0571745478
        2.0000000000        0.0501781682
        2.1000000000        0.0439797475
        2.2000000000        0.0385060239
        2.3000000000        0.0336875214
        2.4000000000        0.0294596066
        2.5000000000        0.0257627915
        2.6000000000        0.0225425798
        2.7000000000        0.0197490806
        2.8000000000        0.0173365475
        2.9000000000        0.0152629368
        3.0000000000        0.0134895377
        3.1000000000        0.0119806924
        3.2000000000        0.0107036018
        3.3000000000        0.0096281962
        3.4000000000        0.0087270464
        3.5000000000        0.0079752890
        3.6000000000        0.0073505525
        3.7000000000        0.0068328731
        3.8000000000        0.0064045994
        3.9000000000        0.0060502857
        4.0000000000        0.0057565742
        4.1000000000        0.0055120675
        4.2000000000        0.0053071881
        4.3000000000        0.0051340251
        4.4000000000        0.0049861628
        4.5000000000        0.0048584911
        4.6000000000        0.0047470001
        4.7000000000        0.0046485664
        4.8000000000        0.0045607481
        4.9000000000        0.0044816029
        5.0000000000        0.0044095456
        5.1000000000        0.0043432464
        5.2000000000        0.0042815649
        5.3000000000        0.0042235041
        5.4000000000        0.0041681706
        5.5000000000        0.0041147319
        5.6000000000        0.0040623723
        5.7000000000        0.0040102589
        5.8000000000        0.0039575330
        5.9000000000        0.0039033361
        6.0000000000        0.0038468712
        6.1000000000        0.0037874843
        6.2000000000        0.0037247457
        6.3000000000        0.0036585061
        6.4000000000        0.0035889131
        6.5000000000        0.0035163817
        6.6000000000        0.0034415230
        6.7000000000        0.0033650437
        6.8000000000        0.0032876353
        6.9000000000        0.0032098740
        7.0000000000        0.0031321568
        7.1000000000        0.0030546909
        7.2000000000        0.0029775446
        7.3000000000        0.0029007511
        7.4000000000        0.0028244408
        7.5000000000        0.0027489702
        7.6000000000        0.0026750144
        7.7000000000        0.0026036041
        7.8000000000        0.0025360983
        7.9000000000        0.0024741008
        8.0000000000        0.0024193346
        8.1000000000        0.0023734948
        8.2000000000        0.0023381026
        8.3000000000        0.0023143788
        8.4000000000        0.0023031539
        8.5000000000        0.0023048221
        8.6000000000        0.0023193381
        8.7000000000        0.0023462468
        8.8000000000        0.0023847297
        8.9000000000        0.0024336478
        9.0000000000        0.0024915708
        9.1000000000        0.0025567896
        9.2000000000        0.0026273261
        9.3000000000        0.0027009623
        9.4000000000        0.0027753066
        9.5000000000        0.0028479033
        9.6000000000        0.0029163677
        9.7000000000        0.0029785241
        9.8000000000        0.0030325158
        9.9000000000        0.0030768753
       10.0000000000        0.0031105471
       10.1000000000        0.0031328718
       10.2000000000        0.0031435386
       10.3000000000        0.0031425198
       10.4000000000        0.0031299942
       10.5000000000        0.0031062743
       10.6000000000        0.0030717471
       10.7000000000        0.0030268437
       10.8000000000        0.0029720394
       10.9000000000        0.0029078810
       11.0000000000        0.0028350260
       11.1000000000        0.0027542768
       11.2000000000        0.0026665932
       11.3000000000        0.0025730775
       11.4000000000        0.0024749325
       11.5000000000        0.0023734040
       11.6000000000        0.0022697244
       11.7000000000        0.0021650688
       11.8000000000        0.0020605324
       11.9000000000        0.0019571278
       12.0000000000        0.0018557955
       12.1000000000        0.0017574215
       12.2000000000        0.0016628543
       12.3000000000        0.0015729223
       12.4000000000        0.0014884528
       12.5000000000        0.0014102944
       12.6000000000        0.0013393409
       12.7000000000        0.0012765518
       12.8000000000        0.0012229577
       12.9000000000        0.0011796431
       13.0000000000        0.0011476990
       13.1000000000        0.0011281474
       13.2000000000        0.0011218506
       13.3000000000        0.0011294180
       13.4000000000        0.0011511286
       13.5000000000        0.0011868755
       13.6000000000        0.0012361332
       13.7000000000        0.0012979434
       13.8000000000        0.0013709123
       13.9000000000        0.0014532216
       14.0000000000        0.0015426542
       14.1000000000        0.0016366467
       14.2000000000        0.0017323684
       14.3000000000        0.0018268342
       14.4000000000        0.0019170445
       14.5000000000        0.0020001518
       14.6000000000        0.0020736388
       14.7000000000        0.0021354950
       14.8000000000        0.0021843670
       14.9000000000        0.0022196644
       15.0000000000        0.0022416048
       15.1000000000        0.0022511886
       15.2000000000        0.0022500982
       15.3000000000        0.0022405239
       15.4000000000        0.0022249228
       15.5000000000        0.0022057308
       15.6000000000        0.0021850590
       15.7000000000        0.0021644175
       15.8000000000        0.0021445105
       15.9000000000        0.0021251383
       16.0000000000        0.0021052244
       16.1000000000        0.0020829607
       16.2000000000        0.0020560417
       16.3000000000        0.0020219416
       16.4000000000        0.0019781865
       16.5000000000        0.0019225824
       16.6000000000        0.0018533780
       16.7000000000        0.0017693651
       16.8000000000        0.0016699249
       16.9000000000        0.0015550385
       17.0000000000        0.0014252691
       17.1000000000        0.0012817181
       17.2000000000        0.0011259496
       17.3000000000        0.0009598781
       17.4000000000        0.0007856169
       17.5000000000        0.0006052989
       17.6000000000        0.0004208874
       17.7000000000        0.0002340086
       17.8000000000        0.0000458369
       17.9000000000       -0.0001429397
       18.0000000000       -0.0003320606
       18.1000000000       -0.0005215468
       18.2000000000       -0.0007114911
       18.3000000000       -0.0009018236
       18.4000000000       -0.0010920991
       18.5000000000       -0.0012813490
       18.6000000000       -0.0014680258
       18.7000000000       -0.0016500480
       18.8000000000       -0.0018249269
       18.9000000000       -0.0019899453
       19.0000000000       -0.0021423491
       19.1000000000       -0.0022795218
       19.2000000000       -0.0023991220
       19.3000000000       -0.0024991744
       19.4000000000       -0.0025781155
       19.5000000000       -0.0026348044
       19.6000000000       -0.0026685101
       19.7000000000       -0.0026788950
       19.8000000000       -0.0026660079
       19.9000000000       -0.0026302969
       20.0000000000       -0.0025726400
       20.1000000000       -0.0024943844
       20.2000000000       -0.0023973800
       20.3000000000       -0.0022839893
       20.4000000000       -0.0021570599
       20.5000000000       -0.0020198497
       20.6000000000       -0.0018759020
       20.7000000000       -0.0017288791
       20.8000000000       -0.0015823688
       20.9000000000       -0.0014396883
       21.0000000000       -0.0013037057
       21.1000000000       -0.0011766990
       21.2000000000       -0.0010602628
       21.3000000000       -0.0009552690
       21.4000000000       -0.0008618863
       21.5000000000       -0.0007796546
       21.6000000000       -0.0007076056
       21.7000000000       -0.0006444114
       21.8000000000       -0.0005885406
       21.9000000000       -0.0005384041
       22.0000000000       -0.0004924729
       22.1000000000       -0.0004493621
       22.2000000000       -0.0004078809
       22.3000000000       -0.0003670593
       22.4000000000       -0.0003261658
       22.5000000000       -0.0002847284
       22.6000000000       -0.0002425600
       22.7000000000       -0.0001997773
       22.8000000000       -0.0001567933
       22.9000000000       -0.0001142660
       23.0000000000       -0.0000729932
       23.1000000000       -0.0000337606
       23.2000000000        0.0000028357
       23.3000000000        0.0000365570
       23.4000000000        0.0000676400
       23.5000000000        0.0000968309
       23.6000000000        0.0001253179
       23.7000000000        0.0001545702
       23.8000000000        0.0001861081
       23.9000000000        0.0002212489
       24.0000000000        0.0002608771
       24.1000000000        0.0003052828
       24.2000000000        0.0003541047
       24.3000000000        0.0004063856
       24.4000000000        0.0004607247
       24.5000000000        0.0005154887
       24.6000000000        0.0005690319
       24.7000000000        0.0006198817
       24.8000000000        0.0006668653
       24.9000000000        0.0007091688
       25.0000000000        0.0007463362
       25.1000000000        0.0007782229
       25.2000000000        0.0008049203
       25.3000000000        0.0008266762
       25.4000000000        0.0008438303
       25.5000000000        0.0008567819
       25.6000000000        0.0008659964
       25.7000000000        0.0008720486
       25.8000000000        0.0008756834
       25.9000000000        0.0008778703
       26.0000000000        0.0008798250
       26.1000000000        0.0008829744
       26.2000000000        0.0008888604
       26.3000000000        0.0008989845
       26.4000000000        0.0009146197
       26.5000000000        0.0009366172
       26.6000000000        0.0009652444
       26.7000000000        0.0010000833
       26.8000000000        0.0010400092
       26.9000000000        0.0010832563
       27.0000000000        0.0011275613
       27.1000000000        0.0011703672
       27.2000000000        0.0012090534
       27.3000000000        0.0012411614
       27.4000000000        0.0012645839
       27.5000000000        0.0012776955
       27.6000000000        0.0012794139
       27.7000000000        0.0012691920
       27.8000000000        0.0012469533
       27.9000000000        0.0012129936
       28.0000000000        0.0011678754
       28.1000000000        0.0011123412
       28.2000000000        0.0010472632
       28.3000000000        0.0009736369
       28.4000000000        0.0008926060
       28.5000000000        0.0008054939
       28.6000000000        0.0007138131
       28.7000000000        0.0006192314
       28.8000000000        0.0005234970
       28.9000000000        0.0004283389
       29.0000000000        0.0003353701
       29.1000000000        0.0002460102
       29.2000000000        0.0001614344
       29.3000000000        0.0000825458
       29.4000000000        0.0000099687
       29.5000000000       -0.0000559387
       29.6000000000       -0.0001150543
       29.7000000000       -0.0001674545
       29.8000000000       -0.0002133796
       29.9000000000       -0.0002532144
       30.0000000000       -0.0002874802
       30.1000000000       -0.0003168294
       30.2000000000       -0.0003420242
       30.3000000000       -0.0003638916
       30.4000000000       -0.0003832587
       30.5000000000       -0.0004008846
       30.6000000000       -0.0004174113
       30.7000000000       -0.0004333530
       30.8000000000       -0.0004491223
       30.9000000000       -0.0004650735
       31.0000000000       -0.0004815282
       31.1000000000       -0.0004987525
       31.2000000000       -0.0005168798
       31.3000000000       -0.0005357984
       31.4000000000       -0.0005550491
       31.5000000000       -0.0005737723
       31.6000000000       -0.0005907285
       31.7000000000       -0.0006043930
       31.8000000000       -0.0006131024
       31.9000000000       -0.0006152328
       32.0000000000       -0.0006093861
       32.1000000000       -0.0005945672
       32.2000000000       -0.0005703368
       32.3000000000       -0.0005369184
       32.4000000000       -0.0004952378
       32.5000000000       -0.0004468729
       32.6000000000       -0.0003939045
       32.7000000000       -0.0003386773
       32.8000000000       -0.0002835114
       32.9000000000       -0.0002304216
       33.0000000000       -0.0001809072
       33.1000000000       -0.0001358606
       33.2000000000       -0.0000956098
       33.3000000000       -0.0000600816
       33.4000000000       -0.0000290391
       33.5000000000       -0.0000023343
       33.6000000000        0.0000198868
       33.7000000000        0.0000370731
       33.8000000000        0.0000482726
       33.9000000000        0.0000522385
       34.0000000000        0.0000476051
       34.1000000000        0.0000330870
       34.2000000000        0.0000076613
       34.3000000000       -0.0000292993
       34.4000000000       -0.0000779543
       34.5000000000       -0.0001379825
       34.6000000000       -0.0002086106
       34.7000000000       -0.0002886572
       34.8000000000       -0.0003765672
       34.9000000000       -0.0004704267
       35.0000000000       -0.0005679636
       35.1000000000       -0.0006665513
       35.2000000000       -0.0007632363
       35.3000000000       -0.0008547998
       35.4000000000       -0.0009378531
       35.5000000000       -0.0010089573
       35.6000000000       -0.0010647483
       35.7000000000       -0.0011020498
       35.8000000000       -0.0011179682
       35.9000000000       -0.0011099742
       36.0000000000       -0.0010759960
       36.1000000000       -0.0010145449
       36.2000000000       -0.0009248783
       36.3000000000       -0.0008071790
       36.4000000000       -0.0006626991
       36.5000000000       -0.0004938119
       36.6000000000       -0.0003039204
       36.7000000000       -0.0000972083
       36.8000000000        0.0001217410
       36.9000000000        0.0003483970
       37.0000000000        0.0005787279
       37.1000000000        0.0008095653
       37.2000000000        0.0010388256
       37.3000000000        0.0012655417
       37.4000000000        0.0014896839
       37.5000000000        0.0017117834
       37.6000000000        0.0019324206
       37.7000000000        0.0021516916
       37.8000000000        0.0023687821
       37.9000000000        0.0025817550
       38.0000000000        0.0027875951
       38.1000000000        0.0029824843
       38.2000000000        0.0031622326
       38.3000000000        0.0033227699
       38.4000000000        0.0034606112
       38.5000000000        0.0035732178
       38.6000000000        0.0036591966
       38.7000000000        0.0037183133
       38.8000000000        0.0037513294
       38.9000000000        0.0037597152
       39.0000000000        0.0037453183
       39.1000000000        0.0037100642
       39.2000000000        0.0036557432
       39.3000000000        0.0035839001
       39.4000000000        0.0034958093
       39.5000000000        0.0033925000
       39.6000000000        0.0032748002
       39.7000000000        0.0031433854
       39.8000000000        0.0029988324
       39.9000000000        0.0028416760
       40.0000000000        0.0026724531
       40.1000000000        0.0024917031
       40.2000000000        0.0022999041
       40.3000000000        0.0020973557
       40.4000000000        0.0018840473
       40.5000000000        0.0016595701
       40.6000000000        0.0014231112
       40.7000000000        0.0011735395
       40.8000000000        0.0009095666
       40.9000000000        0.0006299573
       41.0000000000        0.0003337704
       41.1000000000        0.0000206168
       41.2000000000       -0.0003090808
       41.3000000000       -0.0006538570
       41.4000000000       -0.0010110419
       41.5000000000       -0.0013767161
       41.6000000000       -0.0017458164
       41.7000000000       -0.0021124045
       41.8000000000       -0.0024700707
       41.9000000000       -0.0028124100
       42.0000000000       -0.0031334743
       42.1000000000       -0.0034281053
       42.2000000000       -0.0036920815
       42.3000000000       -0.0039220854
       42.4000000000       -0.0041155670
       42.5000000000       -0.0042706151
       42.6000000000       -0.0043859206
       42.7000000000       -0.0044608393
       42.8000000000       -0.0044954850
       42.9000000000       -0.0044907581
       43.0000000000       -0.0044482492
       43.1000000000       -0.0043700225
       43.2000000000       -0.0042583320
       43.3000000000       -0.0041153350
       43.4000000000       -0.0039428566
       43.5000000000       -0.0037422480
       43.6000000000       -0.0035143888
       43.7000000000       -0.0032598802
       43.8000000000       -0.0029794556
       43.9000000000       -0.0026745751
       44.0000000000       -0.0023481079
       44.1000000000       -0.0020049522
       44.2000000000       -0.0016524184
       44.3000000000       -0.0013002205
       44.4000000000       -0.0009599919
       44.5000000000       -0.0006443552
       44.6000000000       -0.0003657001
       44.7000000000       -0.0001349033
       44.8000000000        0.0000397766
       44.9000000000        0.0001534670
       45.0000000000        0.0002050559
       45.1000000000        0.0001971999
       45.2000000000        0.0001360273
       45.3000000000        0.0000306004
       45.4000000000       -0.0001078161
       45.5000000000       -0.0002666370
       45.6000000000       -0.0004329268
       45.7000000000       -0.0005943632
       45.8000000000       -0.0007400685
       45.9000000000       -0.0008611809
       46.0000000000       -0.0009510708
       46.1000000000       -0.0010051725
       46.2000000000       -0.0010204867
       46.3000000000       -0.0009949009
       46.4000000000       -0.0009265161
       46.5000000000       -0.0008131448
       46.6000000000       -0.0006520700
       46.7000000000       -0.0004400705
       46.8000000000       -0.0001736971
       46.9000000000        0.0001502041
       47.0000000000        0.0005337256
       47.1000000000        0.0009769544
       47.2000000000        0.0014770208
       47.3000000000        0.0020273796
       47.4000000000        0.0026175465
       47.5000000000        0.0032334020
       47.6000000000        0.0038580485
       47.7000000000        0.0044731136
       47.8000000000        0.0050603503
       47.9000000000        0.0056033561
       48.0000000000        0.0060891729
       48.1000000000        0.0065094767
       48.2000000000        0.0068610903
       48.3000000000        0.0071456954
       48.4000000000        0.0073688166
       48.5000000000        0.0075383025
       48.6000000000        0.0076626042
       48.7000000000        0.0077491805
       48.8000000000        0.0078033603
       48.9000000000        0.0078279317
       49.0000000000        0.0078235485
       49.1000000000        0.0077897832
       49.2000000000        0.0077264216
       49.3000000000        0.0076345348
       49.4000000000        0.0075169991
       49.5000000000        0.0073783777
       49.6000000000        0.0072242889
       49.7000000000        0.0070604997
       49.8000000000        0.0068920071
       49.9000000000        0.0067223323
