        0.0000000000        0.0279250692
        0.1000000000        0.0558501384
        0.2000000000        0.0836148294
        0.3000000000        0.1109058495
        0.4000000000        0.1374305625
        0.5000000000        0.1629288323
        0.6000000000        0.1871821963
        0.7000000000        0.2100197902
        0.8000000000        0.2313208288
        0.9000000000        0.2510138235
        1.0000000000        0.2690730161
        1.1000000000        0.2855127181
        1.2000000000        0.3003803322
        1.3000000000        0.3137488193
        1.4000000000        0.3257092781
        1.5000000000        0.3363641540
        1.6000000000        0.3458214192
        1.7000000000        0.3541898988
        1.8000000000        0.3615757695
        1.9000000000        0.3680801466
        2.0000000000        0.3737976013
        2.1000000000        0.3788154181
        2.2000000000        0.3832133929
        2.3000000000        0.3870639953
        2.4000000000        0.3904327474
        2.5000000000        0.3933787081
        2.6000000000        0.3959549872
        2.7000000000        0.3982092452
        2.8000000000        0.4001841533
        2.9000000000        0.4019178080
        3.0000000000        0.4034441017
        3.1000000000        0.4047930555
        3.2000000000        0.4059911247
        3.3000000000        0.4070614849
        3.4000000000        0.4080243045
        3.5000000000        0.4088970092
        3.6000000000        0.4096945381
        3.7000000000        0.4104295933
        3.8000000000        0.4111128806
        3.9000000000        0.4117533406
        4.0000000000        0.4123583691
        4.1000000000        0.4129340266
        4.2000000000        0.4134852333
        4.3000000000        0.4140159521
        4.4000000000        0.4145293546
        4.5000000000        0.4150279709
        4.6000000000        0.4155138200
        4.7000000000        0.4159885200
        4.8000000000        0.4164533767
        4.9000000000        0.4169094515
        5.0000000000        0.4173576118
        5.1000000000        0.4177985663
        5.2000000000        0.4182328910
        5.3000000000        0.4186610475
        5.4000000000        0.4190833979
        5.5000000000        0.4195002149
        5.6000000000        0.4199116881
        5.7000000000        0.4203179254
        5.8000000000        0.4207189512
        5.9000000000        0.4211147045
        6.0000000000        0.4215050381
        6.1000000000        0.4218897253
        6.2000000000        0.4222684737
        6.3000000000        0.4226409483
        6.4000000000        0.4230067989
        6.5000000000        0.4233656902
        6.6000000000        0.4237173283
        6.7000000000        0.4240614806
        6.8000000000        0.4243979850
        6.9000000000        0.4247267485
        7.0000000000        0.4250477359
        7.1000000000        0.4253609516
        7.2000000000        0.4256664207
        7.3000000000        0.4259641752
        7.4000000000        0.4262542503
        7.5000000000        0.4265366944
        7.6000000000        0.4268115914
        7.7000000000        0.4270790928
        7.8000000000        0.4273394532
        7.9000000000        0.4275930631
        8.0000000000        0.4278404732
        8.1000000000        0.4280824066
        8.2000000000        0.4283197561
        8.3000000000        0.4285535663
        8.4000000000        0.4287850042
        8.5000000000        0.4290153196
        8.6000000000        0.4292458018
        8.7000000000        0.4294777356
        8.8000000000        0.4297123603
        8.9000000000        0.4299508333
        9.0000000000        0.4301941981
        9.1000000000        0.4304433551
        9.2000000000        0.4306990341
        9.3000000000        0.4309617667
        9.4000000000        0.4312318629
        9.5000000000        0.4315093936
        9.6000000000        0.4317941839
        9.7000000000        0.4320858207
        9.8000000000        0.4323836731
        9.9000000000        0.4326869247
       10.0000000000        0.4329946122
       10.1000000000        0.4333056669
       10.2000000000        0.4336189541
       10.3000000000        0.4339333080
       10.4000000000        0.4342475599
       10.5000000000        0.4345605594
       10.6000000000        0.4348711868
       10.7000000000        0.4351783615
       10.8000000000        0.4354810459
       10.9000000000        0.4357782498
       11.0000000000        0.4360690379
       11.1000000000        0.4363525405
       11.2000000000        0.4366279682
       11.3000000000        0.4368946275
       11.4000000000        0.4371519353
       11.5000000000        0.4373994285
       11.6000000000        0.4376367689
       11.7000000000        0.4378637414
       11.8000000000        0.4380802482
       11.9000000000        0.4382863015
       12.0000000000        0.4384820143
       12.1000000000        0.4386675938
       12.2000000000        0.4388433360
       12.3000000000        0.4390096214
       12.4000000000        0.4391669136
       12.5000000000        0.4393157589
       12.6000000000        0.4394567884
       12.7000000000        0.4395907224
       12.8000000000        0.4397183776
       12.9000000000        0.4398406734
       13.0000000000        0.4399586377
       13.1000000000        0.4400734076
       13.2000000000        0.4401862223
       13.3000000000        0.4402984074
       13.4000000000        0.4404113492
       13.5000000000        0.4405264621
       13.6000000000        0.4406451496
       13.7000000000        0.4407687629
       13.8000000000        0.4408985572
       13.9000000000        0.4410356485
       14.0000000000        0.4411809706
       14.1000000000        0.4413352361
       14.2000000000        0.4414989007
       14.3000000000        0.4416721376
       14.4000000000        0.4418548210
       14.5000000000        0.4420465255
       14.6000000000        0.4422465406
       14.7000000000        0.4424539045
       14.8000000000        0.4426674540
       14.9000000000        0.4428858907
       15.0000000000        0.4431078572
       15.1000000000        0.4433320176
       15.2000000000        0.4435571365
       15.3000000000        0.4437821463
       15.4000000000        0.4440061987
       15.5000000000        0.4442286910
       15.6000000000        0.4444492641
       15.7000000000        0.4446677700
       15.8000000000        0.4448842117
       15.9000000000        0.4450986628
       16.0000000000        0.4453111766
       16.1000000000        0.4455216990
       16.2000000000        0.4457299951
       16.3000000000        0.4459355993
       16.4000000000        0.4461377934
       16.5000000000        0.4463356121
       16.6000000000        0.4465278703
       16.7000000000        0.4467132081
       16.8000000000        0.4468901446
       16.9000000000        0.4470571371
       17.0000000000        0.4472126410
       17.1000000000        0.4473551679
       17.2000000000        0.4474833397
       17.3000000000        0.4475959346
       17.4000000000        0.4476919225
       17.5000000000        0.4477704841
       17.6000000000        0.4478310140
       17.7000000000        0.4478731028
       17.8000000000        0.4478965036
       17.9000000000        0.4479010873
       18.0000000000        0.4478867933
       18.1000000000        0.4478535873
       18.2000000000        0.4478014326
       18.3000000000        0.4477302835
       18.4000000000        0.4476401012
       18.5000000000        0.4475308912
       18.6000000000        0.4474027563
       18.7000000000        0.4472559537
       18.8000000000        0.4470909490
       18.9000000000        0.4469084563
       19.0000000000        0.4467094617
       19.1000000000        0.4464952268
       19.2000000000        0.4462672747
       19.3000000000        0.4460273625
       19.4000000000        0.4457774450
       19.5000000000        0.4455196335
       19.6000000000        0.4452561530
       19.7000000000        0.4449893020
       19.8000000000        0.4447214125
       19.9000000000        0.4444548117
       20.0000000000        0.4441917820
       20.1000000000        0.4439345180
       20.2000000000        0.4436850796
       20.3000000000        0.4434453416
       20.4000000000        0.4432169427
       20.5000000000        0.4430012367
       20.6000000000        0.4427992517
       20.7000000000        0.4426116615
       20.8000000000        0.4424387736
       20.9000000000        0.4422805367
       21.0000000000        0.4421365679
       21.1000000000        0.4420061973
       21.2000000000        0.4418885274
       21.3000000000        0.4417825011
       21.4000000000        0.4416869742
       21.5000000000        0.4416007856
       21.6000000000        0.4415228201
       21.7000000000        0.4414520596
       21.8000000000        0.4413876184
       21.9000000000        0.4413287644
       22.0000000000        0.4412749240
       22.1000000000        0.4412256767
       22.2000000000        0.4411807405
       22.3000000000        0.4411399524
       22.4000000000        0.4411032464
       22.5000000000        0.4410706299
       22.6000000000        0.4410421570
       22.7000000000        0.4410179010
       22.8000000000        0.4409979233
       22.9000000000        0.4409822440
       23.0000000000        0.4409708174
       23.1000000000        0.4409635180
       23.2000000000        0.4409601420
       23.3000000000        0.4409604256
       23.4000000000        0.4409640813
       23.5000000000        0.4409708453
       23.6000000000        0.4409805283
       23.7000000000        0.4409930601
       23.8000000000        0.4410085172
       23.9000000000        0.4410271280
       24.0000000000        0.4410492528
       24.1000000000        0.4410753406
       24.2000000000        0.4411058688
       24.3000000000        0.4411412793
       24.4000000000        0.4411819179
       24.5000000000        0.4412279904
       24.6000000000        0.4412795392
       24.7000000000        0.4413364424
       24.8000000000        0.4413984306
       24.9000000000        0.4414651171
       25.0000000000        0.4415360340
       25.1000000000        0.4416106676
       25.2000000000        0.4416884899
       25.3000000000        0.4417689819
       25.4000000000        0.4418516495
       25.5000000000        0.4419360326
       25.6000000000        0.4420217108
       25.7000000000        0.4421083104
       25.8000000000        0.4421955153
       25.9000000000        0.4422830836
       26.0000000000        0.4423708706
       26.1000000000        0.4424588531
       26.2000000000        0.4425471506
       26.3000000000        0.4426360366
       26.4000000000        0.4427259351
       26.5000000000        0.4428173970
       26.6000000000        0.4429110588
       26.7000000000        0.4430075832
       26.8000000000        0.4431075915
       26.9000000000        0.4432115925
       27.0000000000        0.4433199181
       27.1000000000        0.4434326742
       27.2000000000        0.4435497109
       27.3000000000        0.4436706163
       27.4000000000        0.4437947324
       27.5000000000        0.4439211908
       27.6000000000        0.4440489603
       27.7000000000        0.4441769017
       27.8000000000        0.4443038209
       27.9000000000        0.4444285163
       28.0000000000        0.4445498156
       28.1000000000        0.4446666032
       28.2000000000        0.4447778373
       28.3000000000        0.4448825636
       28.4000000000        0.4449799273
       28.5000000000        0.4450691879
       28.6000000000        0.4451497373
       28.7000000000        0.4452211186
       28.8000000000        0.4452830417
       28.9000000000        0.4453353914
       29.0000000000        0.4453782253
       29.1000000000        0.4454117623
       29.2000000000        0.4454363633
       29.3000000000        0.4454525068
       29.4000000000        0.4454607614
       29.5000000000        0.4454617582
       29.6000000000        0.4454561644
       29.7000000000        0.4454446589
       29.8000000000        0.4454279135
       29.9000000000        0.4454065755
       30.0000000000        0.4453812541
       30.1000000000        0.4453525061
       30.2000000000        0.4453208231
       30.3000000000        0.4452866207
       30.4000000000        0.4452502316
       30.5000000000        0.4452119057
       30.6000000000        0.4451718172
       30.7000000000        0.4451300761
       30.8000000000        0.4450867408
       30.9000000000        0.4450418285
       31.0000000000        0.4449953212
       31.1000000000        0.4449471684
       31.2000000000        0.4448972931
       31.3000000000        0.4448456052
       31.4000000000        0.4447920253
       31.5000000000        0.4447365204
       31.6000000000        0.4446791432
       31.7000000000        0.4446200703
       31.8000000000        0.4445596310
       31.9000000000        0.4444983208
       32.0000000000        0.4444367975
       32.1000000000        0.4443758589
       32.2000000000        0.4443164022
       32.3000000000        0.4442593685
       32.4000000000        0.4442056766
       32.5000000000        0.4441561529
       32.6000000000        0.4441114656
       32.7000000000        0.4440720751
       32.8000000000        0.4440382074
       32.9000000000        0.4440098562
       33.0000000000        0.4439868141
       33.1000000000        0.4439687234
       33.2000000000        0.4439551373
       33.3000000000        0.4439455763
       33.4000000000        0.4439395682
       33.5000000000        0.4439366643
       33.6000000000        0.4439364308
       33.7000000000        0.4439384195
       33.8000000000        0.4439421268
       33.9000000000        0.4439469541
       34.0000000000        0.4439521779
       34.1000000000        0.4439569384
       34.2000000000        0.4439602471
       34.3000000000        0.4439610133
       34.4000000000        0.4439580833
       34.5000000000        0.4439502879
       34.6000000000        0.4439364897
       34.7000000000        0.4439156286
       34.8000000000        0.4438867629
       34.9000000000        0.4438491062
       35.0000000000        0.4438020635
       35.1000000000        0.4437452671
       35.2000000000        0.4436786120
       35.3000000000        0.4436022884
       35.4000000000        0.4435168084
       35.5000000000        0.4434230231
       35.6000000000        0.4433221274
       35.7000000000        0.4432156525
       35.8000000000        0.4431054475
       35.9000000000        0.4429936507
       36.0000000000        0.4428826533
       36.1000000000        0.4427750537
       36.2000000000        0.4426735992
       36.3000000000        0.4425811114
       36.4000000000        0.4425003935
       36.5000000000        0.4424341236
       36.6000000000        0.4423847424
       36.7000000000        0.4423543504
       36.8000000000        0.4423446295
       36.9000000000        0.4423568036
       37.0000000000        0.4423916433
       37.1000000000        0.4424495161
       37.2000000000        0.4425304727
       37.3000000000        0.4426343552
       37.4000000000        0.4427609094
       37.5000000000        0.4429098778
       37.6000000000        0.4430810561
       37.7000000000        0.4432742982
       37.8000000000        0.4434894673
       37.9000000000        0.4437263455
       38.0000000000        0.4439845210
       38.1000000000        0.4442632806
       38.2000000000        0.4445615290
       38.3000000000        0.4448777522
       38.4000000000        0.4452100292
       38.5000000000        0.4455560904
       38.6000000000        0.4459134121
       38.7000000000        0.4462793318
       38.8000000000        0.4466511631
       38.9000000000        0.4470262961
       39.0000000000        0.4474022676
       39.1000000000        0.4477767994
       39.2000000000        0.4481478058
       39.3000000000        0.4485133802
       39.4000000000        0.4488717702
       39.5000000000        0.4492213511
       39.6000000000        0.4495606011
       39.7000000000        0.4498880811
       39.8000000000        0.4502024196
       39.9000000000        0.4505023029
       40.0000000000        0.4507864705
       40.1000000000        0.4510537158
       40.2000000000        0.4513028861
       40.3000000000        0.4515328765
       40.4000000000        0.4517426121
       40.5000000000        0.4519310168
       40.6000000000        0.4520969738
       40.7000000000        0.4522392850
       40.8000000000        0.4523566389
       40.9000000000        0.4524475956
       41.0000000000        0.4525105913
       41.1000000000        0.4525439683
       41.2000000000        0.4525460300
       41.3000000000        0.4525151219
       41.4000000000        0.4524497362
       41.5000000000        0.4523486320
       41.6000000000        0.4522109604
       41.7000000000        0.4520363788
       41.8000000000        0.4518251383
       41.9000000000        0.4515781313
       42.0000000000        0.4512968903
       42.1000000000        0.4509835428
       42.2000000000        0.4506407323
       42.3000000000        0.4502715242
       42.4000000000        0.4498793156
       42.5000000000        0.4494677589
       42.6000000000        0.4490406974
       42.7000000000        0.4486021054
       42.8000000000        0.4481560214
       42.9000000000        0.4477064729
       43.0000000000        0.4472573971
       43.1000000000        0.4468125722
       43.2000000000        0.4463755699
       43.3000000000        0.4459497367
       43.4000000000        0.4455382032
       43.5000000000        0.4451439176
       43.6000000000        0.4447696928
       43.7000000000        0.4444182539
       43.8000000000        0.4440922659
       43.9000000000        0.4437943203
       44.0000000000        0.4435268628
       44.1000000000        0.4432920520
       44.2000000000        0.4430915568
       44.3000000000        0.4429263150
       44.4000000000        0.4427962929
       44.5000000000        0.4427002937
       44.6000000000        0.4426358582
       44.7000000000        0.4425992882
       44.8000000000        0.4425857979
       44.9000000000        0.4425897755
       45.0000000000        0.4426051222
       45.1000000000        0.4426256278
       45.2000000000        0.4426453478
       45.3000000000        0.4426589505
       45.4000000000        0.4426620106
       45.5000000000        0.4426512290
       45.6000000000        0.4426245653
       45.7000000000        0.4425812726
       45.8000000000        0.4425218363
       45.9000000000        0.4424478294
       46.0000000000        0.4423617113
       46.1000000000        0.4422666042
       46.2000000000        0.4421660870
       46.3000000000        0.4420640383
       46.4000000000        0.4419645482
       46.5000000000        0.4418718966
       46.6000000000        0.4417905821
       46.7000000000        0.4417253751
       46.8000000000        0.4416813681
       46.9000000000        0.4416639984
       47.0000000000        0.4416790188
       47.1000000000        0.4417323913
       47.2000000000        0.4418300868
       47.3000000000        0.4419777889
       47.4000000000        0.4421805268
       47.5000000000        0.4424422815
       47.6000000000        0.4427656217
       47.7000000000        0.4431514265
       47.8000000000        0.4435987379
       47.9000000000        0.4441047729
       48.0000000000        0.4446651085
       48.1000000000        0.4452740258
       48.2000000000        0.4459249735
       48.3000000000        0.4466110825
       48.4000000000        0.4473256521
       48.5000000000        0.4480625337
       48.6000000000        0.4488163640
       48.7000000000        0.4495826244
       48.8000000000        0.4503575425
       48.9000000000        0.4511378785
       49.0000000000        0.4519206717
       49.1000000000        0.4527030265
       49.2000000000        0.4534820048
       49.3000000000        0.4542546470
       49.4000000000        0.4550181005
       49.5000000000        0.4557698004
       49.6000000000        0.4565076381
       49.7000000000        0.4572300670
       49.8000000000        0.4579361170
       49.9000000000        0.4586253177
