        0.0000000000        0.2214262601
        1.0000000000        0.1355277795
        2.0000000000        0.1067560539
        3.0000000000        0.0905655691
        4.0000000000        0.0796055495
        5.0000000000        0.0714687181
        6.0000000000        0.0650525428
        7.0000000000        0.0598231223
        8.0000000000        0.0554041437
        9.0000000000        0.0516048528
       10.0000000000        0.0482601172
       11.0000000000        0.0453030056
       12.0000000000        0.0426699833
       13.0000000000        0.0402786102
       14.0000000000        0.0381293215
       15.0000000000        0.0361489988
       16.0000000000        0.0343326834
       17.0000000000        0.0326530824
       18.0000000000        0.0311066813
       19.0000000000        0.0296819700
       20.0000000000        0.0283345349
       21.0000000000        0.0270809845
       22.0000000000        0.0258916468
       23.0000000000        0.0247803913
       24.0000000000        0.0237347344
       25.0000000000        0.0227577831
       26.0000000000        0.0217901533
       27.0000000000        0.0208895994
       28.0000000000        0.0200516642
       29.0000000000        0.0192081406
       30.0000000000        0.0184466107
       31.0000000000        0.0177051385
       32.0000000000        0.0170128084
       33.0000000000        0.0163697627
       34.0000000000        0.0157249692
       35.0000000000        0.0151189959
       36.0000000000        0.0145461532
       37.0000000000        0.0139511747
       38.0000000000        0.0134037931
       39.0000000000        0.0128657314
       40.0000000000        0.0123941229
       41.0000000000        0.0118958617
       42.0000000000        0.0114361984
       43.0000000000        0.0110011108
       44.0000000000        0.0105530327
       45.0000000000        0.0101241997
       46.0000000000        0.0097502114
       47.0000000000        0.0093562901
       48.0000000000        0.0089781972
       49.0000000000        0.0086561974
       50.0000000000        0.0083427402
       51.0000000000        0.0079679846
       52.0000000000        0.0076506518
       53.0000000000        0.0073165391
       54.0000000000        0.0070156975
       55.0000000000        0.0067593613
       56.0000000000        0.0064872630
       57.0000000000        0.0061861019
       58.0000000000        0.0058979184
       59.0000000000        0.0056387011
       60.0000000000        0.0053676371
       61.0000000000        0.0051458196
       62.0000000000        0.0049011652
       63.0000000000        0.0046763840
       64.0000000000        0.0044761314
       65.0000000000        0.0042520462
       66.0000000000        0.0040437711
       67.0000000000        0.0038305211
       68.0000000000        0.0036235728
       69.0000000000        0.0034349380
       70.0000000000        0.0032565882
       71.0000000000        0.0030916766
       72.0000000000        0.0029300713
       73.0000000000        0.0027552373
       74.0000000000        0.0025740520
       75.0000000000        0.0023664490
       76.0000000000        0.0022231989
       77.0000000000        0.0020892084
       78.0000000000        0.0019937599
       79.0000000000        0.0018771822
       80.0000000000        0.0017690060
       81.0000000000        0.0016814442
       82.0000000000        0.0015735698
       83.0000000000        0.0014730625
       84.0000000000        0.0013703631
       85.0000000000        0.0012526901
       86.0000000000        0.0011511802
       87.0000000000        0.0010627982
       88.0000000000        0.0009564558
       89.0000000000        0.0008488585
       90.0000000000        0.0007680596
       91.0000000000        0.0007015352
       92.0000000000        0.0006098790
       93.0000000000        0.0005034569
       94.0000000000        0.0004418232
       95.0000000000        0.0003301577
       96.0000000000        0.0002632374
       97.0000000000        0.0001969719
       98.0000000000        0.0001531159
       99.0000000000        0.0000948052
      100.0000000000        0.0000202724
      101.0000000000       -0.0000215664
      102.0000000000       -0.0000703945
      103.0000000000       -0.0001220676
      104.0000000000       -0.0001488001
      105.0000000000       -0.0001892924
      106.0000000000       -0.0002091944
      107.0000000000       -0.0002629176
      108.0000000000       -0.0002931815
      109.0000000000       -0.0003206112
      110.0000000000       -0.0003249530
      111.0000000000       -0.0003635963
      112.0000000000       -0.0004257611
      113.0000000000       -0.0004636698
      114.0000000000       -0.0005172650
      115.0000000000       -0.0005404196
      116.0000000000       -0.0005643636
      117.0000000000       -0.0005734749
      118.0000000000       -0.0006104083
      119.0000000000       -0.0006572216
      120.0000000000       -0.0006556389
      121.0000000000       -0.0006610039
      122.0000000000       -0.0006437525
      123.0000000000       -0.0006348003
      124.0000000000       -0.0006432490
      125.0000000000       -0.0006369187
      126.0000000000       -0.0006307962
      127.0000000000       -0.0006410252
      128.0000000000       -0.0006570192
