        0.0000000000        0.1429462673
        1.0000000000        0.1204534072
        2.0000000000        0.1095631354
        3.0000000000        0.1017526048
        4.0000000000        0.0953700388
        5.0000000000        0.0899218079
        6.0000000000        0.0850843263
        7.0000000000        0.0807971400
        8.0000000000        0.0767307498
        9.0000000000        0.0729047390
       10.0000000000        0.0695045350
       11.0000000000        0.0663296819
       12.0000000000        0.0633261076
       13.0000000000        0.0605981831
       14.0000000000        0.0578737414
       15.0000000000        0.0554701252
       16.0000000000        0.0532444064
       17.0000000000        0.0510926014
       18.0000000000        0.0491485050
       19.0000000000        0.0472153799
       20.0000000000        0.0453825314
       21.0000000000        0.0436796709
       22.0000000000        0.0420666982
       23.0000000000        0.0404673637
       24.0000000000        0.0388595994
       25.0000000000        0.0374298458
       26.0000000000        0.0359309469
       27.0000000000        0.0345942411
       28.0000000000        0.0331264550
       29.0000000000        0.0319200534
       30.0000000000        0.0307384043
       31.0000000000        0.0296433493
       32.0000000000        0.0285657191
       33.0000000000        0.0276710210
       34.0000000000        0.0266256607
       35.0000000000        0.0257297626
       36.0000000000        0.0249325105
       37.0000000000        0.0239777390
       38.0000000000        0.0231289023
       39.0000000000        0.0222320596
       40.0000000000        0.0214746529
       41.0000000000        0.0207670241
       42.0000000000        0.0200735812
       43.0000000000        0.0193158809
       44.0000000000        0.0186786955
       45.0000000000        0.0180349473
       46.0000000000        0.0175548590
       47.0000000000        0.0169687755
       48.0000000000        0.0164195087
       49.0000000000        0.0158483529
       50.0000000000        0.0154379739
       51.0000000000        0.0150057373
       52.0000000000        0.0145861258
       53.0000000000        0.0140066972
       54.0000000000        0.0134912731
       55.0000000000        0.0129715432
       56.0000000000        0.0124596185
       57.0000000000        0.0120367435
       58.0000000000        0.0116412016
       59.0000000000        0.0112259626
       60.0000000000        0.0107593588
       61.0000000000        0.0103096242
       62.0000000000        0.0098916496
       63.0000000000        0.0094167033
       64.0000000000        0.0088703308
       65.0000000000        0.0083992031
       66.0000000000        0.0080048220
       67.0000000000        0.0077391984
       68.0000000000        0.0074328987
       69.0000000000        0.0071090723
       70.0000000000        0.0069407194
       71.0000000000        0.0066426704
       72.0000000000        0.0063616180
       73.0000000000        0.0060436607
       74.0000000000        0.0056608573
       75.0000000000        0.0053983803
       76.0000000000        0.0050895963
       77.0000000000        0.0047805065
       78.0000000000        0.0044791976
       79.0000000000        0.0042465000
       80.0000000000        0.0040768357
       81.0000000000        0.0039130381
       82.0000000000        0.0037623444
       83.0000000000        0.0036001297
       84.0000000000        0.0034710823
       85.0000000000        0.0033170309
       86.0000000000        0.0030631047
       87.0000000000        0.0028407513
       88.0000000000        0.0026572062
       89.0000000000        0.0025710602
       90.0000000000        0.0024170052
       91.0000000000        0.0023797008
       92.0000000000        0.0022692865
       93.0000000000        0.0021656701
       94.0000000000        0.0019325145
       95.0000000000        0.0016901745
       96.0000000000        0.0014867419
       97.0000000000        0.0014654852
       98.0000000000        0.0013675881
       99.0000000000        0.0013193990
      100.0000000000        0.0012339110
      101.0000000000        0.0013433862
      102.0000000000        0.0011847234
      103.0000000000        0.0011361710
      104.0000000000        0.0011713149
      105.0000000000        0.0011199421
      106.0000000000        0.0010494996
      107.0000000000        0.0009332798
      108.0000000000        0.0008651299
      109.0000000000        0.0009650555
      110.0000000000        0.0009608003
      111.0000000000        0.0008365689
      112.0000000000        0.0008007017
      113.0000000000        0.0008798410
      114.0000000000        0.0008453196
      115.0000000000        0.0008537912
      116.0000000000        0.0009820487
      117.0000000000        0.0008940189
      118.0000000000        0.0009517515
      119.0000000000        0.0008308920
      120.0000000000        0.0007618048
      121.0000000000        0.0006827520
      122.0000000000        0.0007283400
      123.0000000000        0.0007727804
      124.0000000000        0.0008204366
      125.0000000000        0.0007071496
      126.0000000000        0.0006299990
      127.0000000000        0.0006549256
      128.0000000000        0.0007347953
