     -255.0000000000       -0.0004688779       -0.0004642959       -0.0004460997       -0.0004427144       -0.0004335262       -0.0004394448       -0.0004331800       -0.0004154722
     -254.0000000000       -0.0004664249       -0.0004645487       -0.0004547576       -0.0004421333       -0.0004400956       -0.0004374358       -0.0004286421       -0.0004146206
     -253.0000000000       -0.0004654057       -0.0004634186       -0.0004629506       -0.0004510301       -0.0004427781       -0.0004337190       -0.0004292101       -0.0004092736
     -252.0000000000       -0.0004655322       -0.0004602459       -0.0004566317       -0.0004478922       -0.0004462674       -0.0004355759       -0.0004234760       -0.0004077058
     -251.0000000000       -0.0004711203       -0.0004577921       -0.0004520534       -0.0004564700       -0.0004491443       -0.0004328846       -0.0004221508       -0.0004096398
     -250.0000000000       -0.0004718877       -0.0004600113       -0.0004485488       -0.0004595687       -0.0004564246       -0.0004402813       -0.0004204322       -0.0004141762
     -249.0000000000       -0.0004708600       -0.0004660646       -0.0004542714       -0.0004634284       -0.0004506517       -0.0004398775       -0.0004215006       -0.0004138232
     -248.0000000000       -0.0004701527       -0.0004723657       -0.0004615977       -0.0004640943       -0.0004539156       -0.0004370831       -0.0004231930       -0.0004088314
     -247.0000000000       -0.0004635483       -0.0004738068       -0.0004603406       -0.0004562116       -0.0004511006       -0.0004401582       -0.0004192556       -0.0004093601
     -246.0000000000       -0.0004629729       -0.0004632589       -0.0004530050       -0.0004566199       -0.0004477163       -0.0004334485       -0.0004171547       -0.0004119764
     -245.0000000000       -0.0004676873       -0.0004641414       -0.0004521072       -0.0004618946       -0.0004395213       -0.0004298908       -0.0004178589       -0.0004110054
     -244.0000000000       -0.0004625091       -0.0004760440       -0.0004530188       -0.0004568138       -0.0004421523       -0.0004333501       -0.0004256449       -0.0004070628
     -243.0000000000       -0.0004719636       -0.0004727573       -0.0004505110       -0.0004588645       -0.0004410504       -0.0004389599       -0.0004278149       -0.0004061459
     -242.0000000000       -0.0004748348       -0.0004648031       -0.0004655746       -0.0004552657       -0.0004451054       -0.0004452018       -0.0004264935       -0.0004048319
     -241.0000000000       -0.0004726325       -0.0004696794       -0.0004680774       -0.0004523843       -0.0004454586       -0.0004394870       -0.0004207127       -0.0004063134
     -240.0000000000       -0.0004684584       -0.0004711582       -0.0004557877       -0.0004550513       -0.0004437935       -0.0004312903       -0.0004190779       -0.0004081177
     -239.0000000000       -0.0004667001       -0.0004726884       -0.0004583714       -0.0004594588       -0.0004379150       -0.0004430717       -0.0004171313       -0.0004046600
     -238.0000000000       -0.0004726132       -0.0004684593       -0.0004530707       -0.0004510603       -0.0004396518       -0.0004467250       -0.0004181410       -0.0004027448
     -237.0000000000       -0.0004822414       -0.0004621665       -0.0004509035       -0.0004428460       -0.0004458251       -0.0004358534       -0.0004151933       -0.0004013189
     -236.0000000000       -0.0004737707       -0.0004609598       -0.0004604836       -0.0004473905       -0.0004510311       -0.0004337864       -0.0004160840       -0.0004072838
     -235.0000000000       -0.0004659731       -0.0004604130       -0.0004628319       -0.0004526708       -0.0004493169       -0.0004349824       -0.0004201860       -0.0004107929
     -234.0000000000       -0.0004648742       -0.0004747398       -0.0004610446       -0.0004512701       -0.0004465447       -0.0004307135       -0.0004263955       -0.0004196878
     -233.0000000000       -0.0004679199       -0.0004667624       -0.0004611969       -0.0004505638       -0.0004397309       -0.0004324844       -0.0004272272       -0.0004212452
     -232.0000000000       -0.0004707999       -0.0004579957       -0.0004610281       -0.0004483203       -0.0004444992       -0.0004327942       -0.0004247597       -0.0004201243
     -231.0000000000       -0.0004705569       -0.0004575972       -0.0004615111       -0.0004525466       -0.0004493956       -0.0004374323       -0.0004248990       -0.0004190030
     -230.0000000000       -0.0004663117       -0.0004656251       -0.0004568419       -0.0004476392       -0.0004410237       -0.0004400456       -0.0004279646       -0.0004120059
     -229.0000000000       -0.0004660003       -0.0004742465       -0.0004603145       -0.0004521923       -0.0004454689       -0.0004339978       -0.0004252497       -0.0004142312
     -228.0000000000       -0.0004626095       -0.0004628888       -0.0004514231       -0.0004493058       -0.0004463025       -0.0004238127       -0.0004230281       -0.0004176620
     -227.0000000000       -0.0004678554       -0.0004552898       -0.0004489949       -0.0004460122       -0.0004491015       -0.0004317317       -0.0004261959       -0.0004111521
     -226.0000000000       -0.0004685682       -0.0004575730       -0.0004541983       -0.0004489505       -0.0004400745       -0.0004328775       -0.0004280409       -0.0004042404
     -225.0000000000       -0.0004673990       -0.0004584833       -0.0004582087       -0.0004485524       -0.0004390077       -0.0004323637       -0.0004268863       -0.0003977714
     -224.0000000000       -0.0004711486       -0.0004664645       -0.0004630200       -0.0004498782       -0.0004394165       -0.0004303475       -0.0004320339       -0.0004053231
     -223.0000000000       -0.0004689966       -0.0004669397       -0.0004583763       -0.0004504883       -0.0004364959       -0.0004277450       -0.0004265125       -0.0004105540
     -222.0000000000       -0.0004684147       -0.0004620884       -0.0004527138       -0.0004550498       -0.0004310707       -0.0004283673       -0.0004250611       -0.0004063535
     -221.0000000000       -0.0004611463       -0.0004553361       -0.0004472444       -0.0004493922       -0.0004412724       -0.0004228229       -0.0004245861       -0.0004033231
     -220.0000000000       -0.0004610952       -0.0004558349       -0.0004544687       -0.0004435564       -0.0004387982       -0.0004230214       -0.0004196259       -0.0004054298
     -219.0000000000       -0.0004682020       -0.0004613658       -0.0004514433       -0.0004444113       -0.0004275572       -0.0004284170       -0.0004186740       -0.0004041391
     -218.0000000000       -0.0004657021       -0.0004645989       -0.0004516306       -0.0004450936       -0.0004253930       -0.0004304160       -0.0004253650       -0.0004001734
     -217.0000000000       -0.0004586273       -0.0004595819       -0.0004514342       -0.0004527764       -0.0004339272       -0.0004297595       -0.0004222725       -0.0004044286
     -216.0000000000       -0.0004664434       -0.0004560885       -0.0004438303       -0.0004519848       -0.0004357760       -0.0004264449       -0.0004139453       -0.0004081777
     -215.0000000000       -0.0004708629       -0.0004577611       -0.0004497023       -0.0004448836       -0.0004389753       -0.0004311424       -0.0004059848       -0.0004075294
     -214.0000000000       -0.0004687274       -0.0004520586       -0.0004589023       -0.0004448386       -0.0004485031       -0.0004296620       -0.0004136687       -0.0003953882
     -213.0000000000       -0.0004572149       -0.0004540616       -0.0004626103       -0.0004556866       -0.0004532911       -0.0004337034       -0.0004142232       -0.0003989256
     -212.0000000000       -0.0004594735       -0.0004588828       -0.0004652853       -0.0004557076       -0.0004468328       -0.0004308941       -0.0004104024       -0.0004017410
     -211.0000000000       -0.0004609139       -0.0004636372       -0.0004628337       -0.0004525191       -0.0004391238       -0.0004368012       -0.0004175367       -0.0003961121
     -210.0000000000       -0.0004598622       -0.0004613774       -0.0004557918       -0.0004521624       -0.0004344282       -0.0004305554       -0.0004131739       -0.0003921943
     -209.0000000000       -0.0004529279       -0.0004634914       -0.0004561815       -0.0004548484       -0.0004338010       -0.0004220422       -0.0004139548       -0.0003968890
     -208.0000000000       -0.0004614765       -0.0004599724       -0.0004508320       -0.0004477492       -0.0004375877       -0.0004185546       -0.0004185955       -0.0004042299
     -207.0000000000       -0.0004695138       -0.0004563279       -0.0004475522       -0.0004468061       -0.0004400442       -0.0004225090       -0.0004088012       -0.0004012502
     -206.0000000000       -0.0004669255       -0.0004542244       -0.0004521891       -0.0004447710       -0.0004439543       -0.0004292427       -0.0004044174       -0.0003973816
     -205.0000000000       -0.0004598813       -0.0004569114       -0.0004521971       -0.0004368168       -0.0004370784       -0.0004255745       -0.0004087601       -0.0003947588
     -204.0000000000       -0.0004607945       -0.0004537018       -0.0004574149       -0.0004406629       -0.0004398157       -0.0004230488       -0.0004031401       -0.0003876918
     -203.0000000000       -0.0004703729       -0.0004610140       -0.0004588173       -0.0004482180       -0.0004432417       -0.0004192884       -0.0003975817       -0.0003852129
     -202.0000000000       -0.0004788656       -0.0004649294       -0.0004569724       -0.0004443205       -0.0004457815       -0.0004165267       -0.0004094242       -0.0003886887
     -201.0000000000       -0.0004761580       -0.0004677677       -0.0004541561       -0.0004376785       -0.0004454704       -0.0004171533       -0.0004143202       -0.0003871421
     -200.0000000000       -0.0004667169       -0.0004714388       -0.0004546564       -0.0004364297       -0.0004431629       -0.0004228954       -0.0004053760       -0.0003982371
     -199.0000000000       -0.0004671211       -0.0004650431       -0.0004589265       -0.0004437341       -0.0004432646       -0.0004201436       -0.0003993281       -0.0003975660
     -198.0000000000       -0.0004682206       -0.0004627461       -0.0004551378       -0.0004482945       -0.0004422367       -0.0004198049       -0.0004021312       -0.0003892960
     -197.0000000000       -0.0004699401       -0.0004628060       -0.0004539440       -0.0004408561       -0.0004354287       -0.0004197219       -0.0004039143       -0.0003836776
     -196.0000000000       -0.0004724464       -0.0004623155       -0.0004523806       -0.0004334532       -0.0004236870       -0.0004213176       -0.0004066706       -0.0003828725
     -195.0000000000       -0.0004740755       -0.0004601100       -0.0004476137       -0.0004382730       -0.0004157946       -0.0004222669       -0.0004045577       -0.0003790761
     -194.0000000000       -0.0004698072       -0.0004657951       -0.0004476743       -0.0004479294       -0.0004158751       -0.0004148117       -0.0004046192       -0.0003803241
     -193.0000000000       -0.0004662317       -0.0004609499       -0.0004464308       -0.0004465361       -0.0004182596       -0.0004057682       -0.0004036022       -0.0003787291
     -192.0000000000       -0.0004573417       -0.0004558172       -0.0004482542       -0.0004396450       -0.0004252368       -0.0004030891       -0.0003986604       -0.0003784505
     -191.0000000000       -0.0004587554       -0.0004614125       -0.0004574961       -0.0004377988       -0.0004225411       -0.0004138686       -0.0003973371       -0.0003757658
     -190.0000000000       -0.0004650891       -0.0004674788       -0.0004529572       -0.0004453997       -0.0004171932       -0.0004168111       -0.0004030159       -0.0003717465
     -189.0000000000       -0.0004658031       -0.0004629958       -0.0004549347       -0.0004466689       -0.0004218883       -0.0004157346       -0.0003951694       -0.0003682000
     -188.0000000000       -0.0004638137       -0.0004603658       -0.0004599981       -0.0004461575       -0.0004296220       -0.0004128446       -0.0003895457       -0.0003745745
     -187.0000000000       -0.0004594902       -0.0004570042       -0.0004530246       -0.0004451326       -0.0004212766       -0.0004159797       -0.0003825150       -0.0003694899
     -186.0000000000       -0.0004576693       -0.0004594405       -0.0004495005       -0.0004436379       -0.0004212072       -0.0004124932       -0.0003857712       -0.0003696375
     -185.0000000000       -0.0004656113       -0.0004576094       -0.0004499972       -0.0004458523       -0.0004242330       -0.0004067222       -0.0003880155       -0.0003656372
     -184.0000000000       -0.0004690528       -0.0004581582       -0.0004445608       -0.0004486997       -0.0004246008       -0.0004096091       -0.0003870519       -0.0003650446
     -183.0000000000       -0.0004682241       -0.0004630325       -0.0004420921       -0.0004423632       -0.0004302755       -0.0004051947       -0.0003829602       -0.0003762269
     -182.0000000000       -0.0004706114       -0.0004669790       -0.0004437398       -0.0004376358       -0.0004240701       -0.0004034666       -0.0003759971       -0.0003758463
     -181.0000000000       -0.0004798695       -0.0004650590       -0.0004467657       -0.0004332756       -0.0004170017       -0.0003974383       -0.0003726823       -0.0003774645
     -180.0000000000       -0.0004809439       -0.0004654599       -0.0004456245       -0.0004309916       -0.0004132288       -0.0003933231       -0.0003760501       -0.0003726302
     -179.0000000000       -0.0004731482       -0.0004653693       -0.0004442726       -0.0004318301       -0.0004177975       -0.0003979416       -0.0003849778       -0.0003584846
     -178.0000000000       -0.0004670325       -0.0004629103       -0.0004429286       -0.0004276081       -0.0004170328       -0.0004028172       -0.0003884084       -0.0003568375
     -177.0000000000       -0.0004639737       -0.0004575393       -0.0004466554       -0.0004335789       -0.0004136813       -0.0004009523       -0.0003864996       -0.0003518101
     -176.0000000000       -0.0004655734       -0.0004511262       -0.0004544639       -0.0004304503       -0.0004174861       -0.0003965908       -0.0003829439       -0.0003442892
     -175.0000000000       -0.0004647482       -0.0004488407       -0.0004524413       -0.0004288898       -0.0004221261       -0.0003944408       -0.0003803003       -0.0003395216
     -174.0000000000       -0.0004634810       -0.0004483957       -0.0004450752       -0.0004326810       -0.0004226061       -0.0003998182       -0.0003763105       -0.0003399860
     -173.0000000000       -0.0004648712       -0.0004420949       -0.0004521158       -0.0004377919       -0.0004126920       -0.0003972442       -0.0003722191       -0.0003411373
     -172.0000000000       -0.0004713332       -0.0004440094       -0.0004512291       -0.0004301133       -0.0004106305       -0.0003935978       -0.0003729981       -0.0003467353
     -171.0000000000       -0.0004741369       -0.0004499437       -0.0004417711       -0.0004332794       -0.0004133626       -0.0003852150       -0.0003742327       -0.0003485979
     -170.0000000000       -0.0004697264       -0.0004549717       -0.0004399130       -0.0004315040       -0.0004111748       -0.0003826178       -0.0003730975       -0.0003376274
     -169.0000000000       -0.0004556018       -0.0004537085       -0.0004400979       -0.0004270700       -0.0004121894       -0.0003917391       -0.0003621077       -0.0003339253
     -168.0000000000       -0.0004575434       -0.0004603641       -0.0004502011       -0.0004221317       -0.0004022334       -0.0003918400       -0.0003684295       -0.0003363859
     -167.0000000000       -0.0004584917       -0.0004635242       -0.0004451927       -0.0004236395       -0.0003965840       -0.0003899718       -0.0003674583       -0.0003355660
     -166.0000000000       -0.0004635594       -0.0004636288       -0.0004451933       -0.0004300341       -0.0004011535       -0.0003938146       -0.0003613717       -0.0003324898
     -165.0000000000       -0.0004674798       -0.0004626937       -0.0004524655       -0.0004251081       -0.0004047198       -0.0003828263       -0.0003478117       -0.0003307061
     -164.0000000000       -0.0004633526       -0.0004519528       -0.0004511950       -0.0004210194       -0.0004092240       -0.0003717810       -0.0003473551       -0.0003248566
     -163.0000000000       -0.0004673400       -0.0004460142       -0.0004507955       -0.0004235968       -0.0004029183       -0.0003664875       -0.0003502350       -0.0003182976
     -162.0000000000       -0.0004695488       -0.0004555171       -0.0004390585       -0.0004215802       -0.0004024146       -0.0003725219       -0.0003489231       -0.0003194868
     -161.0000000000       -0.0004714549       -0.0004574073       -0.0004366762       -0.0004223959       -0.0003980358       -0.0003819596       -0.0003456092       -0.0003206346
     -160.0000000000       -0.0004693596       -0.0004529083       -0.0004344583       -0.0004241425       -0.0004007819       -0.0003737241       -0.0003498347       -0.0003143190
     -159.0000000000       -0.0004724410       -0.0004519395       -0.0004297274       -0.0004225246       -0.0003939296       -0.0003655625       -0.0003503147       -0.0003053107
     -158.0000000000       -0.0004718452       -0.0004515152       -0.0004354190       -0.0004221850       -0.0003905509       -0.0003603345       -0.0003482323       -0.0003029368
     -157.0000000000       -0.0004716755       -0.0004505038       -0.0004450744       -0.0004207080       -0.0003858757       -0.0003664906       -0.0003347372       -0.0003033329
     -156.0000000000       -0.0004671901       -0.0004540611       -0.0004455677       -0.0004151889       -0.0003919368       -0.0003658949       -0.0003278192       -0.0003065947
     -155.0000000000       -0.0004616549       -0.0004573231       -0.0004348497       -0.0004156497       -0.0003877004       -0.0003615884       -0.0003229041       -0.0002973587
     -154.0000000000       -0.0004617723       -0.0004479195       -0.0004364863       -0.0004158962       -0.0003807655       -0.0003581439       -0.0003212579       -0.0003008443
     -153.0000000000       -0.0004632139       -0.0004514715       -0.0004370232       -0.0004180956       -0.0003840723       -0.0003543268       -0.0003198817       -0.0002937630
     -152.0000000000       -0.0004671548       -0.0004607566       -0.0004338598       -0.0004183837       -0.0003834598       -0.0003484535       -0.0003162035       -0.0002933136
     -151.0000000000       -0.0004655631       -0.0004633341       -0.0004308659       -0.0004176502       -0.0003833358       -0.0003451840       -0.0003164952       -0.0002891954
     -150.0000000000       -0.0004616153       -0.0004607146       -0.0004293193       -0.0004121481       -0.0003882982       -0.0003462582       -0.0003137748       -0.0002881114
     -149.0000000000       -0.0004569126       -0.0004568496       -0.0004333102       -0.0004072570       -0.0003830030       -0.0003370475       -0.0003050002       -0.0002772934
     -148.0000000000       -0.0004591598       -0.0004549365       -0.0004362443       -0.0004047924       -0.0003678688       -0.0003395013       -0.0003080657       -0.0002781116
     -147.0000000000       -0.0004641652       -0.0004514716       -0.0004403299       -0.0004031736       -0.0003679983       -0.0003433433       -0.0003082537       -0.0002768423
     -146.0000000000       -0.0004601172       -0.0004470161       -0.0004370297       -0.0004053378       -0.0003748236       -0.0003430977       -0.0003031132       -0.0002711456
     -145.0000000000       -0.0004625945       -0.0004427624       -0.0004327425       -0.0004002006       -0.0003762912       -0.0003401783       -0.0002996225       -0.0002641032
     -144.0000000000       -0.0004698704       -0.0004457344       -0.0004247393       -0.0003963332       -0.0003737881       -0.0003322443       -0.0002972531       -0.0002562550
     -143.0000000000       -0.0004681065       -0.0004520654       -0.0004251721       -0.0003986115       -0.0003640907       -0.0003245469       -0.0002942729       -0.0002526071
     -142.0000000000       -0.0004702533       -0.0004451744       -0.0004254438       -0.0003972445       -0.0003582966       -0.0003199695       -0.0002834016       -0.0002500947
     -141.0000000000       -0.0004652449       -0.0004438524       -0.0004269293       -0.0003911629       -0.0003625235       -0.0003181515       -0.0002822205       -0.0002531075
     -140.0000000000       -0.0004592006       -0.0004470485       -0.0004323357       -0.0003931469       -0.0003587465       -0.0003167060       -0.0002841455       -0.0002502339
     -139.0000000000       -0.0004642545       -0.0004477699       -0.0004352491       -0.0003898309       -0.0003570306       -0.0003108658       -0.0002853482       -0.0002432788
     -138.0000000000       -0.0004677159       -0.0004429388       -0.0004289231       -0.0003920053       -0.0003535595       -0.0003074218       -0.0002830155       -0.0002386053
     -137.0000000000       -0.0004686828       -0.0004368300       -0.0004262462       -0.0003932344       -0.0003430867       -0.0003107882       -0.0002710363       -0.0002321758
     -136.0000000000       -0.0004686042       -0.0004386916       -0.0004184694       -0.0003862277       -0.0003465381       -0.0003084489       -0.0002631700       -0.0002301366
     -135.0000000000       -0.0004693948       -0.0004450960       -0.0004093799       -0.0003818711       -0.0003361678       -0.0002942363       -0.0002502105       -0.0002250363
     -134.0000000000       -0.0004573625       -0.0004504006       -0.0004117893       -0.0003801073       -0.0003329622       -0.0002965557       -0.0002446249       -0.0002212527
     -133.0000000000       -0.0004580779       -0.0004384191       -0.0004109181       -0.0003810390       -0.0003408103       -0.0002979084       -0.0002523482       -0.0002191208
     -132.0000000000       -0.0004582328       -0.0004373258       -0.0004075522       -0.0003732700       -0.0003335412       -0.0002864225       -0.0002463116       -0.0002134520
     -131.0000000000       -0.0004538399       -0.0004435552       -0.0004107603       -0.0003687135       -0.0003255549       -0.0002815921       -0.0002428870       -0.0001965034
     -130.0000000000       -0.0004612186       -0.0004496859       -0.0004117109       -0.0003788159       -0.0003252105       -0.0002844031       -0.0002403514       -0.0001955415
     -129.0000000000       -0.0004689609       -0.0004516000       -0.0004136792       -0.0003719370       -0.0003267283       -0.0002827708       -0.0002303975       -0.0001854430
     -128.0000000000       -0.0004629013       -0.0004461677       -0.0004116207       -0.0003665293       -0.0003204083       -0.0002802528       -0.0002228550       -0.0001794102
     -127.0000000000       -0.0004646940       -0.0004412415       -0.0004098394       -0.0003656682       -0.0003157494       -0.0002783073       -0.0002223041       -0.0001839959
     -126.0000000000       -0.0004633729       -0.0004343646       -0.0004014545       -0.0003628466       -0.0003140555       -0.0002670759       -0.0002161838       -0.0001784188
     -125.0000000000       -0.0004655278       -0.0004320625       -0.0004043415       -0.0003656290       -0.0003108325       -0.0002651602       -0.0002085112       -0.0001663647
     -124.0000000000       -0.0004714965       -0.0004332169       -0.0004121030       -0.0003651781       -0.0003037249       -0.0002585222       -0.0002056352       -0.0001545294
     -123.0000000000       -0.0004647891       -0.0004390803       -0.0004059236       -0.0003574594       -0.0003036124       -0.0002513891       -0.0002028477       -0.0001549740
     -122.0000000000       -0.0004593029       -0.0004397911       -0.0004035706       -0.0003580144       -0.0002899359       -0.0002386460       -0.0001924947       -0.0001458424
     -121.0000000000       -0.0004715171       -0.0004382294       -0.0004002528       -0.0003571804       -0.0002905508       -0.0002294950       -0.0001953474       -0.0001444792
     -120.0000000000       -0.0004722098       -0.0004359170       -0.0003932536       -0.0003474029       -0.0002924095       -0.0002303788       -0.0001879498       -0.0001359583
     -119.0000000000       -0.0004614407       -0.0004320171       -0.0003939697       -0.0003472286       -0.0002865618       -0.0002296827       -0.0001838689       -0.0001356113
     -118.0000000000       -0.0004556198       -0.0004275609       -0.0003930724       -0.0003502174       -0.0002864629       -0.0002339643       -0.0001765208       -0.0001320535
     -117.0000000000       -0.0004625172       -0.0004327211       -0.0003890139       -0.0003396159       -0.0002756886       -0.0002246676       -0.0001619316       -0.0001206033
     -116.0000000000       -0.0004690898       -0.0004351235       -0.0003902322       -0.0003384087       -0.0002738114       -0.0002147687       -0.0001486890       -0.0001117172
     -115.0000000000       -0.0004688190       -0.0004333400       -0.0003912167       -0.0003397113       -0.0002703022       -0.0002104159       -0.0001431272       -0.0001140191
     -114.0000000000       -0.0004673875       -0.0004360746       -0.0003893872       -0.0003257078       -0.0002608591       -0.0001994739       -0.0001474355       -0.0001113417
     -113.0000000000       -0.0004644870       -0.0004323681       -0.0003873314       -0.0003223278       -0.0002511201       -0.0001915848       -0.0001493735       -0.0001038632
     -112.0000000000       -0.0004567674       -0.0004327883       -0.0003828012       -0.0003203092       -0.0002365232       -0.0001853808       -0.0001362190       -0.0000924000
     -111.0000000000       -0.0004587412       -0.0004379671       -0.0003783070       -0.0003224571       -0.0002326876       -0.0001828711       -0.0001270770       -0.0000860298
     -110.0000000000       -0.0004580384       -0.0004335724       -0.0003751100       -0.0003157568       -0.0002357297       -0.0001782078       -0.0001193701       -0.0000820170
     -109.0000000000       -0.0004619805       -0.0004285973       -0.0003743105       -0.0003065370       -0.0002433160       -0.0001662125       -0.0001073969       -0.0000748540
     -108.0000000000       -0.0004617630       -0.0004262065       -0.0003734437       -0.0002949423       -0.0002332275       -0.0001649052       -0.0000957044       -0.0000663214
     -107.0000000000       -0.0004621724       -0.0004203535       -0.0003717782       -0.0002919748       -0.0002266104       -0.0001602130       -0.0000901359       -0.0000545133
     -106.0000000000       -0.0004584403       -0.0004219136       -0.0003617670       -0.0002875597       -0.0002202174       -0.0001476130       -0.0000871999       -0.0000508401
     -105.0000000000       -0.0004536567       -0.0004281030       -0.0003586911       -0.0002844945       -0.0002141761       -0.0001409541       -0.0000828841       -0.0000350860
     -104.0000000000       -0.0004545920       -0.0004319408       -0.0003579964       -0.0002839602       -0.0002109590       -0.0001317466       -0.0000699273       -0.0000250634
     -103.0000000000       -0.0004593951       -0.0004265217       -0.0003558906       -0.0002728595       -0.0001984241       -0.0001267051       -0.0000635710       -0.0000230932
     -102.0000000000       -0.0004612448       -0.0004177689       -0.0003459198       -0.0002596537       -0.0001850132       -0.0001172488       -0.0000566896       -0.0000215487
     -101.0000000000       -0.0004612725       -0.0004110628       -0.0003405698       -0.0002501239       -0.0001819804       -0.0001079569       -0.0000361180       -0.0000075005
     -100.0000000000       -0.0004629993       -0.0004068120       -0.0003404049       -0.0002368180       -0.0001719923       -0.0000949991       -0.0000370771        0.0000088270
      -99.0000000000       -0.0004653165       -0.0004098224       -0.0003389665       -0.0002284963       -0.0001587627       -0.0000813148       -0.0000335153        0.0000162037
      -98.0000000000       -0.0004635084       -0.0004118318       -0.0003333504       -0.0002301993       -0.0001544205       -0.0000718372       -0.0000210813        0.0000226659
      -97.0000000000       -0.0004585585       -0.0004066437       -0.0003388644       -0.0002292863       -0.0001525697       -0.0000662134       -0.0000094656        0.0000290636
      -96.0000000000       -0.0004628073       -0.0004113421       -0.0003297848       -0.0002194594       -0.0001359920       -0.0000634136        0.0000044931        0.0000395935
      -95.0000000000       -0.0004581598       -0.0004149748       -0.0003338234       -0.0002108339       -0.0001263739       -0.0000495754        0.0000096036        0.0000499338
      -94.0000000000       -0.0004512708       -0.0004101542       -0.0003192364       -0.0002048286       -0.0001176951       -0.0000421269        0.0000170501        0.0000565505
      -93.0000000000       -0.0004577877       -0.0004042609       -0.0003067687       -0.0001950128       -0.0001066293       -0.0000325414        0.0000206990        0.0000621918
      -92.0000000000       -0.0004609453       -0.0004028957       -0.0003000517       -0.0001880779       -0.0000976800       -0.0000170699        0.0000307654        0.0000707174
      -91.0000000000       -0.0004657785       -0.0004031028       -0.0002968087       -0.0001886339       -0.0000918511       -0.0000109529        0.0000449112        0.0000786756
      -90.0000000000       -0.0004713503       -0.0004004346       -0.0003000577       -0.0001837782       -0.0000780366       -0.0000028975        0.0000551806        0.0000852162
      -89.0000000000       -0.0004768606       -0.0003966980       -0.0002947817       -0.0001744435       -0.0000601977        0.0000073846        0.0000674760        0.0000992356
      -88.0000000000       -0.0004672601       -0.0003974205       -0.0002782857       -0.0001584606       -0.0000395046        0.0000240856        0.0000806686        0.0001156972
      -87.0000000000       -0.0004602988       -0.0003918683       -0.0002704062       -0.0001504416       -0.0000288478        0.0000358565        0.0000887528        0.0001193072
      -86.0000000000       -0.0004562940       -0.0003916307       -0.0002575241       -0.0001421641       -0.0000300595        0.0000441570        0.0000934995        0.0001206751
      -85.0000000000       -0.0004612421       -0.0003897614       -0.0002510697       -0.0001293874       -0.0000215839        0.0000604696        0.0001059202        0.0001315325
      -84.0000000000       -0.0004724806       -0.0003816147       -0.0002521593       -0.0001128943       -0.0000097215        0.0000691930        0.0001225795        0.0001457870
      -83.0000000000       -0.0004699150       -0.0003822098       -0.0002558474       -0.0001019947        0.0000044648        0.0000849375        0.0001331660        0.0001643279
      -82.0000000000       -0.0004745606       -0.0003750321       -0.0002518935       -0.0000898550        0.0000104259        0.0000935336        0.0001359025        0.0001726491
      -81.0000000000       -0.0004739184       -0.0003719893       -0.0002373022       -0.0000804682        0.0000181934        0.0001080406        0.0001480209        0.0001853832
      -80.0000000000       -0.0004682376       -0.0003795014       -0.0002287168       -0.0000713705        0.0000415725        0.0001244490        0.0001607062        0.0001948056
      -79.0000000000       -0.0004642273       -0.0003746109       -0.0002189633       -0.0000542088        0.0000592438        0.0001388428        0.0001691986        0.0002038530
      -78.0000000000       -0.0004668401       -0.0003680012       -0.0002016670       -0.0000423060        0.0000741790        0.0001496581        0.0001880639        0.0002108924
      -77.0000000000       -0.0004681662       -0.0003664532       -0.0001857099       -0.0000287727        0.0000868932        0.0001618306        0.0002144511        0.0002229149
      -76.0000000000       -0.0004671141       -0.0003572255       -0.0001710141       -0.0000181782        0.0000949653        0.0001718027        0.0002190250        0.0002240070
      -75.0000000000       -0.0004686212       -0.0003573018       -0.0001659544       -0.0000058402        0.0001104823        0.0001815920        0.0002165872        0.0002332677
      -74.0000000000       -0.0004672746       -0.0003563743       -0.0001587156        0.0000112869        0.0001281839        0.0001915433        0.0002281127        0.0002446822
      -73.0000000000       -0.0004692619       -0.0003424985       -0.0001402820        0.0000312672        0.0001415701        0.0002124015        0.0002441893        0.0002632044
      -72.0000000000       -0.0004689622       -0.0003367718       -0.0001230464        0.0000537399        0.0001546922        0.0002244757        0.0002557491        0.0002730850
      -71.0000000000       -0.0004637009       -0.0003353310       -0.0001153850        0.0000753011        0.0001722936        0.0002481338        0.0002690275        0.0002834492
      -70.0000000000       -0.0004612775       -0.0003317025       -0.0001039837        0.0000908143        0.0001911617        0.0002665608        0.0002877965        0.0003030805
      -69.0000000000       -0.0004645390       -0.0003209086       -0.0000854548        0.0001002639        0.0002032987        0.0002757504        0.0003039090        0.0003141443
      -68.0000000000       -0.0004641468       -0.0003046019       -0.0000643912        0.0001140521        0.0002255924        0.0002774661        0.0003114048        0.0003211925
      -67.0000000000       -0.0004625068       -0.0002931266       -0.0000567565        0.0001285100        0.0002501963        0.0002992159        0.0003227654        0.0003306407
      -66.0000000000       -0.0004591396       -0.0002815568       -0.0000405960        0.0001490766        0.0002649524        0.0003139748        0.0003308253        0.0003432196
      -65.0000000000       -0.0004616802       -0.0002783744       -0.0000155073        0.0001739622        0.0002761443        0.0003262796        0.0003467489        0.0003500350
      -64.0000000000       -0.0004597493       -0.0002752579        0.0000009072        0.0001902342        0.0002989664        0.0003442015        0.0003606239        0.0003604463
      -63.0000000000       -0.0004589217       -0.0002719417        0.0000190046        0.0002060420        0.0003221207        0.0003618336        0.0003683650        0.0003665582
      -62.0000000000       -0.0004602372       -0.0002542276        0.0000357858        0.0002346427        0.0003323862        0.0003776690        0.0003813424        0.0003834402
      -61.0000000000       -0.0004625163       -0.0002332374        0.0000542390        0.0002577327        0.0003484798        0.0003885437        0.0004067873        0.0003898576
      -60.0000000000       -0.0004671049       -0.0002177617        0.0000789369        0.0002781590        0.0003766341        0.0004120726        0.0004208492        0.0003975934
      -59.0000000000       -0.0004703036       -0.0002042022        0.0001037496        0.0003069113        0.0003969284        0.0004245617        0.0004281134        0.0004120732
      -58.0000000000       -0.0004646356       -0.0002003968        0.0001357617        0.0003250696        0.0004254736        0.0004398796        0.0004398645        0.0004134253
      -57.0000000000       -0.0004667302       -0.0001895276        0.0001642969        0.0003388829        0.0004363858        0.0004530669        0.0004519038        0.0004221650
      -56.0000000000       -0.0004652770       -0.0001732286        0.0001973838        0.0003693664        0.0004512941        0.0004643409        0.0004632829        0.0004387252
      -55.0000000000       -0.0004556499       -0.0001489870        0.0002238351        0.0003996346        0.0004631827        0.0004843168        0.0004755654        0.0004531727
      -54.0000000000       -0.0004531622       -0.0001240942        0.0002484755        0.0004239888        0.0004846295        0.0005046872        0.0004879831        0.0004653089
      -53.0000000000       -0.0004572285       -0.0001159849        0.0002777531        0.0004545847        0.0005107530        0.0005223361        0.0005037547        0.0004772930
      -52.0000000000       -0.0004551613       -0.0000974985        0.0003002273        0.0004862036        0.0005296962        0.0005380250        0.0005223235        0.0004924746
      -51.0000000000       -0.0004556344       -0.0000699710        0.0003272995        0.0005130093        0.0005498678        0.0005483708        0.0005328905        0.0005042799
      -50.0000000000       -0.0004553016       -0.0000455627        0.0003719775        0.0005379800        0.0005811703        0.0005617765        0.0005415016        0.0005137276
      -49.0000000000       -0.0004625789       -0.0000145453        0.0004044041        0.0005646000        0.0005961994        0.0005836544        0.0005564507        0.0005228249
      -48.0000000000       -0.0004665878        0.0000202467        0.0004395194        0.0005885185        0.0006153679        0.0006104775        0.0005712977        0.0005331829
      -47.0000000000       -0.0004625743        0.0000482161        0.0004818864        0.0006138438        0.0006454829        0.0006275011        0.0005848448        0.0005475828
      -46.0000000000       -0.0004622607        0.0000797321        0.0005172634        0.0006438513        0.0006628554        0.0006420062        0.0005989571        0.0005579411
      -45.0000000000       -0.0004656318        0.0001123995        0.0005549777        0.0006738493        0.0006823307        0.0006562081        0.0006133287        0.0005720169
      -44.0000000000       -0.0004659511        0.0001497090        0.0005959418        0.0007073071        0.0007104241        0.0006711239        0.0006340806        0.0005809896
      -43.0000000000       -0.0004641827        0.0001932051        0.0006355605        0.0007466782        0.0007315317        0.0006885485        0.0006441363        0.0005840555
      -42.0000000000       -0.0004546857        0.0002321537        0.0006778218        0.0007789596        0.0007506916        0.0007026986        0.0006490629        0.0005974188
      -41.0000000000       -0.0004502529        0.0002765740        0.0007145120        0.0008012951        0.0007743219        0.0007237193        0.0006572526        0.0006150526
      -40.0000000000       -0.0004582625        0.0003262301        0.0007627519        0.0008308780        0.0008029743        0.0007415905        0.0006659526        0.0006213040
      -39.0000000000       -0.0004616752        0.0003780598        0.0008034382        0.0008643595        0.0008259849        0.0007566094        0.0006783981        0.0006241881
      -38.0000000000       -0.0004672536        0.0004295223        0.0008520147        0.0008936960        0.0008480601        0.0007648627        0.0006930260        0.0006336557
      -37.0000000000       -0.0004592998        0.0004934236        0.0008994127        0.0009224460        0.0008695658        0.0007825904        0.0007028145        0.0006390182
      -36.0000000000       -0.0004556074        0.0005610228        0.0009467525        0.0009486324        0.0008839759        0.0008083002        0.0007199175        0.0006411787
      -35.0000000000       -0.0004519799        0.0006237944        0.0009972880        0.0009847800        0.0008971447        0.0008220782        0.0007330528        0.0006574031
      -34.0000000000       -0.0004479070        0.0006856651        0.0010490644        0.0010150782        0.0009206483        0.0008356703        0.0007457112        0.0006675814
      -33.0000000000       -0.0004511797        0.0007643599        0.0011018402        0.0010551586        0.0009490547        0.0008451924        0.0007527588        0.0006797462
      -32.0000000000       -0.0004632750        0.0008455576        0.0011501973        0.0010838109        0.0009722039        0.0008575576        0.0007637640        0.0006941454
      -31.0000000000       -0.0004675718        0.0009214305        0.0011993922        0.0011132593        0.0009915883        0.0008714509        0.0007766270        0.0006961196
      -30.0000000000       -0.0004645208        0.0010153053        0.0012564892        0.0011451979        0.0010106677        0.0008809206        0.0007881600        0.0006976056
      -29.0000000000       -0.0004579354        0.0011079125        0.0013005555        0.0011728980        0.0010300512        0.0008964611        0.0007973227        0.0007054171
      -28.0000000000       -0.0004543182        0.0012023243        0.0013430074        0.0012052215        0.0010497309        0.0009200980        0.0007960534        0.0007177738
      -27.0000000000       -0.0004555505        0.0013010548        0.0013915776        0.0012402524        0.0010696245        0.0009330643        0.0008002657        0.0007271038
      -26.0000000000       -0.0004512691        0.0014024963        0.0014493789        0.0012592956        0.0010939503        0.0009476573        0.0008205585        0.0007272357
      -25.0000000000       -0.0004438129        0.0015082664        0.0015042007        0.0012815429        0.0011086835        0.0009624674        0.0008391512        0.0007371407
      -24.0000000000       -0.0004458302        0.0016141526        0.0015497174        0.0013188776        0.0011198460        0.0009695078        0.0008464584        0.0007505843
      -23.0000000000       -0.0004558934        0.0017243980        0.0016006364        0.0013528547        0.0011336699        0.0009778368        0.0008530617        0.0007571250
      -22.0000000000       -0.0004530184        0.0018419572        0.0016591164        0.0013696968        0.0011465372        0.0009943012        0.0008645084        0.0007625799
      -21.0000000000       -0.0004453416        0.0019610281        0.0017087959        0.0014011656        0.0011667001        0.0010015450        0.0008774461        0.0007707557
      -20.0000000000       -0.0004481499        0.0020797773        0.0017575514        0.0014294404        0.0011894199        0.0010020042        0.0008767694        0.0007724771
      -19.0000000000       -0.0004523885        0.0022019219        0.0018170823        0.0014494142        0.0012117370        0.0010122996        0.0008780931        0.0007682705
      -18.0000000000       -0.0004430778        0.0023215917        0.0018618217        0.0014744630        0.0012326506        0.0010256071        0.0008864831        0.0007722346
      -17.0000000000       -0.0004325400        0.0024462073        0.0019049649        0.0014961316        0.0012403425        0.0010404260        0.0008970619        0.0007813367
      -16.0000000000       -0.0004375849        0.0025697065        0.0019540422        0.0015200551        0.0012525806        0.0010481614        0.0009001015        0.0007945180
      -15.0000000000       -0.0004293348        0.0026949245        0.0019940822        0.0015437035        0.0012616419        0.0010584596        0.0009104573        0.0008005923
      -14.0000000000       -0.0004182364        0.0028267400        0.0020316264        0.0015580815        0.0012791783        0.0010682873        0.0009098146        0.0007989994
      -13.0000000000       -0.0004070059        0.0029473896        0.0020647361        0.0015805492        0.0012903113        0.0010781332        0.0009120370        0.0007993698
      -12.0000000000       -0.0003939113        0.0030577990        0.0021059804        0.0016055328        0.0013044548        0.0010825467        0.0009217334        0.0008030226
      -11.0000000000       -0.0003707860        0.0031681529        0.0021502193        0.0016227343        0.0013097166        0.0010961769        0.0009368830        0.0008051443
      -10.0000000000       -0.0003440075        0.0032713562        0.0021802789        0.0016471072        0.0013126759        0.0011035374        0.0009442695        0.0008093675
       -9.0000000000       -0.0003073846        0.0033749903        0.0022087445        0.0016660754        0.0013274484        0.0011054226        0.0009446890        0.0008094169
       -8.0000000000       -0.0002551074        0.0034765054        0.0022393500        0.0016791526        0.0013369400        0.0011051866        0.0009434801        0.0008103773
       -7.0000000000       -0.0001736351        0.0035623496        0.0022583878        0.0016883613        0.0013460468        0.0011076965        0.0009484709        0.0008190191
       -6.0000000000       -0.0000358558        0.0036395393        0.0022841153        0.0017062296        0.0013496863        0.0011078486        0.0009543087        0.0008304116
       -5.0000000000        0.0002396052        0.0037212548        0.0023034538        0.0017070940        0.0013523333        0.0011129603        0.0009549937        0.0008310795
       -4.0000000000        0.0007910971        0.0037788696        0.0023275913        0.0017141275        0.0013475861        0.0011231106        0.0009520637        0.0008286720
       -3.0000000000        0.0021662393        0.0038212334        0.0023407582        0.0017126126        0.0013487628        0.0011203315        0.0009515057        0.0008223994
       -2.0000000000        0.0070711402        0.0038509910        0.0023434580        0.0017105256        0.0013552477        0.0011176954        0.0009570457        0.0008223573
       -1.0000000000        0.0451348128        0.0038791495        0.0023500770        0.0017141524        0.0013661940        0.0011196769        0.0009535904        0.0008235434
        0.0000000000        0.1185462955        0.0038874294        0.0023506304        0.0017191991        0.0013655138        0.0011290436        0.0009570994        0.0008208942
        1.0000000000        0.0451348128        0.0038732823        0.0023482935        0.0017262028        0.0013611465        0.0011341866        0.0009542169        0.0008207493
        2.0000000000        0.0070711402        0.0038551892        0.0023401621        0.0017263523        0.0013580289        0.0011312001        0.0009505033        0.0008248857
        3.0000000000        0.0021662393        0.0038280584        0.0023354208        0.0017272897        0.0013587162        0.0011270532        0.0009620069        0.0008314434
        4.0000000000        0.0007910971        0.0037703845        0.0023281402        0.0017133761        0.0013578748        0.0011170735        0.0009641594        0.0008262679
        5.0000000000        0.0002396052        0.0037119422        0.0023126498        0.0016996578        0.0013495391        0.0011144160        0.0009622883        0.0008266266
        6.0000000000       -0.0000358558        0.0036464591        0.0022992139        0.0016870188        0.0013387780        0.0011133827        0.0009573933        0.0008326630
        7.0000000000       -0.0001736351        0.0035693485        0.0022708213        0.0016716512        0.0013367080        0.0011050329        0.0009494821        0.0008258143
        8.0000000000       -0.0002551074        0.0034770066        0.0022391983        0.0016677155        0.0013323679        0.0010980848        0.0009356783        0.0008249700
        9.0000000000       -0.0003073846        0.0033789241        0.0022106354        0.0016605119        0.0013243891        0.0010988752        0.0009374362        0.0008287534
       10.0000000000       -0.0003440075        0.0032854924        0.0021791222        0.0016520301        0.0013131026        0.0010953307        0.0009356994        0.0008199959
       11.0000000000       -0.0003707860        0.0031719822        0.0021382831        0.0016321826        0.0013048246        0.0010860604        0.0009358118        0.0008076908
       12.0000000000       -0.0003939113        0.0030613316        0.0021024286        0.0016144742        0.0012927358        0.0010778914        0.0009260487        0.0008059281
       13.0000000000       -0.0004070059        0.0029492755        0.0020735663        0.0015950540        0.0012885421        0.0010830862        0.0009210747        0.0008065996
       14.0000000000       -0.0004182364        0.0028359064        0.0020352576        0.0015699341        0.0012740866        0.0010767879        0.0009171162        0.0008026124
       15.0000000000       -0.0004293348        0.0027076962        0.0019906267        0.0015554440        0.0012646179        0.0010653321        0.0009159457        0.0007986683
       16.0000000000       -0.0004375849        0.0025831301        0.0019552261        0.0015372050        0.0012600856        0.0010567855        0.0009018724        0.0007917968
       17.0000000000       -0.0004325400        0.0024591853        0.0019149818        0.0015120116        0.0012418721        0.0010544479        0.0008986215        0.0007836279
       18.0000000000       -0.0004430778        0.0023337591        0.0018596022        0.0014761049        0.0012295034        0.0010370336        0.0009027398        0.0007834094
       19.0000000000       -0.0004523885        0.0022096651        0.0018054327        0.0014488066        0.0012232015        0.0010236929        0.0008933816        0.0007810702
       20.0000000000       -0.0004481499        0.0020862825        0.0017595655        0.0014286716        0.0012025235        0.0010097871        0.0008818110        0.0007707457
       21.0000000000       -0.0004453416        0.0019669348        0.0017190349        0.0014043842        0.0011798589        0.0010054075        0.0008655065        0.0007606698
       22.0000000000       -0.0004530184        0.0018478813        0.0016766716        0.0013790947        0.0011662347        0.0009991577        0.0008585085        0.0007511746
       23.0000000000       -0.0004558934        0.0017304390        0.0016258122        0.0013485535        0.0011496107        0.0009908754        0.0008417893        0.0007488020
       24.0000000000       -0.0004458302        0.0016100524        0.0015679482        0.0013139885        0.0011272309        0.0009719530        0.0008338789        0.0007436662
       25.0000000000       -0.0004438129        0.0014954544        0.0015048396        0.0012899205        0.0011047735        0.0009502998        0.0008297093        0.0007434614
       26.0000000000       -0.0004512691        0.0013894700        0.0014474712        0.0012645902        0.0010863027        0.0009405191        0.0008247212        0.0007360654
       27.0000000000       -0.0004555505        0.0012933750        0.0013919427        0.0012318248        0.0010743408        0.0009365722        0.0008230035        0.0007176368
       28.0000000000       -0.0004543182        0.0011979836        0.0013434514        0.0011992245        0.0010511910        0.0009254743        0.0008171062        0.0007178051
       29.0000000000       -0.0004579354        0.0010992913        0.0012970021        0.0011746557        0.0010257695        0.0009056630        0.0007988848        0.0007125656
       30.0000000000       -0.0004645208        0.0010087563        0.0012475823        0.0011448213        0.0009991343        0.0008952802        0.0007824402        0.0006979036
       31.0000000000       -0.0004675718        0.0009256837        0.0011965757        0.0011162396        0.0009766664        0.0008824772        0.0007751924        0.0006893571
       32.0000000000       -0.0004632750        0.0008494999        0.0011430121        0.0010852564        0.0009593933        0.0008679312        0.0007648102        0.0006835416
       33.0000000000       -0.0004511797        0.0007696449        0.0010843861        0.0010531364        0.0009432875        0.0008461469        0.0007485064        0.0006789303
       34.0000000000       -0.0004479070        0.0006911661        0.0010303060        0.0010181592        0.0009324987        0.0008294668        0.0007451445        0.0006612745
       35.0000000000       -0.0004519799        0.0006195786        0.0009843362        0.0009837761        0.0009095829        0.0008175573        0.0007320554        0.0006523283
       36.0000000000       -0.0004556074        0.0005457956        0.0009391688        0.0009540932        0.0008780192        0.0008009853        0.0007167190        0.0006441677
       37.0000000000       -0.0004592998        0.0004807116        0.0008925556        0.0009290897        0.0008559644        0.0007881937        0.0007073544        0.0006410045
       38.0000000000       -0.0004672536        0.0004282242        0.0008480472        0.0008954322        0.0008342364        0.0007698374        0.0006963838        0.0006348748
       39.0000000000       -0.0004616752        0.0003812367        0.0008065420        0.0008620545        0.0008111087        0.0007548713        0.0006870989        0.0006182557
       40.0000000000       -0.0004582625        0.0003323060        0.0007633024        0.0008292421        0.0007904210        0.0007405849        0.0006738713        0.0006127519
       41.0000000000       -0.0004502529        0.0002862899        0.0007165240        0.0008010966        0.0007711875        0.0007205382        0.0006571681        0.0006028843
       42.0000000000       -0.0004546857        0.0002254014        0.0006723358        0.0007737998        0.0007472730        0.0006979079        0.0006480952        0.0005954749
       43.0000000000       -0.0004641827        0.0001742458        0.0006322808        0.0007464865        0.0007206198        0.0006753165        0.0006398910        0.0005879478
       44.0000000000       -0.0004659511        0.0001376409        0.0005881350        0.0007079760        0.0007030885        0.0006709739        0.0006281230        0.0005772384
       45.0000000000       -0.0004656318        0.0001089352        0.0005456879        0.0006766684        0.0006906085        0.0006594005        0.0006135505        0.0005639768
       46.0000000000       -0.0004622607        0.0000805912        0.0005121946        0.0006408730        0.0006656511        0.0006415627        0.0005909599        0.0005514864
       47.0000000000       -0.0004625743        0.0000485820        0.0004701304        0.0006195251        0.0006357388        0.0006133783        0.0005778069        0.0005448692
       48.0000000000       -0.0004665878        0.0000155058        0.0004227547        0.0005834298        0.0006106565        0.0005898222        0.0005728061        0.0005355600
       49.0000000000       -0.0004625789       -0.0000090822        0.0003913436        0.0005564969        0.0005935610        0.0005768659        0.0005510807        0.0005254928
       50.0000000000       -0.0004553016       -0.0000348661        0.0003641102        0.0005345694        0.0005764692        0.0005632585        0.0005339090        0.0005013030
       51.0000000000       -0.0004556344       -0.0000693087        0.0003287494        0.0005125296        0.0005491609        0.0005431461        0.0005192395        0.0004945471
       52.0000000000       -0.0004551613       -0.0000904863        0.0002982205        0.0004938113        0.0005294832        0.0005298961        0.0005130956        0.0004831434
       53.0000000000       -0.0004572285       -0.0001232392        0.0002707616        0.0004648052        0.0005139085        0.0005234065        0.0004992158        0.0004682467
       54.0000000000       -0.0004531622       -0.0001427945        0.0002364529        0.0004328305        0.0004925965        0.0005096143        0.0004898723        0.0004594026
       55.0000000000       -0.0004556499       -0.0001580327        0.0002187181        0.0004026772        0.0004782806        0.0004869327        0.0004759716        0.0004542756
       56.0000000000       -0.0004652770       -0.0001732139        0.0001952532        0.0003786890        0.0004438736        0.0004683526        0.0004584951        0.0004485916
       57.0000000000       -0.0004667302       -0.0001871991        0.0001703451        0.0003523478        0.0004253957        0.0004553458        0.0004489632        0.0004409967
       58.0000000000       -0.0004646356       -0.0001984228        0.0001413505        0.0003212214        0.0004131451        0.0004331734        0.0004377887        0.0004246946
       59.0000000000       -0.0004703036       -0.0002120057        0.0001122013        0.0003002581        0.0003950117        0.0004124150        0.0004216543        0.0004095843
       60.0000000000       -0.0004671049       -0.0002237898        0.0000858681        0.0002850286        0.0003846186        0.0003921632        0.0004161362        0.0003975053
       61.0000000000       -0.0004625163       -0.0002430367        0.0000682790        0.0002621531        0.0003607795        0.0003802951        0.0003957124        0.0003832201
       62.0000000000       -0.0004602372       -0.0002612112        0.0000500469        0.0002361235        0.0003408000        0.0003686890        0.0003809595        0.0003762042
       63.0000000000       -0.0004589217       -0.0002717150        0.0000259770        0.0002098525        0.0003224925        0.0003553294        0.0003719426        0.0003692300
       64.0000000000       -0.0004597493       -0.0002836410        0.0000013821        0.0001917603        0.0002983788        0.0003415142        0.0003515778        0.0003658738
       65.0000000000       -0.0004616802       -0.0002939362       -0.0000180783        0.0001705033        0.0002820831        0.0003270078        0.0003447480        0.0003544730
       66.0000000000       -0.0004591396       -0.0002966580       -0.0000384746        0.0001500642        0.0002585087        0.0003140694        0.0003383931        0.0003325841
       67.0000000000       -0.0004625068       -0.0003055920       -0.0000563108        0.0001428722        0.0002384181        0.0002966015        0.0003273328        0.0003238375
       68.0000000000       -0.0004641468       -0.0003145464       -0.0000768492        0.0001231128        0.0002312027        0.0002755772        0.0003174490        0.0003113548
       69.0000000000       -0.0004645390       -0.0003112414       -0.0000858528        0.0001014673        0.0002150972        0.0002669372        0.0003019531        0.0002990310
       70.0000000000       -0.0004612775       -0.0003250793       -0.0000997083        0.0000865248        0.0001971215        0.0002590807        0.0002813461        0.0002907306
       71.0000000000       -0.0004637009       -0.0003280212       -0.0001167159        0.0000667127        0.0001833389        0.0002416289        0.0002637478        0.0002866516
       72.0000000000       -0.0004689622       -0.0003268034       -0.0001327129        0.0000479243        0.0001636487        0.0002296569        0.0002536373        0.0002675672
       73.0000000000       -0.0004692619       -0.0003321192       -0.0001472167        0.0000287188        0.0001416541        0.0002068066        0.0002502574        0.0002573471
       74.0000000000       -0.0004672746       -0.0003471859       -0.0001566557        0.0000226823        0.0001186762        0.0001940176        0.0002387569        0.0002468115
       75.0000000000       -0.0004686212       -0.0003535133       -0.0001664907        0.0000026002        0.0001047889        0.0001832872        0.0002275226        0.0002373166
       76.0000000000       -0.0004671141       -0.0003561714       -0.0001797477       -0.0000167405        0.0000974795        0.0001718375        0.0002081035        0.0002302109
       77.0000000000       -0.0004681662       -0.0003585073       -0.0001969663       -0.0000333318        0.0000813876        0.0001566602        0.0001921739        0.0002218274
       78.0000000000       -0.0004668401       -0.0003633748       -0.0002107005       -0.0000490341        0.0000618179        0.0001441666        0.0001775069        0.0002098844
       79.0000000000       -0.0004642273       -0.0003633923       -0.0002117994       -0.0000603340        0.0000515675        0.0001302055        0.0001743591        0.0001962459
       80.0000000000       -0.0004682376       -0.0003679409       -0.0002219320       -0.0000745157        0.0000409293        0.0001078896        0.0001628347        0.0001847863
       81.0000000000       -0.0004739184       -0.0003793612       -0.0002384956       -0.0000796216        0.0000203924        0.0000997185        0.0001568290        0.0001782953
       82.0000000000       -0.0004745606       -0.0003858603       -0.0002543748       -0.0000913660        0.0000195011        0.0000920036        0.0001420981        0.0001726042
       83.0000000000       -0.0004699150       -0.0003864631       -0.0002589701       -0.0001051419        0.0000113983        0.0000869940        0.0001278655        0.0001674984
       84.0000000000       -0.0004724806       -0.0003919495       -0.0002654016       -0.0001194335       -0.0000061381        0.0000738392        0.0001184575        0.0001529604
       85.0000000000       -0.0004612421       -0.0003968973       -0.0002765145       -0.0001307054       -0.0000183117        0.0000605165        0.0001017306        0.0001325084
       86.0000000000       -0.0004562940       -0.0003928338       -0.0002780694       -0.0001354807       -0.0000363397        0.0000435274        0.0000837282        0.0001230275
       87.0000000000       -0.0004602988       -0.0003977985       -0.0002794989       -0.0001505092       -0.0000480673        0.0000324974        0.0000742000        0.0001199730
       88.0000000000       -0.0004672601       -0.0004004244       -0.0002839037       -0.0001604208       -0.0000560252        0.0000234173        0.0000704676        0.0001174945
       89.0000000000       -0.0004768606       -0.0004069940       -0.0002888728       -0.0001631721       -0.0000622208        0.0000102127        0.0000659880        0.0000987670
       90.0000000000       -0.0004713503       -0.0004057298       -0.0002942983       -0.0001699116       -0.0000740249        0.0000021536        0.0000550849        0.0000903112
       91.0000000000       -0.0004657785       -0.0004008429       -0.0003046010       -0.0001802123       -0.0000821930       -0.0000068252        0.0000525678        0.0000832065
       92.0000000000       -0.0004609453       -0.0003944840       -0.0003107755       -0.0001937292       -0.0000925760       -0.0000112872        0.0000418405        0.0000767365
       93.0000000000       -0.0004577877       -0.0003964660       -0.0003176324       -0.0002024551       -0.0001061334       -0.0000279058        0.0000276216        0.0000615942
       94.0000000000       -0.0004512708       -0.0004079544       -0.0003198832       -0.0002070243       -0.0001091046       -0.0000379480        0.0000140902        0.0000481519
       95.0000000000       -0.0004581598       -0.0004068080       -0.0003200774       -0.0002193564       -0.0001154791       -0.0000477817        0.0000052719        0.0000431820
       96.0000000000       -0.0004628073       -0.0004098668       -0.0003209714       -0.0002332291       -0.0001303169       -0.0000559276       -0.0000020948        0.0000310660
       97.0000000000       -0.0004585585       -0.0004186258       -0.0003247573       -0.0002366330       -0.0001422479       -0.0000706624       -0.0000080964        0.0000266529
       98.0000000000       -0.0004635084       -0.0004148440       -0.0003312882       -0.0002450901       -0.0001458104       -0.0000838944       -0.0000114818        0.0000153879
       99.0000000000       -0.0004653165       -0.0004156825       -0.0003423187       -0.0002580903       -0.0001507495       -0.0000916770       -0.0000276598        0.0000043912
      100.0000000000       -0.0004629993       -0.0004213571       -0.0003512208       -0.0002624712       -0.0001642359       -0.0001023020       -0.0000518171       -0.0000041982
      101.0000000000       -0.0004612725       -0.0004214809       -0.0003491994       -0.0002703320       -0.0001742206       -0.0001036333       -0.0000558549       -0.0000108537
      102.0000000000       -0.0004612448       -0.0004186939       -0.0003530540       -0.0002751663       -0.0001781935       -0.0001086529       -0.0000572685       -0.0000145744
      103.0000000000       -0.0004593951       -0.0004185869       -0.0003570133       -0.0002844338       -0.0001881218       -0.0001210771       -0.0000651146       -0.0000200752
      104.0000000000       -0.0004545920       -0.0004230568       -0.0003621512       -0.0002843989       -0.0001997390       -0.0001331315       -0.0000744522       -0.0000257689
      105.0000000000       -0.0004536567       -0.0004190522       -0.0003619160       -0.0002877932       -0.0002000051       -0.0001381237       -0.0000795829       -0.0000313612
      106.0000000000       -0.0004584403       -0.0004192871       -0.0003614289       -0.0002974535       -0.0002065339       -0.0001442602       -0.0000886184       -0.0000460874
      107.0000000000       -0.0004621724       -0.0004287319       -0.0003624347       -0.0003013662       -0.0002206080       -0.0001507228       -0.0000939143       -0.0000535092
      108.0000000000       -0.0004617630       -0.0004334893       -0.0003625679       -0.0003059420       -0.0002269987       -0.0001543313       -0.0001007849       -0.0000632138
      109.0000000000       -0.0004619805       -0.0004333877       -0.0003752510       -0.0003095073       -0.0002351778       -0.0001609646       -0.0001138070       -0.0000676848
      110.0000000000       -0.0004580384       -0.0004321878       -0.0003817997       -0.0003059664       -0.0002402263       -0.0001688506       -0.0001216160       -0.0000753807
      111.0000000000       -0.0004587412       -0.0004234480       -0.0003852984       -0.0003125947       -0.0002546108       -0.0001717704       -0.0001303838       -0.0000757200
      112.0000000000       -0.0004567674       -0.0004258555       -0.0003855787       -0.0003204835       -0.0002596821       -0.0001740630       -0.0001386480       -0.0000793096
      113.0000000000       -0.0004644870       -0.0004295975       -0.0003846058       -0.0003266095       -0.0002570948       -0.0001837248       -0.0001380695       -0.0000992176
      114.0000000000       -0.0004673875       -0.0004404502       -0.0003817071       -0.0003370066       -0.0002564254       -0.0001974288       -0.0001375191       -0.0001134864
      115.0000000000       -0.0004688190       -0.0004360209       -0.0003885007       -0.0003457073       -0.0002663257       -0.0002117171       -0.0001480768       -0.0001135204
      116.0000000000       -0.0004690898       -0.0004354651       -0.0003917006       -0.0003453990       -0.0002729794       -0.0002156332       -0.0001517878       -0.0001165897
      117.0000000000       -0.0004625172       -0.0004393867       -0.0004019924       -0.0003468375       -0.0002814049       -0.0002147745       -0.0001581669       -0.0001239092
      118.0000000000       -0.0004556198       -0.0004385825       -0.0004022487       -0.0003439649       -0.0002805722       -0.0002192316       -0.0001607340       -0.0001255416
      119.0000000000       -0.0004614407       -0.0004423651       -0.0003986075       -0.0003406323       -0.0002829393       -0.0002216821       -0.0001654833       -0.0001310991
      120.0000000000       -0.0004722098       -0.0004430118       -0.0004076052       -0.0003496518       -0.0002902741       -0.0002339613       -0.0001806718       -0.0001478657
      121.0000000000       -0.0004715171       -0.0004500245       -0.0004082006       -0.0003587243       -0.0002928106       -0.0002437819       -0.0001934153       -0.0001569951
      122.0000000000       -0.0004593029       -0.0004505233       -0.0004068503       -0.0003594884       -0.0002953877       -0.0002427213       -0.0001998192       -0.0001527739
      123.0000000000       -0.0004647891       -0.0004409939       -0.0004089281       -0.0003610673       -0.0002953504       -0.0002496009       -0.0001988899       -0.0001565266
      124.0000000000       -0.0004714965       -0.0004415578       -0.0004099203       -0.0003620823       -0.0003036043       -0.0002591602       -0.0002048682       -0.0001619942
      125.0000000000       -0.0004655278       -0.0004434311       -0.0004131567       -0.0003623938       -0.0003097358       -0.0002592976       -0.0002116788       -0.0001637260
      126.0000000000       -0.0004633729       -0.0004469403       -0.0004175749       -0.0003654992       -0.0003147337       -0.0002584278       -0.0002097095       -0.0001619314
      127.0000000000       -0.0004646940       -0.0004421967       -0.0004137189       -0.0003683872       -0.0003155083       -0.0002633910       -0.0002087912       -0.0001698442
      128.0000000000       -0.0004629013       -0.0004394276       -0.0004075941       -0.0003614977       -0.0003220052       -0.0002666881       -0.0002164741       -0.0001806451
      129.0000000000       -0.0004689609       -0.0004421360       -0.0004095960       -0.0003630604       -0.0003287439       -0.0002693916       -0.0002260793       -0.0001851722
      130.0000000000       -0.0004612186       -0.0004441319       -0.0004129032       -0.0003658813       -0.0003327797       -0.0002772701       -0.0002313111       -0.0001882618
      131.0000000000       -0.0004538399       -0.0004398361       -0.0004125804       -0.0003738515       -0.0003366124       -0.0002848842       -0.0002357155       -0.0002008612
      132.0000000000       -0.0004582328       -0.0004399105       -0.0004095199       -0.0003732160       -0.0003413030       -0.0002937795       -0.0002426612       -0.0002096156
      133.0000000000       -0.0004580779       -0.0004377960       -0.0004165373       -0.0003750843       -0.0003336098       -0.0002960134       -0.0002543719       -0.0002110826
      134.0000000000       -0.0004573625       -0.0004411756       -0.0004150910       -0.0003858699       -0.0003372089       -0.0002965718       -0.0002586154       -0.0002180891
      135.0000000000       -0.0004693948       -0.0004487583       -0.0004120072       -0.0003870265       -0.0003479271       -0.0002956978       -0.0002595483       -0.0002230353
      136.0000000000       -0.0004686042       -0.0004448860       -0.0004124564       -0.0003802364       -0.0003493740       -0.0003045440       -0.0002724808       -0.0002275169
      137.0000000000       -0.0004686828       -0.0004406149       -0.0004112894       -0.0003817032       -0.0003515790       -0.0003149747       -0.0002800219       -0.0002286664
      138.0000000000       -0.0004677159       -0.0004455271       -0.0004157463       -0.0003925916       -0.0003577277       -0.0003169341       -0.0002754461       -0.0002346434
      139.0000000000       -0.0004642545       -0.0004513662       -0.0004299044       -0.0003982630       -0.0003653638       -0.0003204422       -0.0002765497       -0.0002367508
      140.0000000000       -0.0004592006       -0.0004481375       -0.0004313662       -0.0004043282       -0.0003623707       -0.0003267965       -0.0002816792       -0.0002330900
      141.0000000000       -0.0004652449       -0.0004468670       -0.0004213457       -0.0004049317       -0.0003588739       -0.0003368266       -0.0002817444       -0.0002450709
      142.0000000000       -0.0004702533       -0.0004456225       -0.0004142029       -0.0003979143       -0.0003639212       -0.0003355645       -0.0002870871       -0.0002544282
      143.0000000000       -0.0004681065       -0.0004477708       -0.0004216974       -0.0003943090       -0.0003679689       -0.0003370402       -0.0002895153       -0.0002513896
      144.0000000000       -0.0004698704       -0.0004476891       -0.0004161894       -0.0003920020       -0.0003753745       -0.0003345644       -0.0002976635       -0.0002525221
      145.0000000000       -0.0004625945       -0.0004451005       -0.0004201385       -0.0004028459       -0.0003764495       -0.0003317937       -0.0003017069       -0.0002604119
      146.0000000000       -0.0004601172       -0.0004453165       -0.0004264657       -0.0004056991       -0.0003769694       -0.0003266956       -0.0002986795       -0.0002672355
      147.0000000000       -0.0004641652       -0.0004545175       -0.0004240798       -0.0004018272       -0.0003791898       -0.0003393531       -0.0003023595       -0.0002739577
      148.0000000000       -0.0004591598       -0.0004496503       -0.0004289995       -0.0004070111       -0.0003790376       -0.0003441822       -0.0003083205       -0.0002756647
      149.0000000000       -0.0004569126       -0.0004431896       -0.0004311282       -0.0004143491       -0.0003775470       -0.0003507789       -0.0003108985       -0.0002865330
      150.0000000000       -0.0004616153       -0.0004513683       -0.0004303885       -0.0004142823       -0.0003775651       -0.0003463422       -0.0003073402       -0.0002871610
      151.0000000000       -0.0004655631       -0.0004536846       -0.0004328116       -0.0004147427       -0.0003806640       -0.0003409695       -0.0003128633       -0.0002827114
      152.0000000000       -0.0004671548       -0.0004530033       -0.0004380443       -0.0004186801       -0.0003821060       -0.0003461173       -0.0003178045       -0.0002912526
      153.0000000000       -0.0004632139       -0.0004535822       -0.0004433975       -0.0004065283       -0.0003826360       -0.0003572829       -0.0003238827       -0.0003006386
      154.0000000000       -0.0004617723       -0.0004533552       -0.0004376659       -0.0004094852       -0.0003814861       -0.0003592494       -0.0003378507       -0.0002999644
      155.0000000000       -0.0004616549       -0.0004585454       -0.0004322222       -0.0004141915       -0.0003804182       -0.0003544462       -0.0003345456       -0.0003039194
      156.0000000000       -0.0004671901       -0.0004590989       -0.0004383232       -0.0004053325       -0.0003853738       -0.0003588184       -0.0003302397       -0.0003036074
      157.0000000000       -0.0004716755       -0.0004551166       -0.0004346714       -0.0004023897       -0.0003859416       -0.0003651743       -0.0003326488       -0.0003038716
      158.0000000000       -0.0004718452       -0.0004506717       -0.0004319134       -0.0004099066       -0.0003904973       -0.0003689567       -0.0003413022       -0.0003111919
      159.0000000000       -0.0004724410       -0.0004452137       -0.0004360447       -0.0004191232       -0.0003941806       -0.0003697658       -0.0003465929       -0.0003150002
      160.0000000000       -0.0004693596       -0.0004476085       -0.0004373291       -0.0004157277       -0.0003897487       -0.0003660477       -0.0003453086       -0.0003167761
      161.0000000000       -0.0004714549       -0.0004429579       -0.0004339544       -0.0004206883       -0.0003931854       -0.0003732883       -0.0003423020       -0.0003180054
      162.0000000000       -0.0004695488       -0.0004333355       -0.0004311568       -0.0004202358       -0.0003960355       -0.0003755061       -0.0003461554       -0.0003148731
      163.0000000000       -0.0004673400       -0.0004318633       -0.0004283226       -0.0004276584       -0.0003999401       -0.0003736785       -0.0003519187       -0.0003181800
      164.0000000000       -0.0004633526       -0.0004463158       -0.0004260062       -0.0004244722       -0.0004106956       -0.0003750402       -0.0003550073       -0.0003300864
      165.0000000000       -0.0004674798       -0.0004516058       -0.0004305885       -0.0004240579       -0.0004106123       -0.0003814080       -0.0003548684       -0.0003347905
      166.0000000000       -0.0004635594       -0.0004524677       -0.0004447339       -0.0004268475       -0.0003998912       -0.0003828311       -0.0003557226       -0.0003386369
      167.0000000000       -0.0004584917       -0.0004443648       -0.0004482639       -0.0004301800       -0.0003964893       -0.0003786144       -0.0003576987       -0.0003412188
      168.0000000000       -0.0004575434       -0.0004428761       -0.0004443087       -0.0004228780       -0.0004048219       -0.0003814247       -0.0003638968       -0.0003476272
      169.0000000000       -0.0004556018       -0.0004477109       -0.0004431942       -0.0004187866       -0.0004141742       -0.0003904701       -0.0003702790       -0.0003426283
      170.0000000000       -0.0004697264       -0.0004495035       -0.0004435881       -0.0004157024       -0.0004076259       -0.0003890017       -0.0003642415       -0.0003397710
      171.0000000000       -0.0004741369       -0.0004560483       -0.0004499981       -0.0004237201       -0.0004103676       -0.0003829006       -0.0003641735       -0.0003480598
      172.0000000000       -0.0004713332       -0.0004576743       -0.0004455079       -0.0004246860       -0.0004142207       -0.0003900461       -0.0003637706       -0.0003498743
      173.0000000000       -0.0004648712       -0.0004587771       -0.0004493602       -0.0004316148       -0.0004153285       -0.0003964195       -0.0003599324       -0.0003495873
      174.0000000000       -0.0004634810       -0.0004641296       -0.0004455136       -0.0004299605       -0.0004138501       -0.0003940745       -0.0003597271       -0.0003489198
      175.0000000000       -0.0004647482       -0.0004621024       -0.0004567686       -0.0004353887       -0.0004171374       -0.0003940768       -0.0003676743       -0.0003497315
      176.0000000000       -0.0004655734       -0.0004600802       -0.0004480354       -0.0004389363       -0.0004209433       -0.0003993179       -0.0003728607       -0.0003431737
      177.0000000000       -0.0004639737       -0.0004654082       -0.0004402020       -0.0004351988       -0.0004132660       -0.0003976259       -0.0003758608       -0.0003424826
      178.0000000000       -0.0004670325       -0.0004654076       -0.0004457561       -0.0004366037       -0.0004141995       -0.0003956886       -0.0003763812       -0.0003486057
      179.0000000000       -0.0004731482       -0.0004587725       -0.0004428003       -0.0004372519       -0.0004122121       -0.0003976207       -0.0003772485       -0.0003594056
      180.0000000000       -0.0004809439       -0.0004619986       -0.0004529664       -0.0004347921       -0.0004203585       -0.0003979531       -0.0003838001       -0.0003694288
      181.0000000000       -0.0004798695       -0.0004639692       -0.0004582114       -0.0004379337       -0.0004240703       -0.0003867664       -0.0003842445       -0.0003662381
      182.0000000000       -0.0004706114       -0.0004665039       -0.0004509889       -0.0004397026       -0.0004151849       -0.0003927670       -0.0003771530       -0.0003553175
      183.0000000000       -0.0004682241       -0.0004565032       -0.0004412391       -0.0004399106       -0.0004139088       -0.0004000211       -0.0003816097       -0.0003583034
      184.0000000000       -0.0004690528       -0.0004584253       -0.0004391406       -0.0004312542       -0.0004276955       -0.0003994898       -0.0003843444       -0.0003674684
      185.0000000000       -0.0004656113       -0.0004589616       -0.0004500302       -0.0004305467       -0.0004216816       -0.0004038248       -0.0003843691       -0.0003652441
      186.0000000000       -0.0004576693       -0.0004534443       -0.0004609143       -0.0004325939       -0.0004173807       -0.0004002852       -0.0003870800       -0.0003637603
      187.0000000000       -0.0004594902       -0.0004563541       -0.0004604600       -0.0004396849       -0.0004209243       -0.0004065193       -0.0003867573       -0.0003663867
      188.0000000000       -0.0004638137       -0.0004574642       -0.0004550326       -0.0004413879       -0.0004225400       -0.0004131974       -0.0003888937       -0.0003598632
      189.0000000000       -0.0004658031       -0.0004542596       -0.0004561771       -0.0004426362       -0.0004257712       -0.0004088052       -0.0003934095       -0.0003584404
      190.0000000000       -0.0004650891       -0.0004581631       -0.0004614563       -0.0004348358       -0.0004271895       -0.0004081711       -0.0003905159       -0.0003651321
      191.0000000000       -0.0004587554       -0.0004615185       -0.0004584395       -0.0004361172       -0.0004317032       -0.0004183349       -0.0003942739       -0.0003627703
      192.0000000000       -0.0004573417       -0.0004594600       -0.0004529789       -0.0004403677       -0.0004342229       -0.0004172383       -0.0004014795       -0.0003669659
      193.0000000000       -0.0004662317       -0.0004647221       -0.0004454604       -0.0004489936       -0.0004226362       -0.0004147253       -0.0004007170       -0.0003746294
      194.0000000000       -0.0004698072       -0.0004625192       -0.0004438559       -0.0004455064       -0.0004279962       -0.0004073901       -0.0003979253       -0.0003759935
      195.0000000000       -0.0004740755       -0.0004599398       -0.0004486022       -0.0004391161       -0.0004311239       -0.0004101739       -0.0003979432       -0.0003770396
      196.0000000000       -0.0004724464       -0.0004547236       -0.0004547547       -0.0004421570       -0.0004294671       -0.0004098484       -0.0003988790       -0.0003846349
      197.0000000000       -0.0004699401       -0.0004564732       -0.0004499146       -0.0004521210       -0.0004295551       -0.0004108201       -0.0003962827       -0.0003782145
      198.0000000000       -0.0004682206       -0.0004514229       -0.0004502932       -0.0004495218       -0.0004286071       -0.0004134550       -0.0003930431       -0.0003815462
      199.0000000000       -0.0004671211       -0.0004447837       -0.0004511179       -0.0004402202       -0.0004299826       -0.0004075155       -0.0003972496       -0.0003815320
      200.0000000000       -0.0004667169       -0.0004547920       -0.0004456428       -0.0004350261       -0.0004296740       -0.0004146282       -0.0004063569       -0.0003841061
      201.0000000000       -0.0004761580       -0.0004650771       -0.0004481663       -0.0004411403       -0.0004318540       -0.0004222617       -0.0004060551       -0.0003883682
      202.0000000000       -0.0004788656       -0.0004623749       -0.0004546686       -0.0004497869       -0.0004209741       -0.0004206842       -0.0004101096       -0.0003925633
      203.0000000000       -0.0004703729       -0.0004585934       -0.0004580862       -0.0004463693       -0.0004278655       -0.0004209751       -0.0004133932       -0.0003964996
      204.0000000000       -0.0004607945       -0.0004579939       -0.0004494040       -0.0004439722       -0.0004389483       -0.0004192978       -0.0004160086       -0.0003930789
      205.0000000000       -0.0004598813       -0.0004564956       -0.0004448584       -0.0004449886       -0.0004419619       -0.0004201593       -0.0004127774       -0.0003979367
      206.0000000000       -0.0004669255       -0.0004646186       -0.0004461601       -0.0004401752       -0.0004352142       -0.0004130123       -0.0004130460       -0.0003941385
      207.0000000000       -0.0004695138       -0.0004586937       -0.0004439495       -0.0004395490       -0.0004364593       -0.0004224958       -0.0004116476       -0.0004041166
      208.0000000000       -0.0004614765       -0.0004554512       -0.0004509359       -0.0004493421       -0.0004408606       -0.0004318443       -0.0004169330       -0.0004036441
      209.0000000000       -0.0004529279       -0.0004572915       -0.0004541412       -0.0004605801       -0.0004427944       -0.0004284139       -0.0004177590       -0.0004019005
      210.0000000000       -0.0004598622       -0.0004602541       -0.0004534839       -0.0004575355       -0.0004459512       -0.0004313358       -0.0004144227       -0.0003975182
      211.0000000000       -0.0004609139       -0.0004580965       -0.0004517522       -0.0004589595       -0.0004383990       -0.0004360037       -0.0004222365       -0.0003999062
      212.0000000000       -0.0004594735       -0.0004568888       -0.0004581975       -0.0004478369       -0.0004339261       -0.0004236797       -0.0004184893       -0.0004050612
      213.0000000000       -0.0004572149       -0.0004536201       -0.0004525346       -0.0004345837       -0.0004382557       -0.0004272904       -0.0004122046       -0.0004017745
      214.0000000000       -0.0004687274       -0.0004554154       -0.0004485012       -0.0004392906       -0.0004418462       -0.0004263510       -0.0004041261       -0.0003989888
      215.0000000000       -0.0004708629       -0.0004686543       -0.0004509343       -0.0004457320       -0.0004397643       -0.0004303783       -0.0004089817       -0.0003992037
      216.0000000000       -0.0004664434       -0.0004747085       -0.0004637270       -0.0004427167       -0.0004430654       -0.0004311399       -0.0004145328       -0.0003978287
      217.0000000000       -0.0004586273       -0.0004672345       -0.0004703893       -0.0004494897       -0.0004399921       -0.0004313250       -0.0004128758       -0.0004050371
      218.0000000000       -0.0004657021       -0.0004654724       -0.0004670733       -0.0004514966       -0.0004344535       -0.0004316816       -0.0004152610       -0.0004014925
      219.0000000000       -0.0004682020       -0.0004688044       -0.0004584860       -0.0004447679       -0.0004403740       -0.0004336146       -0.0004225448       -0.0004044486
      220.0000000000       -0.0004610952       -0.0004710855       -0.0004586958       -0.0004443472       -0.0004461472       -0.0004317752       -0.0004250644       -0.0004130592
      221.0000000000       -0.0004611463       -0.0004697327       -0.0004547402       -0.0004458390       -0.0004481564       -0.0004338884       -0.0004217836       -0.0004129711
      222.0000000000       -0.0004684147       -0.0004744976       -0.0004541584       -0.0004517424       -0.0004479429       -0.0004261045       -0.0004225357       -0.0004173902
      223.0000000000       -0.0004689966       -0.0004681522       -0.0004532262       -0.0004583734       -0.0004443524       -0.0004216865       -0.0004202376       -0.0004193711
      224.0000000000       -0.0004711486       -0.0004689765       -0.0004525803       -0.0004579187       -0.0004386225       -0.0004272842       -0.0004190401       -0.0004183431
      225.0000000000       -0.0004673990       -0.0004637874       -0.0004617270       -0.0004513311       -0.0004372581       -0.0004309725       -0.0004219024       -0.0004159587
      226.0000000000       -0.0004685682       -0.0004656483       -0.0004612426       -0.0004534828       -0.0004446527       -0.0004287622       -0.0004184145       -0.0004208544
      227.0000000000       -0.0004678554       -0.0004670102       -0.0004624447       -0.0004471049       -0.0004411331       -0.0004284565       -0.0004160042       -0.0004174402
      228.0000000000       -0.0004626095       -0.0004682564       -0.0004670848       -0.0004437221       -0.0004365119       -0.0004345450       -0.0004169138       -0.0004118069
      229.0000000000       -0.0004660003       -0.0004702605       -0.0004591172       -0.0004482485       -0.0004397586       -0.0004350731       -0.0004178527       -0.0004128123
      230.0000000000       -0.0004663117       -0.0004648971       -0.0004523350       -0.0004547287       -0.0004428019       -0.0004322439       -0.0004272728       -0.0004074502
      231.0000000000       -0.0004705569       -0.0004573266       -0.0004582503       -0.0004512035       -0.0004405029       -0.0004311975       -0.0004243992       -0.0004025159
      232.0000000000       -0.0004707999       -0.0004629241       -0.0004563460       -0.0004594628       -0.0004362019       -0.0004280521       -0.0004246672       -0.0004027460
      233.0000000000       -0.0004679199       -0.0004653788       -0.0004593946       -0.0004568440       -0.0004373003       -0.0004311628       -0.0004223124       -0.0004069748
      234.0000000000       -0.0004648742       -0.0004667415       -0.0004663777       -0.0004514158       -0.0004384107       -0.0004325494       -0.0004219733       -0.0004082011
      235.0000000000       -0.0004659731       -0.0004650835       -0.0004585524       -0.0004530975       -0.0004440158       -0.0004345956       -0.0004244876       -0.0004147508
      236.0000000000       -0.0004737707       -0.0004634077       -0.0004541977       -0.0004456152       -0.0004474276       -0.0004407409       -0.0004310029       -0.0004155252
      237.0000000000       -0.0004822414       -0.0004623535       -0.0004642357       -0.0004442828       -0.0004469085       -0.0004430190       -0.0004291229       -0.0004153770
      238.0000000000       -0.0004726132       -0.0004541925       -0.0004632034       -0.0004457955       -0.0004373354       -0.0004321178       -0.0004261895       -0.0004161507
      239.0000000000       -0.0004667001       -0.0004604873       -0.0004612943       -0.0004517175       -0.0004408449       -0.0004301116       -0.0004254619       -0.0004112423
      240.0000000000       -0.0004684584       -0.0004734057       -0.0004657033       -0.0004536763       -0.0004493488       -0.0004291952       -0.0004208856       -0.0004165207
      241.0000000000       -0.0004726325       -0.0004750706       -0.0004684266       -0.0004512426       -0.0004524839       -0.0004287392       -0.0004186961       -0.0004186592
      242.0000000000       -0.0004748348       -0.0004712238       -0.0004700099       -0.0004493354       -0.0004556697       -0.0004325657       -0.0004227269       -0.0004172090
      243.0000000000       -0.0004719636       -0.0004683501       -0.0004693846       -0.0004615831       -0.0004447966       -0.0004404398       -0.0004261106       -0.0004214869
      244.0000000000       -0.0004625091       -0.0004694437       -0.0004610164       -0.0004558641       -0.0004447172       -0.0004389879       -0.0004250096       -0.0004203949
      245.0000000000       -0.0004676873       -0.0004651198       -0.0004648774       -0.0004441647       -0.0004484557       -0.0004382899       -0.0004251274       -0.0004162744
      246.0000000000       -0.0004629729       -0.0004583030       -0.0004615870       -0.0004489464       -0.0004476493       -0.0004384027       -0.0004207066       -0.0004151767
      247.0000000000       -0.0004635483       -0.0004547747       -0.0004534109       -0.0004532993       -0.0004415625       -0.0004344942       -0.0004203039       -0.0004130982
      248.0000000000       -0.0004701527       -0.0004521704       -0.0004532432       -0.0004554246       -0.0004410146       -0.0004358224       -0.0004262291       -0.0004120650
      249.0000000000       -0.0004708600       -0.0004618866       -0.0004578900       -0.0004580049       -0.0004475555       -0.0004358598       -0.0004266861       -0.0004159812
      250.0000000000       -0.0004718877       -0.0004636717       -0.0004570618       -0.0004524385       -0.0004461852       -0.0004407605       -0.0004287611       -0.0004189264
      251.0000000000       -0.0004711203       -0.0004600953       -0.0004551658       -0.0004509186       -0.0004492325       -0.0004429299       -0.0004322100       -0.0004072686
      252.0000000000       -0.0004655322       -0.0004626584       -0.0004592300       -0.0004504525       -0.0004519159       -0.0004442071       -0.0004284017       -0.0004037720
      253.0000000000       -0.0004654057       -0.0004550817       -0.0004600378       -0.0004421870       -0.0004425634       -0.0004435555       -0.0004253098       -0.0004126332
      254.0000000000       -0.0004664249       -0.0004512118       -0.0004634731       -0.0004362747       -0.0004421835       -0.0004472519       -0.0004312543       -0.0004105779
      255.0000000000       -0.0004688779       -0.0004554731       -0.0004537717       -0.0004435198       -0.0004466872       -0.0004476574       -0.0004291609       -0.0004103082
