     -255.0000000000       -0.0004688779       -0.0004734508       -0.0004622899       -0.0004523854       -0.0004415656       -0.0004292329       -0.0004153125       -0.0003999356
     -254.0000000000       -0.0004664249       -0.0004733438       -0.0004622653       -0.0004523704       -0.0004415504       -0.0004292146       -0.0004152905       -0.0003999098
     -253.0000000000       -0.0004654057       -0.0004731541       -0.0004622212       -0.0004523434       -0.0004415229       -0.0004291818       -0.0004152509       -0.0003998634
     -252.0000000000       -0.0004655322       -0.0004728877       -0.0004621577       -0.0004523045       -0.0004414832       -0.0004291343       -0.0004151937       -0.0003997963
     -251.0000000000       -0.0004711203       -0.0004725530       -0.0004620754       -0.0004522538       -0.0004414313       -0.0004290721       -0.0004151188       -0.0003997086
     -250.0000000000       -0.0004718877       -0.0004721601       -0.0004619747       -0.0004521913       -0.0004413673       -0.0004289954       -0.0004150263       -0.0003996002
     -249.0000000000       -0.0004708600       -0.0004717205       -0.0004618563       -0.0004521173       -0.0004412911       -0.0004289040       -0.0004149162       -0.0003994711
     -248.0000000000       -0.0004701527       -0.0004712464       -0.0004617209       -0.0004520319       -0.0004412028       -0.0004287980       -0.0004147884       -0.0003993213
     -247.0000000000       -0.0004635483       -0.0004707500       -0.0004615693       -0.0004519352       -0.0004411024       -0.0004286774       -0.0004146428       -0.0003991507
     -246.0000000000       -0.0004629729       -0.0004702428       -0.0004614025       -0.0004518275       -0.0004409900       -0.0004285420       -0.0004144795       -0.0003989593
     -245.0000000000       -0.0004676873       -0.0004697351       -0.0004612215       -0.0004517089       -0.0004408655       -0.0004283919       -0.0004142984       -0.0003987470
     -244.0000000000       -0.0004625091       -0.0004692356       -0.0004610274       -0.0004515798       -0.0004407290       -0.0004282271       -0.0004140995       -0.0003985138
     -243.0000000000       -0.0004719636       -0.0004687512       -0.0004608211       -0.0004514403       -0.0004405805       -0.0004280475       -0.0004138826       -0.0003982596
     -242.0000000000       -0.0004748348       -0.0004682863       -0.0004606040       -0.0004512908       -0.0004404201       -0.0004278531       -0.0004136478       -0.0003979844
     -241.0000000000       -0.0004726325       -0.0004678431       -0.0004603771       -0.0004511314       -0.0004402477       -0.0004276438       -0.0004133950       -0.0003976880
     -240.0000000000       -0.0004684584       -0.0004674218       -0.0004601417       -0.0004509625       -0.0004400634       -0.0004274197       -0.0004131240       -0.0003973704
     -239.0000000000       -0.0004667001       -0.0004670203       -0.0004598990       -0.0004507843       -0.0004398673       -0.0004271806       -0.0004128349       -0.0003970316
     -238.0000000000       -0.0004726132       -0.0004666351       -0.0004596501       -0.0004505971       -0.0004396593       -0.0004269265       -0.0004125275       -0.0003966713
     -237.0000000000       -0.0004822414       -0.0004662615       -0.0004593964       -0.0004504011       -0.0004394395       -0.0004266574       -0.0004122018       -0.0003962896
     -236.0000000000       -0.0004737707       -0.0004658941       -0.0004591389       -0.0004501967       -0.0004392078       -0.0004263731       -0.0004118576       -0.0003958862
     -235.0000000000       -0.0004659731       -0.0004655273       -0.0004588787       -0.0004499840       -0.0004389644       -0.0004260737       -0.0004114949       -0.0003954612
     -234.0000000000       -0.0004648742       -0.0004651561       -0.0004586171       -0.0004497634       -0.0004387091       -0.0004257590       -0.0004111135       -0.0003950144
     -233.0000000000       -0.0004679199       -0.0004647760       -0.0004583549       -0.0004495350       -0.0004384421       -0.0004254289       -0.0004107134       -0.0003945456
     -232.0000000000       -0.0004707999       -0.0004643838       -0.0004580933       -0.0004492991       -0.0004381632       -0.0004250834       -0.0004102945       -0.0003940547
     -231.0000000000       -0.0004705569       -0.0004639781       -0.0004578332       -0.0004490558       -0.0004378725       -0.0004247225       -0.0004098565       -0.0003935416
     -230.0000000000       -0.0004663117       -0.0004635590       -0.0004575753       -0.0004488053       -0.0004375700       -0.0004243459       -0.0004093994       -0.0003930062
     -229.0000000000       -0.0004660003       -0.0004631285       -0.0004573205       -0.0004485479       -0.0004372556       -0.0004239536       -0.0004089230       -0.0003924483
     -228.0000000000       -0.0004626095       -0.0004626906       -0.0004570695       -0.0004482836       -0.0004369294       -0.0004235455       -0.0004084272       -0.0003918677
     -227.0000000000       -0.0004678554       -0.0004622508       -0.0004568228       -0.0004480125       -0.0004365911       -0.0004231214       -0.0004079119       -0.0003912643
     -226.0000000000       -0.0004685682       -0.0004618163       -0.0004565809       -0.0004477347       -0.0004362409       -0.0004226813       -0.0004073768       -0.0003906379
     -225.0000000000       -0.0004673990       -0.0004613955       -0.0004563442       -0.0004474502       -0.0004358785       -0.0004222250       -0.0004068219       -0.0003899883
     -224.0000000000       -0.0004711486       -0.0004609974       -0.0004561130       -0.0004471592       -0.0004355040       -0.0004217523       -0.0004062469       -0.0003893155
     -223.0000000000       -0.0004689966       -0.0004606318       -0.0004558873       -0.0004468615       -0.0004351173       -0.0004212632       -0.0004056517       -0.0003886190
     -222.0000000000       -0.0004684147       -0.0004603082       -0.0004556672       -0.0004465572       -0.0004347183       -0.0004207574       -0.0004050361       -0.0003878989
     -221.0000000000       -0.0004611463       -0.0004600359       -0.0004554525       -0.0004462462       -0.0004343068       -0.0004202349       -0.0004043998       -0.0003871548
     -220.0000000000       -0.0004610952       -0.0004598229       -0.0004552431       -0.0004459284       -0.0004338827       -0.0004196954       -0.0004037428       -0.0003863865
     -219.0000000000       -0.0004682020       -0.0004596763       -0.0004550386       -0.0004456037       -0.0004334460       -0.0004191387       -0.0004030647       -0.0003855939
     -218.0000000000       -0.0004657021       -0.0004596012       -0.0004548384       -0.0004452719       -0.0004329964       -0.0004185647       -0.0004023655       -0.0003847768
     -217.0000000000       -0.0004586273       -0.0004596008       -0.0004546419       -0.0004449329       -0.0004325339       -0.0004179732       -0.0004016448       -0.0003839348
     -216.0000000000       -0.0004664434       -0.0004596758       -0.0004544485       -0.0004445865       -0.0004320582       -0.0004173640       -0.0004009024       -0.0003830677
     -215.0000000000       -0.0004708629       -0.0004598248       -0.0004542572       -0.0004442325       -0.0004315691       -0.0004167368       -0.0004001380       -0.0003821753
     -214.0000000000       -0.0004687274       -0.0004600435       -0.0004540672       -0.0004438707       -0.0004310666       -0.0004160915       -0.0003993515       -0.0003812574
     -213.0000000000       -0.0004572149       -0.0004603256       -0.0004538774       -0.0004435007       -0.0004305503       -0.0004154278       -0.0003985426       -0.0003803137
     -212.0000000000       -0.0004594735       -0.0004606619       -0.0004536868       -0.0004431223       -0.0004300201       -0.0004147455       -0.0003977110       -0.0003793438
     -211.0000000000       -0.0004609139       -0.0004610417       -0.0004534941       -0.0004427352       -0.0004294758       -0.0004140443       -0.0003968565       -0.0003783476
     -210.0000000000       -0.0004598622       -0.0004614520       -0.0004532983       -0.0004423392       -0.0004289172       -0.0004133240       -0.0003959787       -0.0003773248
     -209.0000000000       -0.0004529279       -0.0004618787       -0.0004530981       -0.0004419338       -0.0004283439       -0.0004125843       -0.0003950773       -0.0003762749
     -208.0000000000       -0.0004614765       -0.0004623068       -0.0004528923       -0.0004415189       -0.0004277557       -0.0004118249       -0.0003941522       -0.0003751979
     -207.0000000000       -0.0004695138       -0.0004627209       -0.0004526797       -0.0004410939       -0.0004271524       -0.0004110455       -0.0003932029       -0.0003740933
     -206.0000000000       -0.0004669255       -0.0004631058       -0.0004524591       -0.0004406587       -0.0004265337       -0.0004102459       -0.0003922292       -0.0003729608
     -205.0000000000       -0.0004598813       -0.0004634470       -0.0004522295       -0.0004402128       -0.0004258993       -0.0004094257       -0.0003912307       -0.0003718001
     -204.0000000000       -0.0004607945       -0.0004637313       -0.0004519897       -0.0004397558       -0.0004252490       -0.0004085847       -0.0003902071       -0.0003706109
     -203.0000000000       -0.0004703729       -0.0004639472       -0.0004517387       -0.0004392876       -0.0004245823       -0.0004077225       -0.0003891580       -0.0003693928
     -202.0000000000       -0.0004788656       -0.0004640855       -0.0004514758       -0.0004388076       -0.0004238991       -0.0004068387       -0.0003880831       -0.0003681455
     -201.0000000000       -0.0004761580       -0.0004641396       -0.0004512001       -0.0004383155       -0.0004231989       -0.0004059331       -0.0003869821       -0.0003668686
     -200.0000000000       -0.0004667169       -0.0004641056       -0.0004509109       -0.0004378111       -0.0004224815       -0.0004050052       -0.0003858545       -0.0003655617
     -199.0000000000       -0.0004671211       -0.0004639825       -0.0004506076       -0.0004372938       -0.0004217465       -0.0004040547       -0.0003847000       -0.0003642245
     -198.0000000000       -0.0004682206       -0.0004637721       -0.0004502899       -0.0004367635       -0.0004209935       -0.0004030813       -0.0003835182       -0.0003628566
     -197.0000000000       -0.0004699401       -0.0004634790       -0.0004499574       -0.0004362197       -0.0004202223       -0.0004020845       -0.0003823086       -0.0003614576
     -196.0000000000       -0.0004724464       -0.0004631105       -0.0004496100       -0.0004356622       -0.0004194324       -0.0004010639       -0.0003810710       -0.0003600271
     -195.0000000000       -0.0004740755       -0.0004626757       -0.0004492475       -0.0004350905       -0.0004186234       -0.0004000192       -0.0003798047       -0.0003585646
     -194.0000000000       -0.0004698072       -0.0004621854       -0.0004488700       -0.0004345045       -0.0004177950       -0.0003989499       -0.0003785095       -0.0003570698
     -193.0000000000       -0.0004662317       -0.0004616515       -0.0004484777       -0.0004339036       -0.0004169467       -0.0003978556       -0.0003771849       -0.0003555422
     -192.0000000000       -0.0004573417       -0.0004610865       -0.0004480708       -0.0004332878       -0.0004160783       -0.0003967358       -0.0003758304       -0.0003539815
     -191.0000000000       -0.0004587554       -0.0004605026       -0.0004476497       -0.0004326565       -0.0004151891       -0.0003955901       -0.0003744455       -0.0003523870
     -190.0000000000       -0.0004650891       -0.0004599116       -0.0004472147       -0.0004320095       -0.0004142789       -0.0003944181       -0.0003730298       -0.0003507584
     -189.0000000000       -0.0004658031       -0.0004593240       -0.0004467664       -0.0004313465       -0.0004133472       -0.0003932193       -0.0003715827       -0.0003490953
     -188.0000000000       -0.0004638137       -0.0004587488       -0.0004463053       -0.0004306671       -0.0004123936       -0.0003919931       -0.0003701039       -0.0003473971
     -187.0000000000       -0.0004594902       -0.0004581933       -0.0004458319       -0.0004299711       -0.0004114175       -0.0003907391       -0.0003685927       -0.0003456633
     -186.0000000000       -0.0004576693       -0.0004576627       -0.0004453469       -0.0004292581       -0.0004104185       -0.0003894568       -0.0003670487       -0.0003438935
     -185.0000000000       -0.0004656113       -0.0004571601       -0.0004448507       -0.0004285278       -0.0004093962       -0.0003881456       -0.0003654713       -0.0003420871
     -184.0000000000       -0.0004690528       -0.0004566868       -0.0004443440       -0.0004277798       -0.0004083501       -0.0003868050       -0.0003638600       -0.0003402437
     -183.0000000000       -0.0004682241       -0.0004562423       -0.0004438273       -0.0004270138       -0.0004072796       -0.0003854345       -0.0003622141       -0.0003383627
     -182.0000000000       -0.0004706114       -0.0004558246       -0.0004433011       -0.0004262294       -0.0004061843       -0.0003840336       -0.0003605333       -0.0003364435
     -181.0000000000       -0.0004798695       -0.0004554307       -0.0004427659       -0.0004254263       -0.0004050637       -0.0003826015       -0.0003588167       -0.0003344857
     -180.0000000000       -0.0004809439       -0.0004550570       -0.0004422221       -0.0004246040       -0.0004039172       -0.0003811378       -0.0003570639       -0.0003324886
     -179.0000000000       -0.0004731482       -0.0004546992       -0.0004416699       -0.0004237621       -0.0004027442       -0.0003796419       -0.0003552743       -0.0003304518
     -178.0000000000       -0.0004670325       -0.0004543536       -0.0004411098       -0.0004229003       -0.0004015442       -0.0003781131       -0.0003534472       -0.0003283745
     -177.0000000000       -0.0004639737       -0.0004540165       -0.0004405417       -0.0004220180       -0.0004003167       -0.0003765508       -0.0003515819       -0.0003262563
     -176.0000000000       -0.0004655734       -0.0004536851       -0.0004399659       -0.0004211149       -0.0003990611       -0.0003749544       -0.0003496780       -0.0003240966
     -175.0000000000       -0.0004647482       -0.0004533575       -0.0004393822       -0.0004201904       -0.0003977767       -0.0003733231       -0.0003477345       -0.0003218947
     -174.0000000000       -0.0004634810       -0.0004530328       -0.0004387905       -0.0004192439       -0.0003964631       -0.0003716564       -0.0003457510       -0.0003196501
     -173.0000000000       -0.0004648712       -0.0004527110       -0.0004381905       -0.0004182751       -0.0003951194       -0.0003699536       -0.0003437267       -0.0003173620
     -172.0000000000       -0.0004713332       -0.0004523933       -0.0004375820       -0.0004172833       -0.0003937452       -0.0003682139       -0.0003416608       -0.0003150299
     -171.0000000000       -0.0004741369       -0.0004520819       -0.0004369643       -0.0004162679       -0.0003923397       -0.0003664366       -0.0003395527       -0.0003126531
     -170.0000000000       -0.0004697264       -0.0004517794       -0.0004363368       -0.0004152285       -0.0003909023       -0.0003646209       -0.0003374017       -0.0003102310
     -169.0000000000       -0.0004556018       -0.0004514895       -0.0004356989       -0.0004141642       -0.0003894323       -0.0003627662       -0.0003352069       -0.0003077629
     -168.0000000000       -0.0004575434       -0.0004512158       -0.0004350496       -0.0004130746       -0.0003879290       -0.0003608716       -0.0003329677       -0.0003052481
     -167.0000000000       -0.0004584917       -0.0004509624       -0.0004343881       -0.0004119589       -0.0003863917       -0.0003589364       -0.0003306832       -0.0003026859
     -166.0000000000       -0.0004635594       -0.0004507330       -0.0004337132       -0.0004108164       -0.0003848196       -0.0003569597       -0.0003283526       -0.0003000757
     -165.0000000000       -0.0004674798       -0.0004505311       -0.0004330237       -0.0004096466       -0.0003832121       -0.0003549407       -0.0003259751       -0.0002974167
     -164.0000000000       -0.0004633526       -0.0004503595       -0.0004323183       -0.0004084485       -0.0003815683       -0.0003528786       -0.0003235499       -0.0002947082
     -163.0000000000       -0.0004673400       -0.0004502203       -0.0004315957       -0.0004072216       -0.0003798875       -0.0003507724       -0.0003210761       -0.0002919495
     -162.0000000000       -0.0004695488       -0.0004501147       -0.0004308543       -0.0004059651       -0.0003781688       -0.0003486214       -0.0003185529       -0.0002891398
     -161.0000000000       -0.0004714549       -0.0004500425       -0.0004300927       -0.0004046782       -0.0003764115       -0.0003464244       -0.0003159794       -0.0002862785
     -160.0000000000       -0.0004693596       -0.0004500024       -0.0004293092       -0.0004033601       -0.0003746146       -0.0003441807       -0.0003133547       -0.0002833647
     -159.0000000000       -0.0004724410       -0.0004499916       -0.0004285022       -0.0004020101       -0.0003727774       -0.0003418893       -0.0003106778       -0.0002803977
     -158.0000000000       -0.0004718452       -0.0004500059       -0.0004276700       -0.0004006273       -0.0003708988       -0.0003395491       -0.0003079479       -0.0002773767
     -157.0000000000       -0.0004716755       -0.0004500394       -0.0004268109       -0.0003992111       -0.0003689781       -0.0003371592       -0.0003051639       -0.0002743009
     -156.0000000000       -0.0004671901       -0.0004500850       -0.0004259233       -0.0003977605       -0.0003670143       -0.0003347185       -0.0003023250       -0.0002711695
     -155.0000000000       -0.0004616549       -0.0004501338       -0.0004250055       -0.0003962748       -0.0003650064       -0.0003322260       -0.0002994301       -0.0002679818
     -154.0000000000       -0.0004617723       -0.0004501757       -0.0004240560       -0.0003947531       -0.0003629534       -0.0003296805       -0.0002964782       -0.0002647370
     -153.0000000000       -0.0004632139       -0.0004501993       -0.0004230731       -0.0003931948       -0.0003608544       -0.0003270810       -0.0002934683       -0.0002614342
     -152.0000000000       -0.0004671548       -0.0004501924       -0.0004220554       -0.0003915989       -0.0003587082       -0.0003244264       -0.0002903993       -0.0002580725
     -151.0000000000       -0.0004655631       -0.0004501416       -0.0004210017       -0.0003899646       -0.0003565138       -0.0003217153       -0.0002872703       -0.0002546513
     -150.0000000000       -0.0004616153       -0.0004500334       -0.0004199106       -0.0003882911       -0.0003542701       -0.0003189467       -0.0002840800       -0.0002511695
     -149.0000000000       -0.0004569126       -0.0004498541       -0.0004187812       -0.0003865776       -0.0003519760       -0.0003161192       -0.0002808275       -0.0002476265
     -148.0000000000       -0.0004591598       -0.0004495903       -0.0004176125       -0.0003848233       -0.0003496302       -0.0003132317       -0.0002775115       -0.0002440214
     -147.0000000000       -0.0004641652       -0.0004492295       -0.0004164037       -0.0003830274       -0.0003472316       -0.0003102828       -0.0002741311       -0.0002403532
     -146.0000000000       -0.0004601172       -0.0004487603       -0.0004151544       -0.0003811889       -0.0003447790       -0.0003072712       -0.0002706849       -0.0002366212
     -145.0000000000       -0.0004625945       -0.0004481729       -0.0004138640       -0.0003793071       -0.0003422709       -0.0003041955       -0.0002671719       -0.0002328245
     -144.0000000000       -0.0004698704       -0.0004474600       -0.0004125325       -0.0003773811       -0.0003397062       -0.0003010544       -0.0002635908       -0.0002289622
     -143.0000000000       -0.0004681065       -0.0004466164       -0.0004111599       -0.0003754100       -0.0003370833       -0.0002978464       -0.0002599405       -0.0002250334
     -142.0000000000       -0.0004702533       -0.0004456399       -0.0004097463       -0.0003733930       -0.0003344010       -0.0002945699       -0.0002562197       -0.0002210374
     -141.0000000000       -0.0004652449       -0.0004445317       -0.0004082921       -0.0003713290       -0.0003316577       -0.0002912236       -0.0002524272       -0.0002169732
     -140.0000000000       -0.0004592006       -0.0004432957       -0.0004067979       -0.0003692171       -0.0003288518       -0.0002878059       -0.0002485618       -0.0002128399
     -139.0000000000       -0.0004642545       -0.0004419394       -0.0004052644       -0.0003670565       -0.0003259819       -0.0002843152       -0.0002446221       -0.0002086368
     -138.0000000000       -0.0004677159       -0.0004404735       -0.0004036923       -0.0003648459       -0.0003230462       -0.0002807498       -0.0002406069       -0.0002043628
     -137.0000000000       -0.0004686828       -0.0004389112       -0.0004020827       -0.0003625844       -0.0003200431       -0.0002771082       -0.0002365149       -0.0002000172
     -136.0000000000       -0.0004686042       -0.0004372687       -0.0004004366       -0.0003602707       -0.0003169708       -0.0002733885       -0.0002323448       -0.0001955991
     -135.0000000000       -0.0004693948       -0.0004355639       -0.0003987551       -0.0003579038       -0.0003138276       -0.0002695892       -0.0002280952       -0.0001911077
     -134.0000000000       -0.0004573625       -0.0004338163       -0.0003970393       -0.0003554824       -0.0003106114       -0.0002657084       -0.0002237648       -0.0001865420
     -133.0000000000       -0.0004580779       -0.0004320461       -0.0003952903       -0.0003530051       -0.0003073203       -0.0002617442       -0.0002193522       -0.0001819013
     -132.0000000000       -0.0004582328       -0.0004302736       -0.0003935093       -0.0003504704       -0.0003039524       -0.0002576949       -0.0002148562       -0.0001771846
     -131.0000000000       -0.0004538399       -0.0004285189       -0.0003916973       -0.0003478770       -0.0003005055       -0.0002535586       -0.0002102752       -0.0001723913
     -130.0000000000       -0.0004612186       -0.0004268004       -0.0003898552       -0.0003452231       -0.0002969774       -0.0002493333       -0.0002056080       -0.0001675204
     -129.0000000000       -0.0004689609       -0.0004251350       -0.0003879839       -0.0003425072       -0.0002933659       -0.0002450170       -0.0002008532       -0.0001625711
     -128.0000000000       -0.0004629013       -0.0004235372       -0.0003860839       -0.0003397272       -0.0002896686       -0.0002406077       -0.0001960092       -0.0001575427
     -127.0000000000       -0.0004646940       -0.0004220188       -0.0003841557       -0.0003368814       -0.0002858830       -0.0002361034       -0.0001910749       -0.0001524344
     -126.0000000000       -0.0004633729       -0.0004205886       -0.0003821995       -0.0003339675       -0.0002820068       -0.0002315021       -0.0001860487       -0.0001472453
     -125.0000000000       -0.0004655278       -0.0004192523       -0.0003802153       -0.0003309834       -0.0002780372       -0.0002268015       -0.0001809293       -0.0001419749
     -124.0000000000       -0.0004714965       -0.0004180126       -0.0003782029       -0.0003279267       -0.0002739717       -0.0002219994       -0.0001757152       -0.0001366222
     -123.0000000000       -0.0004647891       -0.0004168692       -0.0003761615       -0.0003247950       -0.0002698073       -0.0002170939       -0.0001704050       -0.0001311867
     -122.0000000000       -0.0004593029       -0.0004158190       -0.0003740904       -0.0003215854       -0.0002655413       -0.0002120824       -0.0001649974       -0.0001256676
     -121.0000000000       -0.0004715171       -0.0004148568       -0.0003719882       -0.0003182952       -0.0002611706       -0.0002069629       -0.0001594910       -0.0001200644
     -120.0000000000       -0.0004722098       -0.0004139749       -0.0003698535       -0.0003149213       -0.0002566922       -0.0002017331       -0.0001538844       -0.0001143762
     -119.0000000000       -0.0004614407       -0.0004131647       -0.0003676842       -0.0003114606       -0.0002521030       -0.0001963905       -0.0001481761       -0.0001086026
     -118.0000000000       -0.0004556198       -0.0004124161       -0.0003654782       -0.0003079096       -0.0002473997       -0.0001909329       -0.0001423650       -0.0001027429
     -117.0000000000       -0.0004625172       -0.0004117183       -0.0003632328       -0.0003042648       -0.0002425789       -0.0001853579       -0.0001364495       -0.0000967967
     -116.0000000000       -0.0004690898       -0.0004110603       -0.0003609450       -0.0003005223       -0.0002376371       -0.0001796630       -0.0001304284       -0.0000907634
     -115.0000000000       -0.0004688190       -0.0004104313       -0.0003586116       -0.0002966783       -0.0002325709       -0.0001738460       -0.0001243004       -0.0000846425
     -114.0000000000       -0.0004673875       -0.0004098206       -0.0003562287       -0.0002927285       -0.0002273766       -0.0001679042       -0.0001180643       -0.0000784335
     -113.0000000000       -0.0004644870       -0.0004092179       -0.0003537924       -0.0002886685       -0.0002220505       -0.0001618353       -0.0001117186       -0.0000721362
     -112.0000000000       -0.0004567674       -0.0004086137       -0.0003512984       -0.0002844938       -0.0002165887       -0.0001556369       -0.0001052624       -0.0000657501
     -111.0000000000       -0.0004587412       -0.0004079991       -0.0003487418       -0.0002801995       -0.0002109873       -0.0001493064       -0.0000986942       -0.0000592750
     -110.0000000000       -0.0004580384       -0.0004073660       -0.0003461177       -0.0002757806       -0.0002052423       -0.0001428415       -0.0000920131       -0.0000527105
     -109.0000000000       -0.0004619805       -0.0004067066       -0.0003434207       -0.0002712318       -0.0001993496       -0.0001362395       -0.0000852178       -0.0000460565
     -108.0000000000       -0.0004617630       -0.0004060143       -0.0003406451       -0.0002665476       -0.0001933050       -0.0001294981       -0.0000783073       -0.0000393128
     -107.0000000000       -0.0004621724       -0.0004052826       -0.0003377850       -0.0002617224       -0.0001871043       -0.0001226149       -0.0000712806       -0.0000324793
     -106.0000000000       -0.0004584403       -0.0004045056       -0.0003348341       -0.0002567502       -0.0001807431       -0.0001155873       -0.0000641368       -0.0000255559
     -105.0000000000       -0.0004536567       -0.0004036780       -0.0003317858       -0.0002516249       -0.0001742170       -0.0001084130       -0.0000568748       -0.0000185427
     -104.0000000000       -0.0004545920       -0.0004027947       -0.0003286332       -0.0002463401       -0.0001675215       -0.0001010895       -0.0000494939       -0.0000114397
     -103.0000000000       -0.0004593951       -0.0004018511       -0.0003253692       -0.0002408893       -0.0001606521       -0.0000936146       -0.0000419932       -0.0000042471
     -102.0000000000       -0.0004612448       -0.0004008427       -0.0003219864       -0.0002352655       -0.0001536043       -0.0000859858       -0.0000343720        0.0000030350
     -101.0000000000       -0.0004612725       -0.0003997654       -0.0003184769       -0.0002294618       -0.0001463732       -0.0000782010       -0.0000266297        0.0000104062
     -100.0000000000       -0.0004629993       -0.0003986153       -0.0003148327       -0.0002234710       -0.0001389543       -0.0000702578       -0.0000187657        0.0000178662
      -99.0000000000       -0.0004653165       -0.0003973885       -0.0003110456       -0.0002172854       -0.0001313428       -0.0000621541       -0.0000107795        0.0000254147
      -98.0000000000       -0.0004635084       -0.0003960812       -0.0003071067       -0.0002108976       -0.0001235339       -0.0000538879       -0.0000026707        0.0000330510
      -97.0000000000       -0.0004585585       -0.0003946900       -0.0003030073       -0.0002042995       -0.0001155230       -0.0000454570        0.0000055611        0.0000407747
      -96.0000000000       -0.0004628073       -0.0003932112       -0.0002987379       -0.0001974831       -0.0001073052       -0.0000368595        0.0000139160        0.0000485850
      -95.0000000000       -0.0004581598       -0.0003916413       -0.0002942890       -0.0001904400       -0.0000988756       -0.0000280936        0.0000223943        0.0000564812
      -94.0000000000       -0.0004512708       -0.0003899765       -0.0002896505       -0.0001831618       -0.0000902297       -0.0000191574        0.0000309959        0.0000644626
      -93.0000000000       -0.0004577877       -0.0003882132       -0.0002848121       -0.0001756398       -0.0000813625       -0.0000100492        0.0000397207        0.0000725282
      -92.0000000000       -0.0004609453       -0.0003863474       -0.0002797632       -0.0001678651       -0.0000722694       -0.0000007676        0.0000485686        0.0000806769
      -91.0000000000       -0.0004657785       -0.0003843750       -0.0002744925       -0.0001598287       -0.0000629457        0.0000086889        0.0000575393        0.0000889077
      -90.0000000000       -0.0004713503       -0.0003822913       -0.0002689886       -0.0001515213       -0.0000533868        0.0000183216        0.0000666322        0.0000972194
      -89.0000000000       -0.0004768606       -0.0003800913       -0.0002632395       -0.0001429336       -0.0000435881        0.0000281318        0.0000758469        0.0001056106
      -88.0000000000       -0.0004672601       -0.0003777695       -0.0002572328       -0.0001340561       -0.0000335452        0.0000381204        0.0000851827        0.0001140801
      -87.0000000000       -0.0004602988       -0.0003753194       -0.0002509556       -0.0001248790       -0.0000232537        0.0000482883        0.0000946386        0.0001226262
      -86.0000000000       -0.0004562940       -0.0003727338       -0.0002443946       -0.0001153927       -0.0000127095        0.0000586362        0.0001042138        0.0001312474
      -85.0000000000       -0.0004612421       -0.0003700044       -0.0002375358       -0.0001055872       -0.0000019084        0.0000691646        0.0001139071        0.0001399420
      -84.0000000000       -0.0004724806       -0.0003671218       -0.0002303649       -0.0000954526        0.0000091536        0.0000798739        0.0001237173        0.0001487082
      -83.0000000000       -0.0004699150       -0.0003640754       -0.0002228669       -0.0000849787        0.0000204802        0.0000907643        0.0001336429        0.0001575440
      -82.0000000000       -0.0004745606       -0.0003608532       -0.0002150263       -0.0000741556        0.0000320751        0.0001018355        0.0001436822        0.0001664474
      -81.0000000000       -0.0004739184       -0.0003574422       -0.0002068270       -0.0000629730        0.0000439415        0.0001130874        0.0001538337        0.0001754162
      -80.0000000000       -0.0004682376       -0.0003538278       -0.0001982523       -0.0000514208        0.0000560827        0.0001245195        0.0001640954        0.0001844483
      -79.0000000000       -0.0004642273       -0.0003499947       -0.0001892848       -0.0000394888        0.0000685015        0.0001361310        0.0001744650        0.0001935411
      -78.0000000000       -0.0004668401       -0.0003459263       -0.0001799065       -0.0000271670        0.0000812007        0.0001479209        0.0001849405        0.0002026923
      -77.0000000000       -0.0004681662       -0.0003416056       -0.0001700988       -0.0000144452        0.0000941825        0.0001598880        0.0001955194        0.0002118992
      -76.0000000000       -0.0004671141       -0.0003370149       -0.0001598424       -0.0000013136        0.0001074490        0.0001720307        0.0002061989        0.0002211591
      -75.0000000000       -0.0004686212       -0.0003321362       -0.0001491172        0.0000122377        0.0001210019        0.0001843473        0.0002169763        0.0002304692
      -74.0000000000       -0.0004672746       -0.0003269513       -0.0001379025        0.0000262183        0.0001348426        0.0001968357        0.0002278487        0.0002398264
      -73.0000000000       -0.0004692619       -0.0003214422       -0.0001261769        0.0000406377        0.0001489720        0.0002094935        0.0002388127        0.0002492277
      -72.0000000000       -0.0004689622       -0.0003155908       -0.0001139183        0.0000555051        0.0001633907        0.0002223181        0.0002498651        0.0002586700
      -71.0000000000       -0.0004637009       -0.0003093790       -0.0001011038        0.0000708294        0.0001780988        0.0002353064        0.0002610021        0.0002681498
      -70.0000000000       -0.0004612775       -0.0003027889       -0.0000877097        0.0000866191        0.0001930961        0.0002484552        0.0002722201        0.0002776638
      -69.0000000000       -0.0004645390       -0.0002958020       -0.0000737120        0.0001028824        0.0002083818        0.0002617608        0.0002835151        0.0002872084
      -68.0000000000       -0.0004641468       -0.0002883995       -0.0000590855        0.0001196271        0.0002239545        0.0002752193        0.0002948828        0.0002967799
      -67.0000000000       -0.0004625068       -0.0002805615       -0.0000438047        0.0001368605        0.0002398125        0.0002888264        0.0003063189        0.0003063747
      -66.0000000000       -0.0004591396       -0.0002722668       -0.0000278434        0.0001545892        0.0002559534        0.0003025773        0.0003178188        0.0003159886
      -65.0000000000       -0.0004616802       -0.0002634921       -0.0000111747        0.0001728193        0.0002723743        0.0003164671        0.0003293777        0.0003256179
      -64.0000000000       -0.0004597493       -0.0002542118        0.0000062288        0.0001915563        0.0002890717        0.0003304904        0.0003409906        0.0003352583
      -63.0000000000       -0.0004589217       -0.0002443970        0.0000243948        0.0002108048        0.0003060414        0.0003446415        0.0003526523        0.0003449056
      -62.0000000000       -0.0004602372       -0.0002340153        0.0000433518        0.0002305687        0.0003232788        0.0003589143        0.0003643575        0.0003545555
      -61.0000000000       -0.0004625163       -0.0002230299        0.0000631282        0.0002508511        0.0003407784        0.0003733022        0.0003761005        0.0003642035
      -60.0000000000       -0.0004671049       -0.0002113991        0.0000837528        0.0002716540        0.0003585341        0.0003877985        0.0003878756        0.0003738451
      -59.0000000000       -0.0004703036       -0.0001990759        0.0001052545        0.0002929784        0.0003765391        0.0004023958        0.0003996767        0.0003834757
      -58.0000000000       -0.0004646356       -0.0001860073        0.0001276621        0.0003148242        0.0003947858        0.0004170867        0.0004114977        0.0003930906
      -57.0000000000       -0.0004667302       -0.0001721342        0.0001510043        0.0003371903        0.0004132662        0.0004318630        0.0004233323        0.0004026848
      -56.0000000000       -0.0004652770       -0.0001573906        0.0001753091        0.0003600742        0.0004319711        0.0004467166        0.0004351739        0.0004122535
      -55.0000000000       -0.0004556499       -0.0001417036        0.0002006045        0.0003834720        0.0004508908        0.0004616385        0.0004470158        0.0004217917
      -54.0000000000       -0.0004531622       -0.0001249933        0.0002269171        0.0004073786        0.0004700149        0.0004766197        0.0004588510        0.0004312944
      -53.0000000000       -0.0004572285       -0.0001071723        0.0002542730        0.0004317873        0.0004893319        0.0004916508        0.0004706726        0.0004407562
      -52.0000000000       -0.0004551613       -0.0000881458        0.0002826967        0.0004566899        0.0005088299        0.0005067219        0.0004824733        0.0004501721
      -51.0000000000       -0.0004556344       -0.0000678115        0.0003122114        0.0004820765        0.0005284959        0.0005218229        0.0004942457        0.0004595367
      -50.0000000000       -0.0004553016       -0.0000460600        0.0003428382        0.0005079355        0.0005483162        0.0005369431        0.0005059823        0.0004688446
      -49.0000000000       -0.0004625789       -0.0000227740        0.0003745963        0.0005342538        0.0005682764        0.0005520717        0.0005176754        0.0004780905
      -48.0000000000       -0.0004665878        0.0000021705        0.0004075022        0.0005610161        0.0005883611        0.0005671975        0.0005293172        0.0004872688
      -47.0000000000       -0.0004625743        0.0000289049        0.0004415699        0.0005882054        0.0006085543        0.0005823090        0.0005408997        0.0004963740
      -46.0000000000       -0.0004622607        0.0000575672        0.0004768098        0.0006158027        0.0006288390        0.0005973943        0.0005524150        0.0005054007
      -45.0000000000       -0.0004656318        0.0000883019        0.0005132291        0.0006437870        0.0006491977        0.0006124414        0.0005638547        0.0005143431
      -44.0000000000       -0.0004659511        0.0001212597        0.0005508307        0.0006721355        0.0006696119        0.0006274378        0.0005752108        0.0005231957
      -43.0000000000       -0.0004641827        0.0001565971        0.0005896134        0.0007008229        0.0006900624        0.0006423707        0.0005864748        0.0005319528
      -42.0000000000       -0.0004546857        0.0001944756        0.0006295710        0.0007298221        0.0007105293        0.0006572274        0.0005976383        0.0005406088
      -41.0000000000       -0.0004502529        0.0002350615        0.0006706923        0.0007591038        0.0007309920        0.0006719947        0.0006086927        0.0005491579
      -40.0000000000       -0.0004582625        0.0002785248        0.0007129603        0.0007886366        0.0007514293        0.0006866591        0.0006196297        0.0005575946
      -39.0000000000       -0.0004616752        0.0003250386        0.0007563521        0.0008183868        0.0007718191        0.0007012071        0.0006304404        0.0005659131
      -38.0000000000       -0.0004672536        0.0003747781        0.0008008383        0.0008483189        0.0007921389        0.0007156250        0.0006411164        0.0005741077
      -37.0000000000       -0.0004592998        0.0004279195        0.0008463828        0.0008783949        0.0008123656        0.0007298989        0.0006516489        0.0005821729
      -36.0000000000       -0.0004556074        0.0004846386        0.0008929423        0.0009085752        0.0008324754        0.0007440149        0.0006620293        0.0005901030
      -35.0000000000       -0.0004519799        0.0005451094        0.0009404659        0.0009388177        0.0008524443        0.0007579587        0.0006722490        0.0005978925
      -34.0000000000       -0.0004479070        0.0006095024        0.0009888949        0.0009690786        0.0008722474        0.0007717162        0.0006822993        0.0006055357
      -33.0000000000       -0.0004511797        0.0006779825        0.0010381626        0.0009993123        0.0008918598        0.0007852732        0.0006921716        0.0006130273
      -32.0000000000       -0.0004632750        0.0007507062        0.0010881940        0.0010294712        0.0009112561        0.0007986153        0.0007018573        0.0006203617
      -31.0000000000       -0.0004675718        0.0008278190        0.0011389054        0.0010595061        0.0009304105        0.0008117284        0.0007113481        0.0006275336
      -30.0000000000       -0.0004645208        0.0009094515        0.0011902046        0.0010893661        0.0009492972        0.0008245981        0.0007206353        0.0006345377
      -29.0000000000       -0.0004579354        0.0009957156        0.0012419910        0.0011189990        0.0009678900        0.0008372104        0.0007297107        0.0006413687
      -28.0000000000       -0.0004543182        0.0010866990        0.0012941549        0.0011483512        0.0009861626        0.0008495511        0.0007385662        0.0006480215
      -27.0000000000       -0.0004555505        0.0011824600        0.0013465785        0.0011773679        0.0010040889        0.0008616062        0.0007471934        0.0006544910
      -26.0000000000       -0.0004512691        0.0012830208        0.0013991354        0.0012059935        0.0010216425        0.0008733619        0.0007555845        0.0006607724
      -25.0000000000       -0.0004438129        0.0013883602        0.0014516912        0.0012341712        0.0010387972        0.0008848046        0.0007637317        0.0006668607
      -24.0000000000       -0.0004458302        0.0014984057        0.0015041040        0.0012618438        0.0010555272        0.0008959207        0.0007716271        0.0006727512
      -23.0000000000       -0.0004558934        0.0016130254        0.0015562245        0.0012889539        0.0010718065        0.0009066971        0.0007792634        0.0006784393
      -22.0000000000       -0.0004530184        0.0017320192        0.0016078967        0.0013154435        0.0010876097        0.0009171208        0.0007866332        0.0006839206
      -21.0000000000       -0.0004453416        0.0018551097        0.0016589590        0.0013412548        0.0011029118        0.0009271791        0.0007937293        0.0006891906
      -20.0000000000       -0.0004481499        0.0019819346        0.0017092442        0.0013663302        0.0011176882        0.0009368596        0.0008005449        0.0006942452
      -19.0000000000       -0.0004523885        0.0021120388        0.0017585811        0.0013906127        0.0011319146        0.0009461505        0.0008070732        0.0006990803
      -18.0000000000       -0.0004430778        0.0022448679        0.0018067951        0.0014140458        0.0011455678        0.0009550401        0.0008133078        0.0007036920
      -17.0000000000       -0.0004325400        0.0023797640        0.0018537094        0.0014365741        0.0011586247        0.0009635171        0.0008192424        0.0007080765
      -16.0000000000       -0.0004375849        0.0025159631        0.0018991458        0.0014581434        0.0011710635        0.0009715708        0.0008248712        0.0007122304
      -15.0000000000       -0.0004293348        0.0026525955        0.0019429267        0.0014787010        0.0011828628        0.0009791909        0.0008301885        0.0007161501
      -14.0000000000       -0.0004182364        0.0027886894        0.0019848756        0.0014981959        0.0011940024        0.0009863676        0.0008351889        0.0007198325
      -13.0000000000       -0.0004070059        0.0029231776        0.0020248187        0.0015165789        0.0012044628        0.0009930915        0.0008398672        0.0007232745
      -12.0000000000       -0.0003939113        0.0030549091        0.0020625863        0.0015338031        0.0012142257        0.0009993538        0.0008442187        0.0007264733
      -11.0000000000       -0.0003707860        0.0031826632        0.0020980144        0.0015498241        0.0012232739        0.0010051464        0.0008482390        0.0007294261
      -10.0000000000       -0.0003440075        0.0033051686        0.0021309455        0.0015646001        0.0012315913        0.0010104616        0.0008519239        0.0007321306
       -9.0000000000       -0.0003073846        0.0034211253        0.0021612307        0.0015780920        0.0012391628        0.0010152924        0.0008552695        0.0007345845
       -8.0000000000       -0.0002551074        0.0035292307        0.0021887304        0.0015902639        0.0012459750        0.0010196322        0.0008582724        0.0007367856
       -7.0000000000       -0.0001736351        0.0036282071        0.0022133158        0.0016010832        0.0012520154        0.0010234753        0.0008609295        0.0007387322
       -6.0000000000       -0.0000358558        0.0037168315        0.0022348703        0.0016105205        0.0012572730        0.0010268166        0.0008632380        0.0007404226
       -5.0000000000        0.0002396052        0.0037939659        0.0022532903        0.0016185503        0.0012617382        0.0010296515        0.0008651955        0.0007418554
       -4.0000000000        0.0007910971        0.0038585869        0.0022684864        0.0016251505        0.0012654029        0.0010319762        0.0008667998        0.0007430293
       -3.0000000000        0.0021662393        0.0039098136        0.0022803842        0.0016303030        0.0012682602        0.0010337876        0.0008680494        0.0007439434
       -2.0000000000        0.0070711402        0.0039469327        0.0022889251        0.0016339936        0.0012703050        0.0010350833        0.0008689429        0.0007445969
       -1.0000000000        0.0451348128        0.0039694188        0.0022940667        0.0016362121        0.0012715333        0.0010358613        0.0008694794        0.0007449892
        0.0000000000        0.1185462955        0.0039769503        0.0022957834        0.0016369522        0.0012719431        0.0010361208        0.0008696583        0.0007451200
        1.0000000000        0.0451348128        0.0039694188        0.0022940667        0.0016362121        0.0012715333        0.0010358613        0.0008694794        0.0007449892
        2.0000000000        0.0070711402        0.0039469327        0.0022889251        0.0016339936        0.0012703050        0.0010350833        0.0008689429        0.0007445969
        3.0000000000        0.0021662393        0.0039098136        0.0022803842        0.0016303030        0.0012682602        0.0010337876        0.0008680494        0.0007439434
        4.0000000000        0.0007910971        0.0038585869        0.0022684864        0.0016251505        0.0012654029        0.0010319762        0.0008667998        0.0007430293
        5.0000000000        0.0002396052        0.0037939659        0.0022532903        0.0016185503        0.0012617382        0.0010296515        0.0008651955        0.0007418554
        6.0000000000       -0.0000358558        0.0037168315        0.0022348703        0.0016105205        0.0012572730        0.0010268166        0.0008632380        0.0007404226
        7.0000000000       -0.0001736351        0.0036282071        0.0022133158        0.0016010832        0.0012520154        0.0010234753        0.0008609295        0.0007387322
        8.0000000000       -0.0002551074        0.0035292307        0.0021887304        0.0015902639        0.0012459750        0.0010196322        0.0008582724        0.0007367856
        9.0000000000       -0.0003073846        0.0034211253        0.0021612307        0.0015780920        0.0012391628        0.0010152924        0.0008552695        0.0007345845
       10.0000000000       -0.0003440075        0.0033051686        0.0021309455        0.0015646001        0.0012315913        0.0010104616        0.0008519239        0.0007321306
       11.0000000000       -0.0003707860        0.0031826632        0.0020980144        0.0015498241        0.0012232739        0.0010051464        0.0008482390        0.0007294261
       12.0000000000       -0.0003939113        0.0030549091        0.0020625863        0.0015338031        0.0012142257        0.0009993538        0.0008442187        0.0007264733
       13.0000000000       -0.0004070059        0.0029231776        0.0020248187        0.0015165789        0.0012044628        0.0009930915        0.0008398672        0.0007232745
       14.0000000000       -0.0004182364        0.0027886894        0.0019848756        0.0014981959        0.0011940024        0.0009863676        0.0008351889        0.0007198325
       15.0000000000       -0.0004293348        0.0026525955        0.0019429267        0.0014787010        0.0011828628        0.0009791909        0.0008301885        0.0007161501
       16.0000000000       -0.0004375849        0.0025159631        0.0018991458        0.0014581434        0.0011710635        0.0009715708        0.0008248712        0.0007122304
       17.0000000000       -0.0004325400        0.0023797640        0.0018537094        0.0014365741        0.0011586247        0.0009635171        0.0008192424        0.0007080765
       18.0000000000       -0.0004430778        0.0022448679        0.0018067951        0.0014140458        0.0011455678        0.0009550401        0.0008133078        0.0007036920
       19.0000000000       -0.0004523885        0.0021120388        0.0017585811        0.0013906127        0.0011319146        0.0009461505        0.0008070732        0.0006990803
       20.0000000000       -0.0004481499        0.0019819346        0.0017092442        0.0013663302        0.0011176882        0.0009368596        0.0008005449        0.0006942452
       21.0000000000       -0.0004453416        0.0018551097        0.0016589590        0.0013412548        0.0011029118        0.0009271791        0.0007937293        0.0006891906
       22.0000000000       -0.0004530184        0.0017320192        0.0016078967        0.0013154435        0.0010876097        0.0009171208        0.0007866332        0.0006839206
       23.0000000000       -0.0004558934        0.0016130254        0.0015562245        0.0012889539        0.0010718065        0.0009066971        0.0007792634        0.0006784393
       24.0000000000       -0.0004458302        0.0014984057        0.0015041040        0.0012618438        0.0010555272        0.0008959207        0.0007716271        0.0006727512
       25.0000000000       -0.0004438129        0.0013883602        0.0014516912        0.0012341712        0.0010387972        0.0008848046        0.0007637317        0.0006668607
       26.0000000000       -0.0004512691        0.0012830208        0.0013991354        0.0012059935        0.0010216425        0.0008733619        0.0007555845        0.0006607724
       27.0000000000       -0.0004555505        0.0011824600        0.0013465785        0.0011773679        0.0010040889        0.0008616062        0.0007471934        0.0006544910
       28.0000000000       -0.0004543182        0.0010866990        0.0012941549        0.0011483512        0.0009861626        0.0008495511        0.0007385662        0.0006480215
       29.0000000000       -0.0004579354        0.0009957156        0.0012419910        0.0011189990        0.0009678900        0.0008372104        0.0007297107        0.0006413687
       30.0000000000       -0.0004645208        0.0009094515        0.0011902046        0.0010893661        0.0009492972        0.0008245981        0.0007206353        0.0006345377
       31.0000000000       -0.0004675718        0.0008278190        0.0011389054        0.0010595061        0.0009304105        0.0008117284        0.0007113481        0.0006275336
       32.0000000000       -0.0004632750        0.0007507062        0.0010881940        0.0010294712        0.0009112561        0.0007986153        0.0007018573        0.0006203617
       33.0000000000       -0.0004511797        0.0006779825        0.0010381626        0.0009993123        0.0008918598        0.0007852732        0.0006921716        0.0006130273
       34.0000000000       -0.0004479070        0.0006095024        0.0009888949        0.0009690786        0.0008722474        0.0007717162        0.0006822993        0.0006055357
       35.0000000000       -0.0004519799        0.0005451094        0.0009404659        0.0009388177        0.0008524443        0.0007579587        0.0006722490        0.0005978925
       36.0000000000       -0.0004556074        0.0004846386        0.0008929423        0.0009085752        0.0008324754        0.0007440149        0.0006620293        0.0005901030
       37.0000000000       -0.0004592998        0.0004279195        0.0008463828        0.0008783949        0.0008123656        0.0007298989        0.0006516489        0.0005821729
       38.0000000000       -0.0004672536        0.0003747781        0.0008008383        0.0008483189        0.0007921389        0.0007156250        0.0006411164        0.0005741077
       39.0000000000       -0.0004616752        0.0003250386        0.0007563521        0.0008183868        0.0007718191        0.0007012071        0.0006304404        0.0005659131
       40.0000000000       -0.0004582625        0.0002785248        0.0007129603        0.0007886366        0.0007514293        0.0006866591        0.0006196297        0.0005575946
       41.0000000000       -0.0004502529        0.0002350615        0.0006706923        0.0007591038        0.0007309920        0.0006719947        0.0006086927        0.0005491579
       42.0000000000       -0.0004546857        0.0001944756        0.0006295710        0.0007298221        0.0007105293        0.0006572274        0.0005976383        0.0005406088
       43.0000000000       -0.0004641827        0.0001565971        0.0005896134        0.0007008229        0.0006900624        0.0006423707        0.0005864748        0.0005319528
       44.0000000000       -0.0004659511        0.0001212597        0.0005508307        0.0006721355        0.0006696119        0.0006274378        0.0005752108        0.0005231957
       45.0000000000       -0.0004656318        0.0000883019        0.0005132291        0.0006437870        0.0006491977        0.0006124414        0.0005638547        0.0005143431
       46.0000000000       -0.0004622607        0.0000575672        0.0004768098        0.0006158027        0.0006288390        0.0005973943        0.0005524150        0.0005054007
       47.0000000000       -0.0004625743        0.0000289049        0.0004415699        0.0005882054        0.0006085543        0.0005823090        0.0005408997        0.0004963740
       48.0000000000       -0.0004665878        0.0000021705        0.0004075022        0.0005610161        0.0005883611        0.0005671975        0.0005293172        0.0004872688
       49.0000000000       -0.0004625789       -0.0000227740        0.0003745963        0.0005342538        0.0005682764        0.0005520717        0.0005176754        0.0004780905
       50.0000000000       -0.0004553016       -0.0000460600        0.0003428382        0.0005079355        0.0005483162        0.0005369431        0.0005059823        0.0004688446
       51.0000000000       -0.0004556344       -0.0000678115        0.0003122114        0.0004820765        0.0005284959        0.0005218229        0.0004942457        0.0004595367
       52.0000000000       -0.0004551613       -0.0000881458        0.0002826967        0.0004566899        0.0005088299        0.0005067219        0.0004824733        0.0004501721
       53.0000000000       -0.0004572285       -0.0001071723        0.0002542730        0.0004317873        0.0004893319        0.0004916508        0.0004706726        0.0004407562
       54.0000000000       -0.0004531622       -0.0001249933        0.0002269171        0.0004073786        0.0004700149        0.0004766197        0.0004588510        0.0004312944
       55.0000000000       -0.0004556499       -0.0001417036        0.0002006045        0.0003834720        0.0004508908        0.0004616385        0.0004470158        0.0004217917
       56.0000000000       -0.0004652770       -0.0001573906        0.0001753091        0.0003600742        0.0004319711        0.0004467166        0.0004351739        0.0004122535
       57.0000000000       -0.0004667302       -0.0001721342        0.0001510043        0.0003371903        0.0004132662        0.0004318630        0.0004233323        0.0004026848
       58.0000000000       -0.0004646356       -0.0001860073        0.0001276621        0.0003148242        0.0003947858        0.0004170867        0.0004114977        0.0003930906
       59.0000000000       -0.0004703036       -0.0001990759        0.0001052545        0.0002929784        0.0003765391        0.0004023958        0.0003996767        0.0003834757
       60.0000000000       -0.0004671049       -0.0002113991        0.0000837528        0.0002716540        0.0003585341        0.0003877985        0.0003878756        0.0003738451
       61.0000000000       -0.0004625163       -0.0002230299        0.0000631282        0.0002508511        0.0003407784        0.0003733022        0.0003761005        0.0003642035
       62.0000000000       -0.0004602372       -0.0002340153        0.0000433518        0.0002305687        0.0003232788        0.0003589143        0.0003643575        0.0003545555
       63.0000000000       -0.0004589217       -0.0002443970        0.0000243948        0.0002108048        0.0003060414        0.0003446415        0.0003526523        0.0003449056
       64.0000000000       -0.0004597493       -0.0002542118        0.0000062288        0.0001915563        0.0002890717        0.0003304904        0.0003409906        0.0003352583
       65.0000000000       -0.0004616802       -0.0002634921       -0.0000111747        0.0001728193        0.0002723743        0.0003164671        0.0003293777        0.0003256179
       66.0000000000       -0.0004591396       -0.0002722668       -0.0000278434        0.0001545892        0.0002559534        0.0003025773        0.0003178188        0.0003159886
       67.0000000000       -0.0004625068       -0.0002805615       -0.0000438047        0.0001368605        0.0002398125        0.0002888264        0.0003063189        0.0003063747
       68.0000000000       -0.0004641468       -0.0002883995       -0.0000590855        0.0001196271        0.0002239545        0.0002752193        0.0002948828        0.0002967799
       69.0000000000       -0.0004645390       -0.0002958020       -0.0000737120        0.0001028824        0.0002083818        0.0002617608        0.0002835151        0.0002872084
       70.0000000000       -0.0004612775       -0.0003027889       -0.0000877097        0.0000866191        0.0001930961        0.0002484552        0.0002722201        0.0002776638
       71.0000000000       -0.0004637009       -0.0003093790       -0.0001011038        0.0000708294        0.0001780988        0.0002353064        0.0002610021        0.0002681498
       72.0000000000       -0.0004689622       -0.0003155908       -0.0001139183        0.0000555051        0.0001633907        0.0002223181        0.0002498651        0.0002586700
       73.0000000000       -0.0004692619       -0.0003214422       -0.0001261769        0.0000406377        0.0001489720        0.0002094935        0.0002388127        0.0002492277
       74.0000000000       -0.0004672746       -0.0003269513       -0.0001379025        0.0000262183        0.0001348426        0.0001968357        0.0002278487        0.0002398264
       75.0000000000       -0.0004686212       -0.0003321362       -0.0001491172        0.0000122377        0.0001210019        0.0001843473        0.0002169763        0.0002304692
       76.0000000000       -0.0004671141       -0.0003370149       -0.0001598424       -0.0000013136        0.0001074490        0.0001720307        0.0002061989        0.0002211591
       77.0000000000       -0.0004681662       -0.0003416056       -0.0001700988       -0.0000144452        0.0000941825        0.0001598880        0.0001955194        0.0002118992
       78.0000000000       -0.0004668401       -0.0003459263       -0.0001799065       -0.0000271670        0.0000812007        0.0001479209        0.0001849405        0.0002026923
       79.0000000000       -0.0004642273       -0.0003499947       -0.0001892848       -0.0000394888        0.0000685015        0.0001361310        0.0001744650        0.0001935411
       80.0000000000       -0.0004682376       -0.0003538278       -0.0001982523       -0.0000514208        0.0000560827        0.0001245195        0.0001640954        0.0001844483
       81.0000000000       -0.0004739184       -0.0003574422       -0.0002068270       -0.0000629730        0.0000439415        0.0001130874        0.0001538337        0.0001754162
       82.0000000000       -0.0004745606       -0.0003608532       -0.0002150263       -0.0000741556        0.0000320751        0.0001018355        0.0001436822        0.0001664474
       83.0000000000       -0.0004699150       -0.0003640754       -0.0002228669       -0.0000849787        0.0000204802        0.0000907643        0.0001336429        0.0001575440
       84.0000000000       -0.0004724806       -0.0003671218       -0.0002303649       -0.0000954526        0.0000091536        0.0000798739        0.0001237173        0.0001487082
       85.0000000000       -0.0004612421       -0.0003700044       -0.0002375358       -0.0001055872       -0.0000019084        0.0000691646        0.0001139071        0.0001399420
       86.0000000000       -0.0004562940       -0.0003727338       -0.0002443946       -0.0001153927       -0.0000127095        0.0000586362        0.0001042138        0.0001312474
       87.0000000000       -0.0004602988       -0.0003753194       -0.0002509556       -0.0001248790       -0.0000232537        0.0000482883        0.0000946386        0.0001226262
       88.0000000000       -0.0004672601       -0.0003777695       -0.0002572328       -0.0001340561       -0.0000335452        0.0000381204        0.0000851827        0.0001140801
       89.0000000000       -0.0004768606       -0.0003800913       -0.0002632395       -0.0001429336       -0.0000435881        0.0000281318        0.0000758469        0.0001056106
       90.0000000000       -0.0004713503       -0.0003822913       -0.0002689886       -0.0001515213       -0.0000533868        0.0000183216        0.0000666322        0.0000972194
       91.0000000000       -0.0004657785       -0.0003843750       -0.0002744925       -0.0001598287       -0.0000629457        0.0000086889        0.0000575393        0.0000889077
       92.0000000000       -0.0004609453       -0.0003863474       -0.0002797632       -0.0001678651       -0.0000722694       -0.0000007676        0.0000485686        0.0000806769
       93.0000000000       -0.0004577877       -0.0003882132       -0.0002848121       -0.0001756398       -0.0000813625       -0.0000100492        0.0000397207        0.0000725282
       94.0000000000       -0.0004512708       -0.0003899765       -0.0002896505       -0.0001831618       -0.0000902297       -0.0000191574        0.0000309959        0.0000644626
       95.0000000000       -0.0004581598       -0.0003916413       -0.0002942890       -0.0001904400       -0.0000988756       -0.0000280936        0.0000223943        0.0000564812
       96.0000000000       -0.0004628073       -0.0003932112       -0.0002987379       -0.0001974831       -0.0001073052       -0.0000368595        0.0000139160        0.0000485850
       97.0000000000       -0.0004585585       -0.0003946900       -0.0003030073       -0.0002042995       -0.0001155230       -0.0000454570        0.0000055611        0.0000407747
       98.0000000000       -0.0004635084       -0.0003960812       -0.0003071067       -0.0002108976       -0.0001235339       -0.0000538879       -0.0000026707        0.0000330510
       99.0000000000       -0.0004653165       -0.0003973885       -0.0003110456       -0.0002172854       -0.0001313428       -0.0000621541       -0.0000107795        0.0000254147
      100.0000000000       -0.0004629993       -0.0003986153       -0.0003148327       -0.0002234710       -0.0001389543       -0.0000702578       -0.0000187657        0.0000178662
      101.0000000000       -0.0004612725       -0.0003997654       -0.0003184769       -0.0002294618       -0.0001463732       -0.0000782010       -0.0000266297        0.0000104062
      102.0000000000       -0.0004612448       -0.0004008427       -0.0003219864       -0.0002352655       -0.0001536043       -0.0000859858       -0.0000343720        0.0000030350
      103.0000000000       -0.0004593951       -0.0004018511       -0.0003253692       -0.0002408893       -0.0001606521       -0.0000936146       -0.0000419932       -0.0000042471
      104.0000000000       -0.0004545920       -0.0004027947       -0.0003286332       -0.0002463401       -0.0001675215       -0.0001010895       -0.0000494939       -0.0000114397
      105.0000000000       -0.0004536567       -0.0004036780       -0.0003317858       -0.0002516249       -0.0001742170       -0.0001084130       -0.0000568748       -0.0000185427
      106.0000000000       -0.0004584403       -0.0004045056       -0.0003348341       -0.0002567502       -0.0001807431       -0.0001155873       -0.0000641368       -0.0000255559
      107.0000000000       -0.0004621724       -0.0004052826       -0.0003377850       -0.0002617224       -0.0001871043       -0.0001226149       -0.0000712806       -0.0000324793
      108.0000000000       -0.0004617630       -0.0004060143       -0.0003406451       -0.0002665476       -0.0001933050       -0.0001294981       -0.0000783073       -0.0000393128
      109.0000000000       -0.0004619805       -0.0004067066       -0.0003434207       -0.0002712318       -0.0001993496       -0.0001362395       -0.0000852178       -0.0000460565
      110.0000000000       -0.0004580384       -0.0004073660       -0.0003461177       -0.0002757806       -0.0002052423       -0.0001428415       -0.0000920131       -0.0000527105
      111.0000000000       -0.0004587412       -0.0004079991       -0.0003487418       -0.0002801995       -0.0002109873       -0.0001493064       -0.0000986942       -0.0000592750
      112.0000000000       -0.0004567674       -0.0004086137       -0.0003512984       -0.0002844938       -0.0002165887       -0.0001556369       -0.0001052624       -0.0000657501
      113.0000000000       -0.0004644870       -0.0004092179       -0.0003537924       -0.0002886685       -0.0002220505       -0.0001618353       -0.0001117186       -0.0000721362
      114.0000000000       -0.0004673875       -0.0004098206       -0.0003562287       -0.0002927285       -0.0002273766       -0.0001679042       -0.0001180643       -0.0000784335
      115.0000000000       -0.0004688190       -0.0004104313       -0.0003586116       -0.0002966783       -0.0002325709       -0.0001738460       -0.0001243004       -0.0000846425
      116.0000000000       -0.0004690898       -0.0004110603       -0.0003609450       -0.0003005223       -0.0002376371       -0.0001796630       -0.0001304284       -0.0000907634
      117.0000000000       -0.0004625172       -0.0004117183       -0.0003632328       -0.0003042648       -0.0002425789       -0.0001853579       -0.0001364495       -0.0000967967
      118.0000000000       -0.0004556198       -0.0004124161       -0.0003654782       -0.0003079096       -0.0002473997       -0.0001909329       -0.0001423650       -0.0001027429
      119.0000000000       -0.0004614407       -0.0004131647       -0.0003676842       -0.0003114606       -0.0002521030       -0.0001963905       -0.0001481761       -0.0001086026
      120.0000000000       -0.0004722098       -0.0004139749       -0.0003698535       -0.0003149213       -0.0002566922       -0.0002017331       -0.0001538844       -0.0001143762
      121.0000000000       -0.0004715171       -0.0004148568       -0.0003719882       -0.0003182952       -0.0002611706       -0.0002069629       -0.0001594910       -0.0001200644
      122.0000000000       -0.0004593029       -0.0004158190       -0.0003740904       -0.0003215854       -0.0002655413       -0.0002120824       -0.0001649974       -0.0001256676
      123.0000000000       -0.0004647891       -0.0004168692       -0.0003761615       -0.0003247950       -0.0002698073       -0.0002170939       -0.0001704050       -0.0001311867
      124.0000000000       -0.0004714965       -0.0004180126       -0.0003782029       -0.0003279267       -0.0002739717       -0.0002219994       -0.0001757152       -0.0001366222
      125.0000000000       -0.0004655278       -0.0004192523       -0.0003802153       -0.0003309834       -0.0002780372       -0.0002268015       -0.0001809293       -0.0001419749
      126.0000000000       -0.0004633729       -0.0004205886       -0.0003821995       -0.0003339675       -0.0002820068       -0.0002315021       -0.0001860487       -0.0001472453
      127.0000000000       -0.0004646940       -0.0004220188       -0.0003841557       -0.0003368814       -0.0002858830       -0.0002361034       -0.0001910749       -0.0001524344
      128.0000000000       -0.0004629013       -0.0004235372       -0.0003860839       -0.0003397272       -0.0002896686       -0.0002406077       -0.0001960092       -0.0001575427
      129.0000000000       -0.0004689609       -0.0004251350       -0.0003879839       -0.0003425072       -0.0002933659       -0.0002450170       -0.0002008532       -0.0001625711
      130.0000000000       -0.0004612186       -0.0004268004       -0.0003898552       -0.0003452231       -0.0002969774       -0.0002493333       -0.0002056080       -0.0001675204
      131.0000000000       -0.0004538399       -0.0004285189       -0.0003916973       -0.0003478770       -0.0003005055       -0.0002535586       -0.0002102752       -0.0001723913
      132.0000000000       -0.0004582328       -0.0004302736       -0.0003935093       -0.0003504704       -0.0003039524       -0.0002576949       -0.0002148562       -0.0001771846
      133.0000000000       -0.0004580779       -0.0004320461       -0.0003952903       -0.0003530051       -0.0003073203       -0.0002617442       -0.0002193522       -0.0001819013
      134.0000000000       -0.0004573625       -0.0004338163       -0.0003970393       -0.0003554824       -0.0003106114       -0.0002657084       -0.0002237648       -0.0001865420
      135.0000000000       -0.0004693948       -0.0004355639       -0.0003987551       -0.0003579038       -0.0003138276       -0.0002695892       -0.0002280952       -0.0001911077
      136.0000000000       -0.0004686042       -0.0004372687       -0.0004004366       -0.0003602707       -0.0003169708       -0.0002733885       -0.0002323448       -0.0001955991
      137.0000000000       -0.0004686828       -0.0004389112       -0.0004020827       -0.0003625844       -0.0003200431       -0.0002771082       -0.0002365149       -0.0002000172
      138.0000000000       -0.0004677159       -0.0004404735       -0.0004036923       -0.0003648459       -0.0003230462       -0.0002807498       -0.0002406069       -0.0002043628
      139.0000000000       -0.0004642545       -0.0004419394       -0.0004052644       -0.0003670565       -0.0003259819       -0.0002843152       -0.0002446221       -0.0002086368
      140.0000000000       -0.0004592006       -0.0004432957       -0.0004067979       -0.0003692171       -0.0003288518       -0.0002878059       -0.0002485618       -0.0002128399
      141.0000000000       -0.0004652449       -0.0004445317       -0.0004082921       -0.0003713290       -0.0003316577       -0.0002912236       -0.0002524272       -0.0002169732
      142.0000000000       -0.0004702533       -0.0004456399       -0.0004097463       -0.0003733930       -0.0003344010       -0.0002945699       -0.0002562197       -0.0002210374
      143.0000000000       -0.0004681065       -0.0004466164       -0.0004111599       -0.0003754100       -0.0003370833       -0.0002978464       -0.0002599405       -0.0002250334
      144.0000000000       -0.0004698704       -0.0004474600       -0.0004125325       -0.0003773811       -0.0003397062       -0.0003010544       -0.0002635908       -0.0002289622
      145.0000000000       -0.0004625945       -0.0004481729       -0.0004138640       -0.0003793071       -0.0003422709       -0.0003041955       -0.0002671719       -0.0002328245
      146.0000000000       -0.0004601172       -0.0004487603       -0.0004151544       -0.0003811889       -0.0003447790       -0.0003072712       -0.0002706849       -0.0002366212
      147.0000000000       -0.0004641652       -0.0004492295       -0.0004164037       -0.0003830274       -0.0003472316       -0.0003102828       -0.0002741311       -0.0002403532
      148.0000000000       -0.0004591598       -0.0004495903       -0.0004176125       -0.0003848233       -0.0003496302       -0.0003132317       -0.0002775115       -0.0002440214
      149.0000000000       -0.0004569126       -0.0004498541       -0.0004187812       -0.0003865776       -0.0003519760       -0.0003161192       -0.0002808275       -0.0002476265
      150.0000000000       -0.0004616153       -0.0004500334       -0.0004199106       -0.0003882911       -0.0003542701       -0.0003189467       -0.0002840800       -0.0002511695
      151.0000000000       -0.0004655631       -0.0004501416       -0.0004210017       -0.0003899646       -0.0003565138       -0.0003217153       -0.0002872703       -0.0002546513
      152.0000000000       -0.0004671548       -0.0004501924       -0.0004220554       -0.0003915989       -0.0003587082       -0.0003244264       -0.0002903993       -0.0002580725
      153.0000000000       -0.0004632139       -0.0004501993       -0.0004230731       -0.0003931948       -0.0003608544       -0.0003270810       -0.0002934683       -0.0002614342
      154.0000000000       -0.0004617723       -0.0004501757       -0.0004240560       -0.0003947531       -0.0003629534       -0.0003296805       -0.0002964782       -0.0002647370
      155.0000000000       -0.0004616549       -0.0004501338       -0.0004250055       -0.0003962748       -0.0003650064       -0.0003322260       -0.0002994301       -0.0002679818
      156.0000000000       -0.0004671901       -0.0004500850       -0.0004259233       -0.0003977605       -0.0003670143       -0.0003347185       -0.0003023250       -0.0002711695
      157.0000000000       -0.0004716755       -0.0004500394       -0.0004268109       -0.0003992111       -0.0003689781       -0.0003371592       -0.0003051639       -0.0002743009
      158.0000000000       -0.0004718452       -0.0004500059       -0.0004276700       -0.0004006273       -0.0003708988       -0.0003395491       -0.0003079479       -0.0002773767
      159.0000000000       -0.0004724410       -0.0004499916       -0.0004285022       -0.0004020101       -0.0003727774       -0.0003418893       -0.0003106778       -0.0002803977
      160.0000000000       -0.0004693596       -0.0004500024       -0.0004293092       -0.0004033601       -0.0003746146       -0.0003441807       -0.0003133547       -0.0002833647
      161.0000000000       -0.0004714549       -0.0004500425       -0.0004300927       -0.0004046782       -0.0003764115       -0.0003464244       -0.0003159794       -0.0002862785
      162.0000000000       -0.0004695488       -0.0004501147       -0.0004308543       -0.0004059651       -0.0003781688       -0.0003486214       -0.0003185529       -0.0002891398
      163.0000000000       -0.0004673400       -0.0004502203       -0.0004315957       -0.0004072216       -0.0003798875       -0.0003507724       -0.0003210761       -0.0002919495
      164.0000000000       -0.0004633526       -0.0004503595       -0.0004323183       -0.0004084485       -0.0003815683       -0.0003528786       -0.0003235499       -0.0002947082
      165.0000000000       -0.0004674798       -0.0004505311       -0.0004330237       -0.0004096466       -0.0003832121       -0.0003549407       -0.0003259751       -0.0002974167
      166.0000000000       -0.0004635594       -0.0004507330       -0.0004337132       -0.0004108164       -0.0003848196       -0.0003569597       -0.0003283526       -0.0003000757
      167.0000000000       -0.0004584917       -0.0004509624       -0.0004343881       -0.0004119589       -0.0003863917       -0.0003589364       -0.0003306832       -0.0003026859
      168.0000000000       -0.0004575434       -0.0004512158       -0.0004350496       -0.0004130746       -0.0003879290       -0.0003608716       -0.0003329677       -0.0003052481
      169.0000000000       -0.0004556018       -0.0004514895       -0.0004356989       -0.0004141642       -0.0003894323       -0.0003627662       -0.0003352069       -0.0003077629
      170.0000000000       -0.0004697264       -0.0004517794       -0.0004363368       -0.0004152285       -0.0003909023       -0.0003646209       -0.0003374017       -0.0003102310
      171.0000000000       -0.0004741369       -0.0004520819       -0.0004369643       -0.0004162679       -0.0003923397       -0.0003664366       -0.0003395527       -0.0003126531
      172.0000000000       -0.0004713332       -0.0004523933       -0.0004375820       -0.0004172833       -0.0003937452       -0.0003682139       -0.0003416608       -0.0003150299
      173.0000000000       -0.0004648712       -0.0004527110       -0.0004381905       -0.0004182751       -0.0003951194       -0.0003699536       -0.0003437267       -0.0003173620
      174.0000000000       -0.0004634810       -0.0004530328       -0.0004387905       -0.0004192439       -0.0003964631       -0.0003716564       -0.0003457510       -0.0003196501
      175.0000000000       -0.0004647482       -0.0004533575       -0.0004393822       -0.0004201904       -0.0003977767       -0.0003733231       -0.0003477345       -0.0003218947
      176.0000000000       -0.0004655734       -0.0004536851       -0.0004399659       -0.0004211149       -0.0003990611       -0.0003749544       -0.0003496780       -0.0003240966
      177.0000000000       -0.0004639737       -0.0004540165       -0.0004405417       -0.0004220180       -0.0004003167       -0.0003765508       -0.0003515819       -0.0003262563
      178.0000000000       -0.0004670325       -0.0004543536       -0.0004411098       -0.0004229003       -0.0004015442       -0.0003781131       -0.0003534472       -0.0003283745
      179.0000000000       -0.0004731482       -0.0004546992       -0.0004416699       -0.0004237621       -0.0004027442       -0.0003796419       -0.0003552743       -0.0003304518
      180.0000000000       -0.0004809439       -0.0004550570       -0.0004422221       -0.0004246040       -0.0004039172       -0.0003811378       -0.0003570639       -0.0003324886
      181.0000000000       -0.0004798695       -0.0004554307       -0.0004427659       -0.0004254263       -0.0004050637       -0.0003826015       -0.0003588167       -0.0003344857
      182.0000000000       -0.0004706114       -0.0004558246       -0.0004433011       -0.0004262294       -0.0004061843       -0.0003840336       -0.0003605333       -0.0003364435
      183.0000000000       -0.0004682241       -0.0004562423       -0.0004438273       -0.0004270138       -0.0004072796       -0.0003854345       -0.0003622141       -0.0003383627
      184.0000000000       -0.0004690528       -0.0004566868       -0.0004443440       -0.0004277798       -0.0004083501       -0.0003868050       -0.0003638600       -0.0003402437
      185.0000000000       -0.0004656113       -0.0004571601       -0.0004448507       -0.0004285278       -0.0004093962       -0.0003881456       -0.0003654713       -0.0003420871
      186.0000000000       -0.0004576693       -0.0004576627       -0.0004453469       -0.0004292581       -0.0004104185       -0.0003894568       -0.0003670487       -0.0003438935
      187.0000000000       -0.0004594902       -0.0004581933       -0.0004458319       -0.0004299711       -0.0004114175       -0.0003907391       -0.0003685927       -0.0003456633
      188.0000000000       -0.0004638137       -0.0004587488       -0.0004463053       -0.0004306671       -0.0004123936       -0.0003919931       -0.0003701039       -0.0003473971
      189.0000000000       -0.0004658031       -0.0004593240       -0.0004467664       -0.0004313465       -0.0004133472       -0.0003932193       -0.0003715827       -0.0003490953
      190.0000000000       -0.0004650891       -0.0004599116       -0.0004472147       -0.0004320095       -0.0004142789       -0.0003944181       -0.0003730298       -0.0003507584
      191.0000000000       -0.0004587554       -0.0004605026       -0.0004476497       -0.0004326565       -0.0004151891       -0.0003955901       -0.0003744455       -0.0003523870
      192.0000000000       -0.0004573417       -0.0004610865       -0.0004480708       -0.0004332878       -0.0004160783       -0.0003967358       -0.0003758304       -0.0003539815
      193.0000000000       -0.0004662317       -0.0004616515       -0.0004484777       -0.0004339036       -0.0004169467       -0.0003978556       -0.0003771849       -0.0003555422
      194.0000000000       -0.0004698072       -0.0004621854       -0.0004488700       -0.0004345045       -0.0004177950       -0.0003989499       -0.0003785095       -0.0003570698
      195.0000000000       -0.0004740755       -0.0004626757       -0.0004492475       -0.0004350905       -0.0004186234       -0.0004000192       -0.0003798047       -0.0003585646
      196.0000000000       -0.0004724464       -0.0004631105       -0.0004496100       -0.0004356622       -0.0004194324       -0.0004010639       -0.0003810710       -0.0003600271
      197.0000000000       -0.0004699401       -0.0004634790       -0.0004499574       -0.0004362197       -0.0004202223       -0.0004020845       -0.0003823086       -0.0003614576
      198.0000000000       -0.0004682206       -0.0004637721       -0.0004502899       -0.0004367635       -0.0004209935       -0.0004030813       -0.0003835182       -0.0003628566
      199.0000000000       -0.0004671211       -0.0004639825       -0.0004506076       -0.0004372938       -0.0004217465       -0.0004040547       -0.0003847000       -0.0003642245
      200.0000000000       -0.0004667169       -0.0004641056       -0.0004509109       -0.0004378111       -0.0004224815       -0.0004050052       -0.0003858545       -0.0003655617
      201.0000000000       -0.0004761580       -0.0004641396       -0.0004512001       -0.0004383155       -0.0004231989       -0.0004059331       -0.0003869821       -0.0003668686
      202.0000000000       -0.0004788656       -0.0004640855       -0.0004514758       -0.0004388076       -0.0004238991       -0.0004068387       -0.0003880831       -0.0003681455
      203.0000000000       -0.0004703729       -0.0004639472       -0.0004517387       -0.0004392876       -0.0004245823       -0.0004077225       -0.0003891580       -0.0003693928
      204.0000000000       -0.0004607945       -0.0004637313       -0.0004519897       -0.0004397558       -0.0004252490       -0.0004085847       -0.0003902071       -0.0003706109
      205.0000000000       -0.0004598813       -0.0004634470       -0.0004522295       -0.0004402128       -0.0004258993       -0.0004094257       -0.0003912307       -0.0003718001
      206.0000000000       -0.0004669255       -0.0004631058       -0.0004524591       -0.0004406587       -0.0004265337       -0.0004102459       -0.0003922292       -0.0003729608
      207.0000000000       -0.0004695138       -0.0004627209       -0.0004526797       -0.0004410939       -0.0004271524       -0.0004110455       -0.0003932029       -0.0003740933
      208.0000000000       -0.0004614765       -0.0004623068       -0.0004528923       -0.0004415189       -0.0004277557       -0.0004118249       -0.0003941522       -0.0003751979
      209.0000000000       -0.0004529279       -0.0004618787       -0.0004530981       -0.0004419338       -0.0004283439       -0.0004125843       -0.0003950773       -0.0003762749
      210.0000000000       -0.0004598622       -0.0004614520       -0.0004532983       -0.0004423392       -0.0004289172       -0.0004133240       -0.0003959787       -0.0003773248
      211.0000000000       -0.0004609139       -0.0004610417       -0.0004534941       -0.0004427352       -0.0004294758       -0.0004140443       -0.0003968565       -0.0003783476
      212.0000000000       -0.0004594735       -0.0004606619       -0.0004536868       -0.0004431223       -0.0004300201       -0.0004147455       -0.0003977110       -0.0003793438
      213.0000000000       -0.0004572149       -0.0004603256       -0.0004538774       -0.0004435007       -0.0004305503       -0.0004154278       -0.0003985426       -0.0003803137
      214.0000000000       -0.0004687274       -0.0004600435       -0.0004540672       -0.0004438707       -0.0004310666       -0.0004160915       -0.0003993515       -0.0003812574
      215.0000000000       -0.0004708629       -0.0004598248       -0.0004542572       -0.0004442325       -0.0004315691       -0.0004167368       -0.0004001380       -0.0003821753
      216.0000000000       -0.0004664434       -0.0004596758       -0.0004544485       -0.0004445865       -0.0004320582       -0.0004173640       -0.0004009024       -0.0003830677
      217.0000000000       -0.0004586273       -0.0004596008       -0.0004546419       -0.0004449329       -0.0004325339       -0.0004179732       -0.0004016448       -0.0003839348
      218.0000000000       -0.0004657021       -0.0004596012       -0.0004548384       -0.0004452719       -0.0004329964       -0.0004185647       -0.0004023655       -0.0003847768
      219.0000000000       -0.0004682020       -0.0004596763       -0.0004550386       -0.0004456037       -0.0004334460       -0.0004191387       -0.0004030647       -0.0003855939
      220.0000000000       -0.0004610952       -0.0004598229       -0.0004552431       -0.0004459284       -0.0004338827       -0.0004196954       -0.0004037428       -0.0003863865
      221.0000000000       -0.0004611463       -0.0004600359       -0.0004554525       -0.0004462462       -0.0004343068       -0.0004202349       -0.0004043998       -0.0003871548
      222.0000000000       -0.0004684147       -0.0004603082       -0.0004556672       -0.0004465572       -0.0004347183       -0.0004207574       -0.0004050361       -0.0003878989
      223.0000000000       -0.0004689966       -0.0004606318       -0.0004558873       -0.0004468615       -0.0004351173       -0.0004212632       -0.0004056517       -0.0003886190
      224.0000000000       -0.0004711486       -0.0004609974       -0.0004561130       -0.0004471592       -0.0004355040       -0.0004217523       -0.0004062469       -0.0003893155
      225.0000000000       -0.0004673990       -0.0004613955       -0.0004563442       -0.0004474502       -0.0004358785       -0.0004222250       -0.0004068219       -0.0003899883
      226.0000000000       -0.0004685682       -0.0004618163       -0.0004565809       -0.0004477347       -0.0004362409       -0.0004226813       -0.0004073768       -0.0003906379
      227.0000000000       -0.0004678554       -0.0004622508       -0.0004568228       -0.0004480125       -0.0004365911       -0.0004231214       -0.0004079119       -0.0003912643
      228.0000000000       -0.0004626095       -0.0004626906       -0.0004570695       -0.0004482836       -0.0004369294       -0.0004235455       -0.0004084272       -0.0003918677
      229.0000000000       -0.0004660003       -0.0004631285       -0.0004573205       -0.0004485479       -0.0004372556       -0.0004239536       -0.0004089230       -0.0003924483
      230.0000000000       -0.0004663117       -0.0004635590       -0.0004575753       -0.0004488053       -0.0004375700       -0.0004243459       -0.0004093994       -0.0003930062
      231.0000000000       -0.0004705569       -0.0004639781       -0.0004578332       -0.0004490558       -0.0004378725       -0.0004247225       -0.0004098565       -0.0003935416
      232.0000000000       -0.0004707999       -0.0004643838       -0.0004580933       -0.0004492991       -0.0004381632       -0.0004250834       -0.0004102945       -0.0003940547
      233.0000000000       -0.0004679199       -0.0004647760       -0.0004583549       -0.0004495350       -0.0004384421       -0.0004254289       -0.0004107134       -0.0003945456
      234.0000000000       -0.0004648742       -0.0004651561       -0.0004586171       -0.0004497634       -0.0004387091       -0.0004257590       -0.0004111135       -0.0003950144
      235.0000000000       -0.0004659731       -0.0004655273       -0.0004588787       -0.0004499840       -0.0004389644       -0.0004260737       -0.0004114949       -0.0003954612
      236.0000000000       -0.0004737707       -0.0004658941       -0.0004591389       -0.0004501967       -0.0004392078       -0.0004263731       -0.0004118576       -0.0003958862
      237.0000000000       -0.0004822414       -0.0004662615       -0.0004593964       -0.0004504011       -0.0004394395       -0.0004266574       -0.0004122018       -0.0003962896
      238.0000000000       -0.0004726132       -0.0004666351       -0.0004596501       -0.0004505971       -0.0004396593       -0.0004269265       -0.0004125275       -0.0003966713
      239.0000000000       -0.0004667001       -0.0004670203       -0.0004598990       -0.0004507843       -0.0004398673       -0.0004271806       -0.0004128349       -0.0003970316
      240.0000000000       -0.0004684584       -0.0004674218       -0.0004601417       -0.0004509625       -0.0004400634       -0.0004274197       -0.0004131240       -0.0003973704
      241.0000000000       -0.0004726325       -0.0004678431       -0.0004603771       -0.0004511314       -0.0004402477       -0.0004276438       -0.0004133950       -0.0003976880
      242.0000000000       -0.0004748348       -0.0004682863       -0.0004606040       -0.0004512908       -0.0004404201       -0.0004278531       -0.0004136478       -0.0003979844
      243.0000000000       -0.0004719636       -0.0004687512       -0.0004608211       -0.0004514403       -0.0004405805       -0.0004280475       -0.0004138826       -0.0003982596
      244.0000000000       -0.0004625091       -0.0004692356       -0.0004610274       -0.0004515798       -0.0004407290       -0.0004282271       -0.0004140995       -0.0003985138
      245.0000000000       -0.0004676873       -0.0004697351       -0.0004612215       -0.0004517089       -0.0004408655       -0.0004283919       -0.0004142984       -0.0003987470
      246.0000000000       -0.0004629729       -0.0004702428       -0.0004614025       -0.0004518275       -0.0004409900       -0.0004285420       -0.0004144795       -0.0003989593
      247.0000000000       -0.0004635483       -0.0004707500       -0.0004615693       -0.0004519352       -0.0004411024       -0.0004286774       -0.0004146428       -0.0003991507
      248.0000000000       -0.0004701527       -0.0004712464       -0.0004617209       -0.0004520319       -0.0004412028       -0.0004287980       -0.0004147884       -0.0003993213
      249.0000000000       -0.0004708600       -0.0004717205       -0.0004618563       -0.0004521173       -0.0004412911       -0.0004289040       -0.0004149162       -0.0003994711
      250.0000000000       -0.0004718877       -0.0004721601       -0.0004619747       -0.0004521913       -0.0004413673       -0.0004289954       -0.0004150263       -0.0003996002
      251.0000000000       -0.0004711203       -0.0004725530       -0.0004620754       -0.0004522538       -0.0004414313       -0.0004290721       -0.0004151188       -0.0003997086
      252.0000000000       -0.0004655322       -0.0004728877       -0.0004621577       -0.0004523045       -0.0004414832       -0.0004291343       -0.0004151937       -0.0003997963
      253.0000000000       -0.0004654057       -0.0004731541       -0.0004622212       -0.0004523434       -0.0004415229       -0.0004291818       -0.0004152509       -0.0003998634
      254.0000000000       -0.0004664249       -0.0004733438       -0.0004622653       -0.0004523704       -0.0004415504       -0.0004292146       -0.0004152905       -0.0003999098
      255.0000000000       -0.0004688779       -0.0004734508       -0.0004622899       -0.0004523854       -0.0004415656       -0.0004292329       -0.0004153125       -0.0003999356
      256.0000000000       -0.0004688779       -0.0004734720       -0.0004622948       -0.0004523884       -0.0004415687       -0.0004292366       -0.0004153169       -0.0003999407
