        0.0000000000        0.1779765135
        1.0000000000        0.0794139208
        2.0000000000        0.0539814131
        3.0000000000        0.0419016371
        4.0000000000        0.0346554411
        5.0000000000        0.0297397849
        6.0000000000        0.0261166386
        7.0000000000        0.0233974288
        8.0000000000        0.0212105805
        9.0000000000        0.0194054435
       10.0000000000        0.0179081887
       11.0000000000        0.0166184202
       12.0000000000        0.0154987722
       13.0000000000        0.0145239053
       14.0000000000        0.0137045778
       15.0000000000        0.0129539827
       16.0000000000        0.0122727057
       17.0000000000        0.0117022497
       18.0000000000        0.0111153510
       19.0000000000        0.0105983216
       20.0000000000        0.0101828672
       21.0000000000        0.0096893142
       22.0000000000        0.0093102766
       23.0000000000        0.0089546735
       24.0000000000        0.0085914430
       25.0000000000        0.0082768781
       26.0000000000        0.0079725204
       27.0000000000        0.0076987714
       28.0000000000        0.0074154148
       29.0000000000        0.0071486074
       30.0000000000        0.0068787607
       31.0000000000        0.0066887524
       32.0000000000        0.0064909824
       33.0000000000        0.0062599222
       34.0000000000        0.0060924293
       35.0000000000        0.0059231939
       36.0000000000        0.0057331516
       37.0000000000        0.0055128479
       38.0000000000        0.0053561984
       39.0000000000        0.0052185905
       40.0000000000        0.0050603559
       41.0000000000        0.0049288900
       42.0000000000        0.0047853071
       43.0000000000        0.0046688057
       44.0000000000        0.0045669416
       45.0000000000        0.0044419228
       46.0000000000        0.0042912816
       47.0000000000        0.0042157387
       48.0000000000        0.0040909060
       49.0000000000        0.0040096759
       50.0000000000        0.0039331921
       51.0000000000        0.0038225461
       52.0000000000        0.0037381097
       53.0000000000        0.0036423295
       54.0000000000        0.0035596566
       55.0000000000        0.0034860435
       56.0000000000        0.0033854459
       57.0000000000        0.0033439186
       58.0000000000        0.0032268008
       59.0000000000        0.0031638789
       60.0000000000        0.0030856963
       61.0000000000        0.0030332989
       62.0000000000        0.0029679003
       63.0000000000        0.0029511877
       64.0000000000        0.0028930056
       65.0000000000        0.0028353784
       66.0000000000        0.0027653591
       67.0000000000        0.0026744218
       68.0000000000        0.0026515053
       69.0000000000        0.0025863046
       70.0000000000        0.0024832543
       71.0000000000        0.0024039009
       72.0000000000        0.0023573829
       73.0000000000        0.0023486260
       74.0000000000        0.0022782414
       75.0000000000        0.0021981547
       76.0000000000        0.0021437901
       77.0000000000        0.0021235127
       78.0000000000        0.0021144417
       79.0000000000        0.0020837721
       80.0000000000        0.0020636938
       81.0000000000        0.0019572573
       82.0000000000        0.0019314502
       83.0000000000        0.0018881645
       84.0000000000        0.0018340240
       85.0000000000        0.0018080713
       86.0000000000        0.0017635169
       87.0000000000        0.0017071211
       88.0000000000        0.0016738164
       89.0000000000        0.0016491850
       90.0000000000        0.0016095773
       91.0000000000        0.0015748364
       92.0000000000        0.0015381213
       93.0000000000        0.0014886856
       94.0000000000        0.0014729702
       95.0000000000        0.0014224712
       96.0000000000        0.0013889257
       97.0000000000        0.0013679009
       98.0000000000        0.0013597660
       99.0000000000        0.0012983555
      100.0000000000        0.0012612012
      101.0000000000        0.0012277017
      102.0000000000        0.0012102957
      103.0000000000        0.0011808963
      104.0000000000        0.0011652966
      105.0000000000        0.0011364147
      106.0000000000        0.0010936919
      107.0000000000        0.0011026141
      108.0000000000        0.0010493189
      109.0000000000        0.0010619687
      110.0000000000        0.0010778172
      111.0000000000        0.0010674396
      112.0000000000        0.0010581524
      113.0000000000        0.0010358863
      114.0000000000        0.0009941658
      115.0000000000        0.0009779751
      116.0000000000        0.0009461476
      117.0000000000        0.0009300998
      118.0000000000        0.0008810308
      119.0000000000        0.0008894883
      120.0000000000        0.0008613241
      121.0000000000        0.0008621696
      122.0000000000        0.0008893975
      123.0000000000        0.0008916178
      124.0000000000        0.0008565344
      125.0000000000        0.0008640888
      126.0000000000        0.0008526824
      127.0000000000        0.0008237881
      128.0000000000        0.0007745594
      129.0000000000        0.0007382208
      130.0000000000        0.0007371024
      131.0000000000        0.0007391684
      132.0000000000        0.0007247594
      133.0000000000        0.0006876533
      134.0000000000        0.0007092213
      135.0000000000        0.0006597168
      136.0000000000        0.0006721027
      137.0000000000        0.0006170936
      138.0000000000        0.0006027766
      139.0000000000        0.0005766547
      140.0000000000        0.0005434930
      141.0000000000        0.0005312464
      142.0000000000        0.0004793254
      143.0000000000        0.0004872409
      144.0000000000        0.0004721550
      145.0000000000        0.0005063925
      146.0000000000        0.0005072443
      147.0000000000        0.0004575132
      148.0000000000        0.0004818504
      149.0000000000        0.0004418885
      150.0000000000        0.0004322584
      151.0000000000        0.0004276518
      152.0000000000        0.0004164063
      153.0000000000        0.0003966451
      154.0000000000        0.0004009441
      155.0000000000        0.0003617455
      156.0000000000        0.0003334265
      157.0000000000        0.0003350016
      158.0000000000        0.0002755541
      159.0000000000        0.0002851128
      160.0000000000        0.0003050863
      161.0000000000        0.0003102758
      162.0000000000        0.0003061904
      163.0000000000        0.0002907536
      164.0000000000        0.0003187182
      165.0000000000        0.0002923673
      166.0000000000        0.0002484041
      167.0000000000        0.0002475159
      168.0000000000        0.0002578859
      169.0000000000        0.0002749029
      170.0000000000        0.0002468700
      171.0000000000        0.0002649884
      172.0000000000        0.0002636221
      173.0000000000        0.0002517931
      174.0000000000        0.0002308799
      175.0000000000        0.0002279113
      176.0000000000        0.0002073975
      177.0000000000        0.0002179782
      178.0000000000        0.0001696328
      179.0000000000        0.0001875238
      180.0000000000        0.0001903246
      181.0000000000        0.0001448210
      182.0000000000        0.0001933338
      183.0000000000        0.0001843992
      184.0000000000        0.0001530431
      185.0000000000        0.0001041206
      186.0000000000        0.0001046582
      187.0000000000        0.0001515863
      188.0000000000        0.0000829534
      189.0000000000        0.0000723711
      190.0000000000        0.0000729955
      191.0000000000        0.0001385312
      192.0000000000        0.0001071503
      193.0000000000        0.0001266436
      194.0000000000        0.0001200827
      195.0000000000        0.0001318217
      196.0000000000        0.0001363147
      197.0000000000        0.0001234746
      198.0000000000        0.0000902657
      199.0000000000        0.0001156141
      200.0000000000        0.0001207087
      201.0000000000        0.0001208101
      202.0000000000        0.0001255880
      203.0000000000        0.0001200351
      204.0000000000        0.0001214012
      205.0000000000        0.0001305320
      206.0000000000        0.0000960961
      207.0000000000        0.0000991008
      208.0000000000        0.0000555524
      209.0000000000        0.0000957084
      210.0000000000        0.0000646343
      211.0000000000        0.0000660027
      212.0000000000        0.0000552078
      213.0000000000        0.0000375956
      214.0000000000        0.0000471682
      215.0000000000        0.0000565976
      216.0000000000        0.0000591186
      217.0000000000        0.0000431946
      218.0000000000        0.0000488798
      219.0000000000        0.0000359780
      220.0000000000        0.0000305167
      221.0000000000        0.0000431188
      222.0000000000        0.0000357533
      223.0000000000        0.0000392669
      224.0000000000        0.0000261748
      225.0000000000        0.0000356952
      226.0000000000        0.0000366401
      227.0000000000        0.0000251283
      228.0000000000        0.0000076474
      229.0000000000       -0.0000298131
      230.0000000000       -0.0000532617
      231.0000000000        0.0000137199
      232.0000000000       -0.0000183949
      233.0000000000       -0.0000196422
      234.0000000000       -0.0000186177
      235.0000000000       -0.0000139916
      236.0000000000       -0.0000154768
      237.0000000000       -0.0000322429
      238.0000000000       -0.0000397033
      239.0000000000       -0.0000417878
      240.0000000000       -0.0000268936
      241.0000000000       -0.0000326048
      242.0000000000       -0.0000402845
      243.0000000000        0.0000021687
      244.0000000000       -0.0000253868
      245.0000000000        0.0000001631
      246.0000000000        0.0000192688
      247.0000000000        0.0000103644
      248.0000000000        0.0000032420
      249.0000000000        0.0000101312
      250.0000000000       -0.0000058486
      251.0000000000       -0.0000362202
      252.0000000000        0.0000004899
      253.0000000000       -0.0000239432
      254.0000000000       -0.0000232349
      255.0000000000       -0.0000434952
      256.0000000000       -0.0000406664
