        0.0000000000        0.0318368951
        1.0000000000        0.0134195713
        2.0000000000        0.0093208475
        3.0000000000        0.0072812365
        4.0000000000        0.0059517425
        5.0000000000        0.0050142788
        6.0000000000        0.0042819497
        7.0000000000        0.0037151282
        8.0000000000        0.0032664519
        9.0000000000        0.0028845316
       10.0000000000        0.0025566091
       11.0000000000        0.0022780308
       12.0000000000        0.0020883154
       13.0000000000        0.0019186755
       14.0000000000        0.0017662874
       15.0000000000        0.0016481266
       16.0000000000        0.0015095705
       17.0000000000        0.0013885336
       18.0000000000        0.0013110492
       19.0000000000        0.0012270301
       20.0000000000        0.0011609906
       21.0000000000        0.0010983899
       22.0000000000        0.0010291142
       23.0000000000        0.0009697225
       24.0000000000        0.0008909917
       25.0000000000        0.0008612269
       26.0000000000        0.0008482152
       27.0000000000        0.0007675947
       28.0000000000        0.0007249876
       29.0000000000        0.0006878216
       30.0000000000        0.0006485296
       31.0000000000        0.0006096080
       32.0000000000        0.0005804571
       33.0000000000        0.0005401799
       34.0000000000        0.0005273819
       35.0000000000        0.0005012492
       36.0000000000        0.0004383653
       37.0000000000        0.0004257752
       38.0000000000        0.0003985644
       39.0000000000        0.0004295755
       40.0000000000        0.0004208159
       41.0000000000        0.0003972173
       42.0000000000        0.0003872588
       43.0000000000        0.0003598619
       44.0000000000        0.0003658399
       45.0000000000        0.0003527511
       46.0000000000        0.0003726667
       47.0000000000        0.0003515835
       48.0000000000        0.0003144071
       49.0000000000        0.0002993172
       50.0000000000        0.0002832517
       51.0000000000        0.0002481282
       52.0000000000        0.0002069310
       53.0000000000        0.0002417079
       54.0000000000        0.0002305013
       55.0000000000        0.0002104828
       56.0000000000        0.0002303983
       57.0000000000        0.0002168753
       58.0000000000        0.0002186145
       59.0000000000        0.0002084555
       60.0000000000        0.0002023908
       61.0000000000        0.0001533285
       62.0000000000        0.0001457695
       63.0000000000        0.0001672384
       64.0000000000        0.0001700845
       65.0000000000        0.0001682243
       66.0000000000        0.0001405973
       67.0000000000        0.0001395303
       68.0000000000        0.0001426112
       69.0000000000        0.0001552035
       70.0000000000        0.0001257389
       71.0000000000        0.0001026620
       72.0000000000        0.0001164773
       73.0000000000        0.0001125494
       74.0000000000        0.0001033610
       75.0000000000        0.0001136302
       76.0000000000        0.0001143564
       77.0000000000        0.0001035185
       78.0000000000        0.0000797562
       79.0000000000        0.0001068492
       80.0000000000        0.0000686091
       81.0000000000        0.0000339222
       82.0000000000        0.0000370709
       83.0000000000        0.0000467032
       84.0000000000        0.0000602285
       85.0000000000        0.0000528733
       86.0000000000        0.0000398543
       87.0000000000        0.0000562880
       88.0000000000        0.0000609798
       89.0000000000        0.0000710514
       90.0000000000        0.0000815309
       91.0000000000        0.0000957144
       92.0000000000        0.0000693138
       93.0000000000        0.0000363494
       94.0000000000        0.0000468829
       95.0000000000        0.0000235872
       96.0000000000        0.0000036957
       97.0000000000        0.0000267154
       98.0000000000        0.0000383576
       99.0000000000       -0.0000014017
      100.0000000000        0.0000012440
      101.0000000000        0.0000193659
      102.0000000000        0.0000179270
      103.0000000000        0.0000078455
      104.0000000000        0.0000191649
      105.0000000000        0.0000445833
      106.0000000000        0.0000462644
      107.0000000000        0.0000566332
      108.0000000000        0.0000269823
      109.0000000000        0.0000469230
      110.0000000000        0.0000545516
      111.0000000000        0.0000599956
      112.0000000000        0.0000738969
      113.0000000000        0.0000823297
      114.0000000000        0.0000550798
      115.0000000000        0.0000198021
      116.0000000000        0.0000546935
      117.0000000000        0.0000385012
      118.0000000000        0.0000427817
      119.0000000000        0.0000176268
      120.0000000000       -0.0000130485
      121.0000000000        0.0000251336
      122.0000000000        0.0000312873
      123.0000000000       -0.0000118230
      124.0000000000       -0.0000206578
      125.0000000000       -0.0000123764
      126.0000000000       -0.0000053827
      127.0000000000       -0.0000220767
      128.0000000000        0.0000030550
