        0.0000000000        0.0341052529
        1.0000000000        0.0153219850
        2.0000000000        0.0104923704
        3.0000000000        0.0077974257
        4.0000000000        0.0060409753
        5.0000000000        0.0048420207
        6.0000000000        0.0040048756
        7.0000000000        0.0033784612
        8.0000000000        0.0029206138
        9.0000000000        0.0025456501
       10.0000000000        0.0022505333
       11.0000000000        0.0020208570
       12.0000000000        0.0018360458
       13.0000000000        0.0016777935
       14.0000000000        0.0015405056
       15.0000000000        0.0014387604
       16.0000000000        0.0013392342
       17.0000000000        0.0012401587
       18.0000000000        0.0011354187
       19.0000000000        0.0010572501
       20.0000000000        0.0010116086
       21.0000000000        0.0009579466
       22.0000000000        0.0009059511
       23.0000000000        0.0008600620
       24.0000000000        0.0008092238
       25.0000000000        0.0007736302
       26.0000000000        0.0007306384
       27.0000000000        0.0006852007
       28.0000000000        0.0006589618
       29.0000000000        0.0006178980
       30.0000000000        0.0005777931
       31.0000000000        0.0005623100
       32.0000000000        0.0005383924
       33.0000000000        0.0005203337
       34.0000000000        0.0004949685
       35.0000000000        0.0004751396
       36.0000000000        0.0004564770
       37.0000000000        0.0004278700
       38.0000000000        0.0004002273
       39.0000000000        0.0004044675
       40.0000000000        0.0003770611
       41.0000000000        0.0003478737
       42.0000000000        0.0003570971
       43.0000000000        0.0003470923
       44.0000000000        0.0003471424
       45.0000000000        0.0003229327
       46.0000000000        0.0003169581
       47.0000000000        0.0002978798
       48.0000000000        0.0002779966
       49.0000000000        0.0002617336
       50.0000000000        0.0002492559
       51.0000000000        0.0002333089
       52.0000000000        0.0002171066
       53.0000000000        0.0002238632
       54.0000000000        0.0002185285
       55.0000000000        0.0002216069
       56.0000000000        0.0002360539
       57.0000000000        0.0002182980
       58.0000000000        0.0001955384
       59.0000000000        0.0001949715
       60.0000000000        0.0001825460
       61.0000000000        0.0001580287
       62.0000000000        0.0001663076
       63.0000000000        0.0001695698
       64.0000000000        0.0001503430
       65.0000000000        0.0001423942
       66.0000000000        0.0001416017
       67.0000000000        0.0001266704
       68.0000000000        0.0001157152
       69.0000000000        0.0001329729
       70.0000000000        0.0001233989
       71.0000000000        0.0001062370
       72.0000000000        0.0001190476
       73.0000000000        0.0001125114
       74.0000000000        0.0000893421
       75.0000000000        0.0000943293
       76.0000000000        0.0000886770
       77.0000000000        0.0000829012
       78.0000000000        0.0000686378
       79.0000000000        0.0000690482
       80.0000000000        0.0000693388
       81.0000000000        0.0000469570
       82.0000000000        0.0000573978
       83.0000000000        0.0000495545
       84.0000000000        0.0000408439
       85.0000000000        0.0000445811
       86.0000000000        0.0000495345
       87.0000000000        0.0000539490
       88.0000000000        0.0000486486
       89.0000000000        0.0000519333
       90.0000000000        0.0000602682
       91.0000000000        0.0000693849
       92.0000000000        0.0000615944
       93.0000000000        0.0000564077
       94.0000000000        0.0000495373
       95.0000000000        0.0000304088
       96.0000000000        0.0000222644
       97.0000000000        0.0000226974
       98.0000000000        0.0000227378
       99.0000000000        0.0000081418
      100.0000000000        0.0000102200
      101.0000000000        0.0000198953
      102.0000000000        0.0000231031
      103.0000000000        0.0000220951
      104.0000000000        0.0000251290
      105.0000000000        0.0000333273
      106.0000000000        0.0000264622
      107.0000000000        0.0000210643
      108.0000000000       -0.0000081841
      109.0000000000        0.0000071694
      110.0000000000        0.0000133965
      111.0000000000        0.0000150142
      112.0000000000        0.0000184602
      113.0000000000        0.0000286484
      114.0000000000        0.0000082681
      115.0000000000        0.0000258345
      116.0000000000        0.0000323198
      117.0000000000        0.0000236371
      118.0000000000        0.0000125846
      119.0000000000       -0.0000078275
      120.0000000000        0.0000131726
      121.0000000000        0.0000244796
      122.0000000000        0.0000185788
      123.0000000000        0.0000186303
      124.0000000000        0.0000071188
      125.0000000000        0.0000049107
      126.0000000000        0.0000056612
      127.0000000000        0.0000015498
      128.0000000000        0.0000138448
