        0.0000000000        0.0221922579
        1.0000000000        0.0064916940
        2.0000000000        0.0039110703
        3.0000000000        0.0028822947
        4.0000000000        0.0023213613
        5.0000000000        0.0019527909
        6.0000000000        0.0016884100
        7.0000000000        0.0014929879
        8.0000000000        0.0013379880
        9.0000000000        0.0012130873
       10.0000000000        0.0011090376
       11.0000000000        0.0010224856
       12.0000000000        0.0009457099
       13.0000000000        0.0008770859
       14.0000000000        0.0008174383
       15.0000000000        0.0007636098
       16.0000000000        0.0007198397
       17.0000000000        0.0006750643
       18.0000000000        0.0006365400
       19.0000000000        0.0006039895
       20.0000000000        0.0005683281
       21.0000000000        0.0005381931
       22.0000000000        0.0005134477
       23.0000000000        0.0004852196
       24.0000000000        0.0004667417
       25.0000000000        0.0004381490
       26.0000000000        0.0004184455
       27.0000000000        0.0003999476
       28.0000000000        0.0003780956
       29.0000000000        0.0003639932
       30.0000000000        0.0003431242
       31.0000000000        0.0003282000
       32.0000000000        0.0003172534
       33.0000000000        0.0003033553
       34.0000000000        0.0002863760
       35.0000000000        0.0002796486
       36.0000000000        0.0002669879
       37.0000000000        0.0002543430
       38.0000000000        0.0002460758
       39.0000000000        0.0002314614
       40.0000000000        0.0002242118
       41.0000000000        0.0002152847
       42.0000000000        0.0002061642
       43.0000000000        0.0001985237
       44.0000000000        0.0001903521
       45.0000000000        0.0001813096
       46.0000000000        0.0001730530
       47.0000000000        0.0001690331
       48.0000000000        0.0001587473
       49.0000000000        0.0001617724
       50.0000000000        0.0001491357
       51.0000000000        0.0001389269
       52.0000000000        0.0001355455
       53.0000000000        0.0001311071
       54.0000000000        0.0001275761
       55.0000000000        0.0001201528
       56.0000000000        0.0001143881
       57.0000000000        0.0001104151
       58.0000000000        0.0001067075
       59.0000000000        0.0001047029
       60.0000000000        0.0000976026
       61.0000000000        0.0000981332
       62.0000000000        0.0000893387
       63.0000000000        0.0000831280
       64.0000000000        0.0000807202
       65.0000000000        0.0000779329
       66.0000000000        0.0000751883
       67.0000000000        0.0000724895
       68.0000000000        0.0000713402
       69.0000000000        0.0000665314
       70.0000000000        0.0000615449
       71.0000000000        0.0000584622
       72.0000000000        0.0000539914
       73.0000000000        0.0000545784
       74.0000000000        0.0000524326
       75.0000000000        0.0000491651
       76.0000000000        0.0000450272
       77.0000000000        0.0000444754
       78.0000000000        0.0000406526
       79.0000000000        0.0000396296
       80.0000000000        0.0000341308
       81.0000000000        0.0000286765
       82.0000000000        0.0000324400
       83.0000000000        0.0000359312
       84.0000000000        0.0000297527
       85.0000000000        0.0000327464
       86.0000000000        0.0000263297
       87.0000000000        0.0000238985
       88.0000000000        0.0000199080
       89.0000000000        0.0000249964
       90.0000000000        0.0000246526
       91.0000000000        0.0000219306
       92.0000000000        0.0000217296
       93.0000000000        0.0000200208
       94.0000000000        0.0000160977
       95.0000000000        0.0000126720
       96.0000000000        0.0000137817
       97.0000000000        0.0000121019
       98.0000000000        0.0000111887
       99.0000000000        0.0000084081
      100.0000000000        0.0000067447
      101.0000000000        0.0000041753
      102.0000000000        0.0000057810
      103.0000000000        0.0000073592
      104.0000000000        0.0000083098
      105.0000000000        0.0000011134
      106.0000000000        0.0000040396
      107.0000000000        0.0000047446
      108.0000000000        0.0000031431
      109.0000000000        0.0000025984
      110.0000000000        0.0000016018
      111.0000000000       -0.0000043050
      112.0000000000        0.0000000282
      113.0000000000        0.0000003163
      114.0000000000        0.0000014431
      115.0000000000        0.0000035639
      116.0000000000        0.0000049388
      117.0000000000        0.0000015263
      118.0000000000       -0.0000023632
      119.0000000000       -0.0000017890
      120.0000000000       -0.0000034988
      121.0000000000       -0.0000005486
      122.0000000000       -0.0000011309
      123.0000000000       -0.0000063321
      124.0000000000       -0.0000043289
      125.0000000000       -0.0000056074
      126.0000000000       -0.0000054333
      127.0000000000       -0.0000079381
      128.0000000000       -0.0000084260
