     -255.0000000000       -0.0005428094       -0.0005407849       -0.0005044890       -0.0005283735       -0.0004744740       -0.0004022826       -0.0004498091       -0.0004200666
     -254.0000000000       -0.0005277081       -0.0005465149       -0.0005063401       -0.0005015090       -0.0004856619       -0.0003748700       -0.0004274324       -0.0003998365
     -253.0000000000       -0.0005458381       -0.0005274994       -0.0005007810       -0.0004922552       -0.0004924722       -0.0004097852       -0.0004086999       -0.0003949608
     -252.0000000000       -0.0005309312       -0.0005377617       -0.0005102797       -0.0004957668       -0.0004798675       -0.0004488829       -0.0004140485       -0.0003995446
     -251.0000000000       -0.0005126335       -0.0005674109       -0.0005307666       -0.0005037675       -0.0004841629       -0.0004602705       -0.0003988895       -0.0003999029
     -250.0000000000       -0.0005256861       -0.0005591389       -0.0005392769       -0.0005213099       -0.0004912213       -0.0004338539       -0.0004025659       -0.0003751687
     -249.0000000000       -0.0005255794       -0.0005781421       -0.0005617566       -0.0005227954       -0.0005282985       -0.0004630487       -0.0004185631       -0.0003678849
     -248.0000000000       -0.0005242880       -0.0005396844       -0.0005756856       -0.0005268718       -0.0005266590       -0.0004659892       -0.0004111545       -0.0003880394
     -247.0000000000       -0.0005124273       -0.0005035061       -0.0005480919       -0.0005061969       -0.0004980462       -0.0004375422       -0.0004387828       -0.0004010402
     -246.0000000000       -0.0005065034       -0.0004766801       -0.0005329839       -0.0005009280       -0.0004631524       -0.0004548107       -0.0004319182       -0.0004038195
     -245.0000000000       -0.0005401409       -0.0004992157       -0.0005272943       -0.0004756369       -0.0004505577       -0.0004505238       -0.0004150494       -0.0004087156
     -244.0000000000       -0.0005379056       -0.0005322222       -0.0005164506       -0.0004912018       -0.0004811816       -0.0004484024       -0.0004116747       -0.0004072523
     -243.0000000000       -0.0005353641       -0.0005386701       -0.0005090858       -0.0004983274       -0.0005080896       -0.0004609106       -0.0004567114       -0.0004046899
     -242.0000000000       -0.0005515373       -0.0005428867       -0.0005487046       -0.0005126839       -0.0004824684       -0.0004810223       -0.0004574489       -0.0003964709
     -241.0000000000       -0.0005270885       -0.0005108352       -0.0005558200       -0.0005235716       -0.0004901937       -0.0004546670       -0.0004595422       -0.0003995620
     -240.0000000000       -0.0005266292       -0.0005280501       -0.0005399118       -0.0005042138       -0.0004917951       -0.0004806568       -0.0004121676       -0.0003997906
     -239.0000000000       -0.0005533750       -0.0005552700       -0.0005240565       -0.0004928403       -0.0004895853       -0.0005024577       -0.0004048838       -0.0003826227
     -238.0000000000       -0.0005390386       -0.0005557086       -0.0005187686       -0.0004825060       -0.0004878059       -0.0004748917       -0.0003850287       -0.0003584044
     -237.0000000000       -0.0005287079       -0.0005362973       -0.0005291365       -0.0005010346       -0.0005033466       -0.0004239318       -0.0003993612       -0.0003416037
     -236.0000000000       -0.0005679219       -0.0005315125       -0.0005452009       -0.0005295799       -0.0005236031       -0.0004115370       -0.0003834098       -0.0003634168
     -235.0000000000       -0.0005758633       -0.0005305508       -0.0005292997       -0.0005177092       -0.0004941378       -0.0004445122       -0.0004138078       -0.0003973511
     -234.0000000000       -0.0005350372       -0.0005154754       -0.0005458489       -0.0005178977       -0.0004823479       -0.0004459172       -0.0004501087       -0.0004099113
     -233.0000000000       -0.0005481663       -0.0005166325       -0.0005219155       -0.0005202739       -0.0004457171       -0.0004398470       -0.0004146042       -0.0004212719
     -232.0000000000       -0.0005616190       -0.0005353373       -0.0005275851       -0.0005275065       -0.0004739769       -0.0004123246       -0.0004077511       -0.0004003522
     -231.0000000000       -0.0005387670       -0.0005362234       -0.0005441215       -0.0005307925       -0.0004873309       -0.0004368724       -0.0004070726       -0.0003797184
     -230.0000000000       -0.0005279995       -0.0005437475       -0.0005439583       -0.0005783130       -0.0004873799       -0.0004468738       -0.0004490697       -0.0004036559
     -229.0000000000       -0.0005349002       -0.0005315514       -0.0005419254       -0.0005338744       -0.0004790534       -0.0004463544       -0.0004515241       -0.0003952080
     -228.0000000000       -0.0004953557       -0.0005282737       -0.0005391866       -0.0005091861       -0.0004531300       -0.0004544410       -0.0004195904       -0.0003563818
     -227.0000000000       -0.0005276005       -0.0005431348       -0.0005261542       -0.0004756033       -0.0004797868       -0.0004710406       -0.0004659698       -0.0003868003
     -226.0000000000       -0.0005566246       -0.0005365374       -0.0004897524       -0.0004668510       -0.0005091900       -0.0004855345       -0.0004951765       -0.0004129336
     -225.0000000000       -0.0005522874       -0.0005318479       -0.0004798993       -0.0004527983       -0.0005119249       -0.0004762875       -0.0004856043       -0.0004266481
     -224.0000000000       -0.0005363674       -0.0005276580       -0.0005169574       -0.0004839068       -0.0004968530       -0.0004387566       -0.0004273995       -0.0004344385
     -223.0000000000       -0.0005611048       -0.0005225890       -0.0005080457       -0.0004909661       -0.0004905031       -0.0004378784       -0.0004172984       -0.0003949011
     -222.0000000000       -0.0005721779       -0.0005335176       -0.0004917491       -0.0004761650       -0.0004743570       -0.0004538739       -0.0004044513       -0.0003675419
     -221.0000000000       -0.0005572151       -0.0005304258       -0.0004945037       -0.0004821849       -0.0004798807       -0.0004912179       -0.0003875120       -0.0003578886
     -220.0000000000       -0.0005723799       -0.0005327959       -0.0005110777       -0.0005049920       -0.0004785151       -0.0004870944       -0.0004257159       -0.0003767875
     -219.0000000000       -0.0005633246       -0.0005110799       -0.0005109121       -0.0005028178       -0.0004536780       -0.0004788343       -0.0003976487       -0.0003354402
     -218.0000000000       -0.0005327542       -0.0004973777       -0.0005241682       -0.0005053661       -0.0004746691       -0.0004866651       -0.0003746704       -0.0003189240
     -217.0000000000       -0.0005668991       -0.0005168224       -0.0004994456       -0.0005181383       -0.0004881037       -0.0004753294       -0.0003987585       -0.0003447899
     -216.0000000000       -0.0005956700       -0.0005354407       -0.0005055929       -0.0005189723       -0.0004718753       -0.0004654539       -0.0003900543       -0.0003901007
     -215.0000000000       -0.0005649466       -0.0005234037       -0.0005616019       -0.0005166554       -0.0004705255       -0.0004467489       -0.0003633329       -0.0003635565
     -214.0000000000       -0.0005685440       -0.0005067185       -0.0005476960       -0.0005151516       -0.0004679611       -0.0004319211       -0.0003716463       -0.0003721960
     -213.0000000000       -0.0005580706       -0.0005541553       -0.0005024684       -0.0005066580       -0.0004565246       -0.0004122119       -0.0003964108       -0.0004080921
     -212.0000000000       -0.0005328852       -0.0005514855       -0.0004682414       -0.0004834218       -0.0004735548       -0.0004444199       -0.0003683988       -0.0004041954
     -211.0000000000       -0.0005209646       -0.0005375578       -0.0004976189       -0.0004860517       -0.0004941317       -0.0004105064       -0.0003838070       -0.0003922344
     -210.0000000000       -0.0005030213       -0.0005451032       -0.0005066720       -0.0005161602       -0.0004731661       -0.0004296591       -0.0004170183       -0.0003794810
     -209.0000000000       -0.0005049687       -0.0005281762       -0.0005224441       -0.0004782703       -0.0004974591       -0.0004507171       -0.0004071729       -0.0003865786
     -208.0000000000       -0.0005360001       -0.0005019034       -0.0005333593       -0.0004783888       -0.0005246942       -0.0004410240       -0.0003963858       -0.0003722064
     -207.0000000000       -0.0005723795       -0.0005132150       -0.0005093094       -0.0004792660       -0.0005328413       -0.0004614368       -0.0004005599       -0.0003500580
     -206.0000000000       -0.0005437282       -0.0005134665       -0.0005286877       -0.0004948456       -0.0005230376       -0.0004564921       -0.0004150914       -0.0003616936
     -205.0000000000       -0.0005315559       -0.0005172757       -0.0005372960       -0.0005281612       -0.0005243664       -0.0004527847       -0.0004226689       -0.0003410236
     -204.0000000000       -0.0005254806       -0.0005231300       -0.0005150547       -0.0004946113       -0.0004810899       -0.0004311905       -0.0004286045       -0.0003450131
     -203.0000000000       -0.0005376803       -0.0005322912       -0.0005193285       -0.0004807854       -0.0004765369       -0.0004535259       -0.0004321320       -0.0003821902
     -202.0000000000       -0.0005339301       -0.0005678913       -0.0005644596       -0.0004907224       -0.0004812939       -0.0004463112       -0.0004039671       -0.0003663264
     -201.0000000000       -0.0005025289       -0.0005805935       -0.0005458357       -0.0004872053       -0.0004817283       -0.0004263158       -0.0003959111       -0.0003331097
     -200.0000000000       -0.0005190689       -0.0005322534       -0.0005473060       -0.0004960164       -0.0005100070       -0.0004441816       -0.0003627301       -0.0003147371
     -199.0000000000       -0.0005135798       -0.0005241082       -0.0005585161       -0.0005090142       -0.0004820574       -0.0004247203       -0.0003766410       -0.0003278570
     -198.0000000000       -0.0005338714       -0.0005303911       -0.0005474247       -0.0004964313       -0.0004619911       -0.0004168274       -0.0004060609       -0.0003417188
     -197.0000000000       -0.0005448727       -0.0005206891       -0.0005564558       -0.0004973495       -0.0004448338       -0.0004237413       -0.0004160514       -0.0003465186
     -196.0000000000       -0.0005462575       -0.0005428106       -0.0005217529       -0.0005075028       -0.0004369098       -0.0004101950       -0.0003998107       -0.0003237090
     -195.0000000000       -0.0005650180       -0.0005610167       -0.0005252819       -0.0005051732       -0.0004193295       -0.0003976002       -0.0003836956       -0.0003486626
     -194.0000000000       -0.0005368994       -0.0005374156       -0.0005203402       -0.0004802034       -0.0004240911       -0.0004013733       -0.0003729449       -0.0003870975
     -193.0000000000       -0.0005383794       -0.0005432130       -0.0005204823       -0.0004929189       -0.0004495768       -0.0003927977       -0.0003868662       -0.0003931370
     -192.0000000000       -0.0005108970       -0.0005014425       -0.0005040085       -0.0004896444       -0.0004614667       -0.0004237673       -0.0003889893       -0.0003574574
     -191.0000000000       -0.0005195440       -0.0004916889       -0.0005175654       -0.0004796108       -0.0004331648       -0.0004223684       -0.0004014946       -0.0003491720
     -190.0000000000       -0.0005403392       -0.0005072969       -0.0005281626       -0.0004764570       -0.0004514954       -0.0003987729       -0.0003837714       -0.0003490347
     -189.0000000000       -0.0005730079       -0.0005200560       -0.0005038796       -0.0004722095       -0.0004862899       -0.0003940095       -0.0003568671       -0.0003594442
     -188.0000000000       -0.0005624064       -0.0005434399       -0.0004785017       -0.0004557694       -0.0004727763       -0.0003939977       -0.0003761434       -0.0003603247
     -187.0000000000       -0.0005488824       -0.0005320174       -0.0004805003       -0.0004682983       -0.0004409855       -0.0003987939       -0.0003587392       -0.0003386635
     -186.0000000000       -0.0005128055       -0.0005269867       -0.0005138345       -0.0004478593       -0.0004253566       -0.0004193311       -0.0003547748       -0.0003437087
     -185.0000000000       -0.0005147706       -0.0005362066       -0.0005295372       -0.0004171559       -0.0004249311       -0.0004209371       -0.0003781376       -0.0003483546
     -184.0000000000       -0.0005112098       -0.0005537154       -0.0005067955       -0.0004348519       -0.0004449458       -0.0004455792       -0.0003873028       -0.0003392010
     -183.0000000000       -0.0005271165       -0.0005374769       -0.0005115270       -0.0004456309       -0.0004493212       -0.0004382084       -0.0003774223       -0.0003169106
     -182.0000000000       -0.0005588129       -0.0005421883       -0.0005401876       -0.0004700495       -0.0004472229       -0.0004240165       -0.0003475083       -0.0003035840
     -181.0000000000       -0.0005672727       -0.0005469394       -0.0005464391       -0.0004909277       -0.0004271032       -0.0003854846       -0.0003640099       -0.0002829333
     -180.0000000000       -0.0005125046       -0.0005340212       -0.0005139354       -0.0004791700       -0.0004057175       -0.0004017559       -0.0003753124       -0.0002906126
     -179.0000000000       -0.0005056222       -0.0005334166       -0.0005015044       -0.0004888300       -0.0004096287       -0.0003868878       -0.0003586548       -0.0003042124
     -178.0000000000       -0.0005542169       -0.0005567175       -0.0004840860       -0.0004920988       -0.0004517244       -0.0003607913       -0.0003496151       -0.0003064538
     -177.0000000000       -0.0005563750       -0.0005343286       -0.0004817613       -0.0004970212       -0.0004646701       -0.0004002442       -0.0003490319       -0.0003270464
     -176.0000000000       -0.0005279051       -0.0005171241       -0.0004977173       -0.0005116537       -0.0004321279       -0.0004086932       -0.0003188257       -0.0003287646
     -175.0000000000       -0.0005511412       -0.0005336762       -0.0004754428       -0.0004799670       -0.0004204391       -0.0003740825       -0.0003232575       -0.0003347764
     -174.0000000000       -0.0005736922       -0.0005114840       -0.0004736641       -0.0004609823       -0.0004081919       -0.0004019058       -0.0003142484       -0.0003256373
     -173.0000000000       -0.0005443187       -0.0004715538       -0.0004857015       -0.0004944401       -0.0004116035       -0.0004063793       -0.0003142814       -0.0002861774
     -172.0000000000       -0.0005537635       -0.0004774810       -0.0004986151       -0.0005144948       -0.0003971683       -0.0003777289       -0.0002998233       -0.0002469824
     -171.0000000000       -0.0005708041       -0.0004946962       -0.0004983459       -0.0004783521       -0.0003917730       -0.0003746110       -0.0003073770       -0.0002594308
     -170.0000000000       -0.0005679054       -0.0004843985       -0.0004817608       -0.0004696465       -0.0004016384       -0.0003724475       -0.0003095477       -0.0002554235
     -169.0000000000       -0.0005354429       -0.0005068495       -0.0004815225       -0.0004969294       -0.0004153055       -0.0003429700       -0.0003363823       -0.0002446811
     -168.0000000000       -0.0005346659       -0.0005409520       -0.0004964099       -0.0004735770       -0.0004268164       -0.0003421009       -0.0003766095       -0.0002505512
     -167.0000000000       -0.0005403876       -0.0005093293       -0.0004975102       -0.0004496748       -0.0004175679       -0.0003591147       -0.0003559146       -0.0002395517
     -166.0000000000       -0.0005228210       -0.0005250954       -0.0005141286       -0.0004284894       -0.0004084432       -0.0003641811       -0.0003433261       -0.0002697170
     -165.0000000000       -0.0005244218       -0.0005410548       -0.0005454760       -0.0004323755       -0.0003973195       -0.0003594160       -0.0003239974       -0.0003229519
     -164.0000000000       -0.0005441365       -0.0005646748       -0.0005381865       -0.0004117785       -0.0003852945       -0.0003371592       -0.0003006905       -0.0002902093
     -163.0000000000       -0.0005546596       -0.0005501865       -0.0005208037       -0.0003829940       -0.0003533933       -0.0003080336       -0.0003063575       -0.0002582035
     -162.0000000000       -0.0005150357       -0.0005195604       -0.0004918364       -0.0003808843       -0.0003620229       -0.0002928347       -0.0002641148       -0.0002492221
     -161.0000000000       -0.0005207873       -0.0004895593       -0.0004797300       -0.0003771494       -0.0003619341       -0.0002687833       -0.0002903914       -0.0002521991
     -160.0000000000       -0.0005311893       -0.0004882188       -0.0004937321       -0.0004108803       -0.0003924360       -0.0002920671       -0.0002829045       -0.0002149685
     -159.0000000000       -0.0005461672       -0.0004845909       -0.0004842460       -0.0004194574       -0.0003790113       -0.0003287639       -0.0002564083       -0.0002191967
     -158.0000000000       -0.0005556082       -0.0004787434       -0.0004386212       -0.0004238855       -0.0003334561       -0.0003398699       -0.0002691296       -0.0002199750
     -157.0000000000       -0.0005451814       -0.0004762522       -0.0004158371       -0.0004192523       -0.0003072141       -0.0003401564       -0.0002703978       -0.0002222844
     -156.0000000000       -0.0005374175       -0.0004966059       -0.0004643119       -0.0004255544       -0.0002814940       -0.0003362253       -0.0002828429       -0.0001897001
     -155.0000000000       -0.0005327002       -0.0005306728       -0.0004853994       -0.0004599642       -0.0002956776       -0.0002921860       -0.0002433935       -0.0001901149
     -154.0000000000       -0.0005385717       -0.0005326262       -0.0004369461       -0.0004525658       -0.0003295036       -0.0002898297       -0.0002083245       -0.0002004780
     -153.0000000000       -0.0005272739       -0.0005096891       -0.0004353531       -0.0004221733       -0.0003444235       -0.0003074574       -0.0002211002       -0.0001984807
     -152.0000000000       -0.0005200232       -0.0005288002       -0.0004466652       -0.0004020199       -0.0003422202       -0.0003081935       -0.0002552860       -0.0001875750
     -151.0000000000       -0.0005083101       -0.0005536085       -0.0004459797       -0.0004111459       -0.0003361541       -0.0002993312       -0.0002539262       -0.0001951750
     -150.0000000000       -0.0004995970       -0.0005442054       -0.0004481732       -0.0003774838       -0.0003253987       -0.0003120015       -0.0002300187       -0.0001963299
     -149.0000000000       -0.0005053896       -0.0005725666       -0.0004663021       -0.0003626097       -0.0003471856       -0.0003026679       -0.0002243807       -0.0001420865
     -148.0000000000       -0.0005135652       -0.0005783732       -0.0004724729       -0.0003675134       -0.0003813200       -0.0002941977       -0.0002432619       -0.0001115558
     -147.0000000000       -0.0005257832       -0.0005291713       -0.0004956624       -0.0003748184       -0.0003587997       -0.0002559300       -0.0002414364       -0.0001233677
     -146.0000000000       -0.0005241142       -0.0005104538       -0.0005263551       -0.0003811906       -0.0003522803       -0.0002102661       -0.0002046708       -0.0001528718
     -145.0000000000       -0.0005192345       -0.0005139007       -0.0004922682       -0.0003711240       -0.0003297728       -0.0002157745       -0.0001853576       -0.0001671701
     -144.0000000000       -0.0005215511       -0.0005083027       -0.0004652853       -0.0003802255       -0.0003215399       -0.0002636804       -0.0001971780       -0.0001763954
     -143.0000000000       -0.0005121667       -0.0004869617       -0.0004499281       -0.0003985632       -0.0003157850       -0.0002713731       -0.0002079953       -0.0001761246
     -142.0000000000       -0.0005115580       -0.0004864996       -0.0004429762       -0.0004141880       -0.0002832711       -0.0002730077       -0.0002003575       -0.0001635093
     -141.0000000000       -0.0005319905       -0.0004864918       -0.0004380725       -0.0003866594       -0.0002565213       -0.0002320098       -0.0002159023       -0.0001674351
     -140.0000000000       -0.0005340946       -0.0004938349       -0.0004450707       -0.0003730652       -0.0002440333       -0.0002231989       -0.0002128173       -0.0001480101
     -139.0000000000       -0.0004983770       -0.0004913020       -0.0004444523       -0.0003728445       -0.0002607451       -0.0002133992       -0.0002058037       -0.0001451122
     -138.0000000000       -0.0004869432       -0.0005146899       -0.0004206209       -0.0003678145       -0.0002462282       -0.0002242922       -0.0001707488       -0.0001235635
     -137.0000000000       -0.0005220178       -0.0005353846       -0.0004075960       -0.0003583430       -0.0002806684       -0.0002257065       -0.0001592376       -0.0001197581
     -136.0000000000       -0.0005421773       -0.0005386853       -0.0004396506       -0.0003606255       -0.0002910729       -0.0002016256       -0.0001646040       -0.0001118948
     -135.0000000000       -0.0005606728       -0.0005185380       -0.0004775274       -0.0003461302       -0.0003077453       -0.0002075570       -0.0001555058       -0.0001262464
     -134.0000000000       -0.0005874503       -0.0004984370       -0.0004543638       -0.0003235581       -0.0002959317       -0.0002113022       -0.0001245655       -0.0001463554
     -133.0000000000       -0.0005558549       -0.0004947479       -0.0004544415       -0.0003249811       -0.0002840182       -0.0002252188       -0.0000997988       -0.0001237212
     -132.0000000000       -0.0005671294       -0.0005035785       -0.0004251456       -0.0003318707       -0.0002859112       -0.0001708596       -0.0000962458       -0.0001236727
     -131.0000000000       -0.0005678677       -0.0005371088       -0.0004375506       -0.0003051542       -0.0002391516       -0.0001530059       -0.0001247761       -0.0001203096
     -130.0000000000       -0.0005466120       -0.0005146741       -0.0004455645       -0.0003105895       -0.0002283016       -0.0001905181       -0.0001183956       -0.0001346684
     -129.0000000000       -0.0005418239       -0.0005168263       -0.0004208199       -0.0003320635       -0.0002735435       -0.0001710354       -0.0000997199       -0.0001118782
     -128.0000000000       -0.0005260737       -0.0004984152       -0.0003931323       -0.0003275944       -0.0002404283       -0.0001513856       -0.0001238431       -0.0000821594
     -127.0000000000       -0.0005565364       -0.0004697780       -0.0003926888       -0.0002995332       -0.0002144945       -0.0001771419       -0.0000885929       -0.0000686784
     -126.0000000000       -0.0005294651       -0.0004711446       -0.0004425586       -0.0003175860       -0.0002014924       -0.0001562842       -0.0000773216       -0.0000583119
     -125.0000000000       -0.0005084063       -0.0004774885       -0.0004606993       -0.0002831611       -0.0001816792       -0.0001231027       -0.0000790340       -0.0000690095
     -124.0000000000       -0.0005133099       -0.0005024108       -0.0004304688       -0.0002763364       -0.0001784827       -0.0000902591       -0.0000740999       -0.0000411578
     -123.0000000000       -0.0005111461       -0.0005152564       -0.0003799458       -0.0002720583       -0.0001765041       -0.0000664283       -0.0000676078       -0.0000309068
     -122.0000000000       -0.0004889296       -0.0005243461       -0.0003588079       -0.0003104331       -0.0002051722       -0.0001195313       -0.0000660528       -0.0000017055
     -121.0000000000       -0.0005229784       -0.0005182152       -0.0003482618       -0.0002784456       -0.0001942767       -0.0001407668       -0.0000559526        0.0000166417
     -120.0000000000       -0.0005321726       -0.0005039857       -0.0003699588       -0.0002511733       -0.0002033396       -0.0001606713       -0.0000287108       -0.0000352039
     -119.0000000000       -0.0005050037       -0.0004891007       -0.0003773157       -0.0002677436       -0.0001777567       -0.0001239395       -0.0000378216       -0.0000667234
     -118.0000000000       -0.0005120164       -0.0004896339       -0.0003545327       -0.0002752996       -0.0001886025       -0.0000697257       -0.0000285846       -0.0000381842
     -117.0000000000       -0.0005189709       -0.0004796904       -0.0003287599       -0.0002316903       -0.0001494106       -0.0000212651       -0.0000282459       -0.0000211825
     -116.0000000000       -0.0005467761       -0.0004814479       -0.0003472037       -0.0002272454       -0.0001422017       -0.0000445845       -0.0000372866       -0.0000095791
     -115.0000000000       -0.0005604121       -0.0004838276       -0.0003677893       -0.0002312811       -0.0001389327       -0.0000313799       -0.0000147764        0.0000099483
     -114.0000000000       -0.0005577351       -0.0004493311       -0.0003484832       -0.0002337222       -0.0001266178       -0.0000407284       -0.0000241913       -0.0000056060
     -113.0000000000       -0.0005399193       -0.0004672458       -0.0003716597       -0.0002147036       -0.0001130207       -0.0000471904       -0.0000125840        0.0000174997
     -112.0000000000       -0.0005542473       -0.0004798644       -0.0003365737       -0.0002068070       -0.0001079168       -0.0000302920        0.0000183738        0.0000456115
     -111.0000000000       -0.0005429645       -0.0004732038       -0.0003246360       -0.0001821438       -0.0001041490       -0.0000212031       -0.0000030401        0.0000388604
     -110.0000000000       -0.0005114843       -0.0004883800       -0.0003230429       -0.0001971693       -0.0000829630       -0.0000045581       -0.0000070981        0.0000090620
     -109.0000000000       -0.0005146343       -0.0004591503       -0.0003114811       -0.0002298246       -0.0000768158       -0.0000160745        0.0000141805        0.0000301490
     -108.0000000000       -0.0005271922       -0.0004639160       -0.0003212779       -0.0001997601       -0.0000726686       -0.0000346928        0.0000300227        0.0000392706
     -107.0000000000       -0.0005580637       -0.0004744125       -0.0003016223       -0.0001906377       -0.0000670992       -0.0000279703        0.0000154164        0.0000272692
     -106.0000000000       -0.0005711182       -0.0004932067       -0.0002884925       -0.0001660162       -0.0000470430       -0.0000409358        0.0000375054        0.0000490943
     -105.0000000000       -0.0005335662       -0.0004619104       -0.0003021642       -0.0001798014       -0.0000446772       -0.0000400023        0.0000538353        0.0000993261
     -104.0000000000       -0.0005022593       -0.0004220339       -0.0003008944       -0.0001607281       -0.0000249931        0.0000153694        0.0000673705        0.0001234909
     -103.0000000000       -0.0005252520       -0.0004249138       -0.0002899085       -0.0001246288       -0.0000280081        0.0000691251        0.0000522470        0.0001106340
     -102.0000000000       -0.0005629280       -0.0004671833       -0.0002480668       -0.0000912418       -0.0000192866        0.0000809381        0.0000515387        0.0001104504
     -101.0000000000       -0.0005582301       -0.0004847226       -0.0002254288       -0.0000943763       -0.0000112103        0.0001199039        0.0000559354        0.0000956325
     -100.0000000000       -0.0005415158       -0.0004893792       -0.0002516292       -0.0001085422        0.0000393911        0.0001125274        0.0000494234        0.0000674252
      -99.0000000000       -0.0005553824       -0.0004464996       -0.0002789827       -0.0000859767        0.0000516492        0.0000680956        0.0000843524        0.0000909540
      -98.0000000000       -0.0005322295       -0.0004226827       -0.0002547110       -0.0000428737        0.0000497204        0.0000674660        0.0000887915        0.0000894220
      -97.0000000000       -0.0005377423       -0.0004188689       -0.0002039793       -0.0000328652        0.0000420848        0.0000974627        0.0001033172        0.0001042623
      -96.0000000000       -0.0005527814       -0.0004110872       -0.0001891889       -0.0000288198        0.0000479554        0.0001121685        0.0001294309        0.0000856336
      -95.0000000000       -0.0005495555       -0.0004239565       -0.0001726839       -0.0000223060        0.0000500201        0.0000802652        0.0001548280        0.0001064211
      -94.0000000000       -0.0005527654       -0.0004241219       -0.0001970193       -0.0000471186        0.0000488708        0.0000553517        0.0001442629        0.0001182738
      -93.0000000000       -0.0005539512       -0.0003924520       -0.0001719676       -0.0000608313        0.0000763223        0.0000825875        0.0001606782        0.0001644414
      -92.0000000000       -0.0005738073       -0.0004000154       -0.0001428217       -0.0000292240        0.0001084617        0.0001382715        0.0001626161        0.0001893553
      -91.0000000000       -0.0005498107       -0.0003875505       -0.0001329215       -0.0000073758        0.0001252655        0.0001469461        0.0001361437        0.0001670108
      -90.0000000000       -0.0005593014       -0.0003957279       -0.0001313100       -0.0000362684        0.0001283658        0.0001352030        0.0001361437        0.0001648133
      -89.0000000000       -0.0005733534       -0.0003714538       -0.0001318850        0.0000069123        0.0001557252        0.0001621325        0.0001871555        0.0001633886
      -88.0000000000       -0.0005849267       -0.0003743769       -0.0001449680        0.0000708324        0.0001390046        0.0001645528        0.0001868537        0.0001659277
      -87.0000000000       -0.0005672753       -0.0003593933       -0.0001229939        0.0001004412        0.0001013299        0.0001295629        0.0001760524        0.0001923779
      -86.0000000000       -0.0005230080       -0.0003392884       -0.0000983077        0.0000707963        0.0000955710        0.0001692383        0.0001844187        0.0001930216
      -85.0000000000       -0.0004798990       -0.0003584342       -0.0000424068        0.0000445625        0.0001252452        0.0001721435        0.0002260411        0.0001759929
      -84.0000000000       -0.0005109284       -0.0003341980       -0.0000466699        0.0001109637        0.0001698245        0.0001899291        0.0002390335        0.0002073603
      -83.0000000000       -0.0005525690       -0.0002964129       -0.0000591032        0.0001393772        0.0002210373        0.0002135043        0.0002464705        0.0002228342
      -82.0000000000       -0.0005661048       -0.0003159977       -0.0000361059        0.0001249587        0.0002230594        0.0002094312        0.0002474524        0.0001996982
      -81.0000000000       -0.0005610029       -0.0003343884       -0.0000183578        0.0001566099        0.0002190406        0.0002259620        0.0002639581        0.0002043722
      -80.0000000000       -0.0005194845       -0.0003096463        0.0000215171        0.0001744081        0.0002432952        0.0002550473        0.0002640014        0.0001874397
      -79.0000000000       -0.0005371738       -0.0003054501        0.0000175714        0.0001414610        0.0002652499        0.0002485513        0.0002268623        0.0002082386
      -78.0000000000       -0.0005520131       -0.0003031759        0.0000250239        0.0001705960        0.0002468534        0.0002668839        0.0002202691        0.0002219768
      -77.0000000000       -0.0005604486       -0.0002540077        0.0000586227        0.0002033603        0.0002467164        0.0002893673        0.0002633602        0.0002357799
      -76.0000000000       -0.0005410223       -0.0002399081        0.0000480043        0.0002330217        0.0002814571        0.0003073767        0.0002735051        0.0002475839
      -75.0000000000       -0.0005295378       -0.0002407126        0.0000617510        0.0002675843        0.0002948771        0.0003026578        0.0002719562        0.0002487581
      -74.0000000000       -0.0005011921       -0.0002109414        0.0000751460        0.0002828168        0.0003062504        0.0002938815        0.0002878857        0.0002350615
      -73.0000000000       -0.0005175606       -0.0001882504        0.0001194303        0.0003141850        0.0003136569        0.0002898256        0.0002876414        0.0002706017
      -72.0000000000       -0.0004959835       -0.0001882544        0.0001450127        0.0003375039        0.0003507279        0.0003134456        0.0002983935        0.0002891447
      -71.0000000000       -0.0005228777       -0.0001891759        0.0001858286        0.0002996918        0.0003452185        0.0003293346        0.0003282719        0.0002910023
      -70.0000000000       -0.0005238087       -0.0001895183        0.0002190033        0.0003087220        0.0003145083        0.0003279582        0.0003261622        0.0002917537
      -69.0000000000       -0.0005476184       -0.0001655561        0.0002458617        0.0003266313        0.0003323487        0.0003522797        0.0003399480        0.0002973097
      -68.0000000000       -0.0005653585       -0.0001714111        0.0002900110        0.0003662019        0.0003892786        0.0003431500        0.0003395645        0.0003034813
      -67.0000000000       -0.0005317574       -0.0001653698        0.0002957349        0.0003823936        0.0004107109        0.0003942326        0.0003256679        0.0003464341
      -66.0000000000       -0.0005109304       -0.0001346668        0.0002925720        0.0003843795        0.0004143607        0.0004274301        0.0003164247        0.0003590033
      -65.0000000000       -0.0005369236       -0.0000877332        0.0003035655        0.0004402739        0.0004168509        0.0004431615        0.0003353299        0.0003543342
      -64.0000000000       -0.0005354527       -0.0000693427        0.0003439045        0.0004578466        0.0004337064        0.0004489812        0.0003836036        0.0003320366
      -63.0000000000       -0.0005223794       -0.0000438144        0.0003897000        0.0004831383        0.0004526051        0.0004139180        0.0003953683        0.0003283144
      -62.0000000000       -0.0005673244       -0.0000052026        0.0003998273        0.0005384218        0.0004491438        0.0004560774        0.0003788766        0.0003591416
      -61.0000000000       -0.0005376668       -0.0000014050        0.0004051248        0.0005146121        0.0004511579        0.0004899898        0.0003760830        0.0003848229
      -60.0000000000       -0.0005225187        0.0000528987        0.0004482654        0.0004995606        0.0004619699        0.0004968702        0.0004079465        0.0003675767
      -59.0000000000       -0.0005422686        0.0000954262        0.0004753564        0.0004886876        0.0004790993        0.0004885986        0.0004087954        0.0003681760
      -58.0000000000       -0.0005300171        0.0001253381        0.0004949931        0.0005190131        0.0005120842        0.0004605281        0.0004368784        0.0003857697
      -57.0000000000       -0.0005253480        0.0001611334        0.0005000352        0.0005711814        0.0005228538        0.0004937083        0.0004795951        0.0004008459
      -56.0000000000       -0.0005313218        0.0001760259        0.0005314176        0.0006103051        0.0005105036        0.0005128535        0.0004538802        0.0004068346
      -55.0000000000       -0.0005142413        0.0001836286        0.0005844299        0.0006056184        0.0005116599        0.0005137419        0.0004448606        0.0003857538
      -54.0000000000       -0.0005013402        0.0001929315        0.0005931220        0.0006359646        0.0005737409        0.0005143067        0.0004324062        0.0003559229
      -53.0000000000       -0.0004997684        0.0002819555        0.0006198714        0.0006637935        0.0005762287        0.0005359480        0.0004327416        0.0003685375
      -52.0000000000       -0.0005109310        0.0003695913        0.0006239065        0.0006673683        0.0005804850        0.0005343663        0.0004574741        0.0004080475
      -51.0000000000       -0.0005353484        0.0003888953        0.0006619656        0.0006654666        0.0005862628        0.0005268082        0.0004650779        0.0004283708
      -50.0000000000       -0.0005488161        0.0004005898        0.0007208714        0.0006944094        0.0006150631        0.0005268404        0.0004801847        0.0004119320
      -49.0000000000       -0.0005532084        0.0004471896        0.0007602987        0.0007094685        0.0006443558        0.0005699306        0.0004636130        0.0004122821
      -48.0000000000       -0.0005736805        0.0005103333        0.0007869181        0.0007270484        0.0006234712        0.0005943523        0.0004615932        0.0004158205
      -47.0000000000       -0.0005714105        0.0005523737        0.0007972064        0.0007603450        0.0006220580        0.0005655480        0.0004437910        0.0004337943
      -46.0000000000       -0.0005700966        0.0006125525        0.0008094814        0.0007749405        0.0006224794        0.0005333336        0.0004557969        0.0004229199
      -45.0000000000       -0.0005804673        0.0006262430        0.0008307489        0.0007717528        0.0006572967        0.0005836884        0.0005308937        0.0004375934
      -44.0000000000       -0.0005874057        0.0006587710        0.0008768593        0.0007974439        0.0006655589        0.0006353750        0.0005349525        0.0004562745
      -43.0000000000       -0.0006112186        0.0007248293        0.0009356965        0.0008056828        0.0006937758        0.0006215522        0.0005264555        0.0004496958
      -42.0000000000       -0.0005740315        0.0007779408        0.0009515487        0.0008156387        0.0007069559        0.0006021526        0.0005327293        0.0004731457
      -41.0000000000       -0.0005715999        0.0008491100        0.0009761613        0.0008064793        0.0007496025        0.0006117490        0.0004955198        0.0004730709
      -40.0000000000       -0.0005330354        0.0008971072        0.0010020841        0.0007951854        0.0007530912        0.0006082103        0.0005040717        0.0004932738
      -39.0000000000       -0.0005276241        0.0009497803        0.0010386872        0.0008005755        0.0007748055        0.0006248831        0.0005275895        0.0004883253
      -38.0000000000       -0.0005501626        0.0010027441        0.0010731313        0.0008531029        0.0007668569        0.0006141454        0.0005046801        0.0004800826
      -37.0000000000       -0.0005515128        0.0010696174        0.0010795561        0.0009039978        0.0007670670        0.0006042325        0.0005151729        0.0004794267
      -36.0000000000       -0.0005503888        0.0011550382        0.0011082587        0.0009355374        0.0007918237        0.0006412257        0.0005251734        0.0004907097
      -35.0000000000       -0.0005670653        0.0012298106        0.0011478307        0.0009581570        0.0007879900        0.0006657147        0.0005519282        0.0004558081
      -34.0000000000       -0.0005651019        0.0012850773        0.0011522424        0.0009522390        0.0007738483        0.0006672181        0.0005894215        0.0004803170
      -33.0000000000       -0.0005378698        0.0013574828        0.0011756428        0.0009728915        0.0007697557        0.0006346283        0.0005925325        0.0005024357
      -32.0000000000       -0.0005299169        0.0014520382        0.0011931900        0.0009863825        0.0007728492        0.0006858850        0.0005917686        0.0004948760
      -31.0000000000       -0.0005066999        0.0015373221        0.0012223947        0.0009915309        0.0008373763        0.0006778557        0.0005713941        0.0005125850
      -30.0000000000       -0.0004859566        0.0015849820        0.0012758744        0.0010104315        0.0008593745        0.0006753251        0.0005779537        0.0005105531
      -29.0000000000       -0.0004805842        0.0016323105        0.0013174521        0.0010207406        0.0008349378        0.0006834663        0.0005855672        0.0004849043
      -28.0000000000       -0.0004787502        0.0016631747        0.0013320768        0.0010264029        0.0008261545        0.0006781017        0.0005662598        0.0004678736
      -27.0000000000       -0.0004763231        0.0017142712        0.0013201932        0.0010407852        0.0008556612        0.0007045952        0.0005763841        0.0004732390
      -26.0000000000       -0.0004973587        0.0018061440        0.0013288551        0.0010837982        0.0008720263        0.0007228220        0.0006013149        0.0005082205
      -25.0000000000       -0.0005090474        0.0018718648        0.0013988507        0.0011171564        0.0008540896        0.0007309282        0.0005962991        0.0005242616
      -24.0000000000       -0.0005152530        0.0019088521        0.0014429238        0.0011089536        0.0008522683        0.0007205039        0.0006142866        0.0005185262
      -23.0000000000       -0.0005341861        0.0019691175        0.0014573643        0.0011355606        0.0008615245        0.0007473470        0.0006025255        0.0005000554
      -22.0000000000       -0.0005368935        0.0020247013        0.0014836125        0.0011277433        0.0008742639        0.0007633847        0.0005969424        0.0005105809
      -21.0000000000       -0.0005562794        0.0020714531        0.0014747208        0.0011031604        0.0008904959        0.0007682160        0.0006085888        0.0005220367
      -20.0000000000       -0.0005326775        0.0021315926        0.0014670842        0.0011157391        0.0009006784        0.0007368828        0.0006205189        0.0005554043
      -19.0000000000       -0.0005198938        0.0022086637        0.0014758794        0.0011370338        0.0009021836        0.0007038210        0.0006247617        0.0005433401
      -18.0000000000       -0.0005335158        0.0022820707        0.0014991200        0.0011238178        0.0009215967        0.0007155504        0.0006183591        0.0005073339
      -17.0000000000       -0.0005282846        0.0023323381        0.0015346324        0.0011668632        0.0009310277        0.0007208196        0.0006699261        0.0004903038
      -16.0000000000       -0.0005037785        0.0024168013        0.0015547086        0.0011346149        0.0009142606        0.0007198580        0.0007004933        0.0004950951
      -15.0000000000       -0.0004778658        0.0024810103        0.0015888877        0.0011115750        0.0009354775        0.0007364794        0.0006612300        0.0005344718
      -14.0000000000       -0.0004638018        0.0024888943        0.0015977660        0.0011634464        0.0009360943        0.0007465055        0.0006312680        0.0005468421
      -13.0000000000       -0.0004943480        0.0025132994        0.0015956771        0.0011913046        0.0009539745        0.0007515622        0.0006286427        0.0005559704
      -12.0000000000       -0.0005100223        0.0025228611        0.0015920626        0.0011571193        0.0009574050        0.0007531647        0.0006422200        0.0005787244
      -11.0000000000       -0.0004990645        0.0025695583        0.0016372452        0.0011755893        0.0009228216        0.0007763605        0.0006574430        0.0005599994
      -10.0000000000       -0.0004074298        0.0026013164        0.0016531930        0.0011881159        0.0009139532        0.0007606727        0.0006354525        0.0005847675
       -9.0000000000       -0.0003442144        0.0026074465        0.0016724801        0.0011875198        0.0009287911        0.0007571007        0.0006259869        0.0005931297
       -8.0000000000       -0.0002988685        0.0026654257        0.0016810885        0.0011941718        0.0009253283        0.0007724798        0.0006384875        0.0005461089
       -7.0000000000       -0.0001874890        0.0027290340        0.0016612752        0.0012283566        0.0009305383        0.0007724144        0.0006452048        0.0005558780
       -6.0000000000       -0.0000207987        0.0027552373        0.0016293646        0.0012255857        0.0009125312        0.0007587907        0.0006209418        0.0005477346
       -5.0000000000        0.0002760480        0.0027715901        0.0016538951        0.0012093109        0.0009246777        0.0007589388        0.0006224529        0.0005093045
       -4.0000000000        0.0009493738        0.0028023976        0.0016394292        0.0012124359        0.0009720543        0.0007979228        0.0006504076        0.0005217197
       -3.0000000000        0.0025306665        0.0027950307        0.0016677161        0.0012271304        0.0009873194        0.0008336104        0.0006965896        0.0005186082
       -2.0000000000        0.0083043912        0.0027747810        0.0016920844        0.0012531886        0.0009991449        0.0008418890        0.0007004307        0.0005234177
       -1.0000000000        0.0522772538        0.0027818289        0.0016862200        0.0012622084        0.0009922825        0.0007998459        0.0006847828        0.0005378486
        0.0000000000        0.1370010531        0.0028084529        0.0016764711        0.0012557104        0.0009989298        0.0007842036        0.0006515794        0.0005702988
        1.0000000000        0.0522772538        0.0027833514        0.0017199405        0.0012442980        0.0009906858        0.0008061401        0.0006274348        0.0005487036
        2.0000000000        0.0083043912        0.0027725406        0.0017165707        0.0012340382        0.0009725552        0.0008128451        0.0006258932        0.0005339193
        3.0000000000        0.0025306665        0.0028002427        0.0016883599        0.0012656016        0.0009550115        0.0008019123        0.0006636704        0.0005248078
        4.0000000000        0.0009493738        0.0028019745        0.0017200712        0.0012720733        0.0009603837        0.0008129966        0.0006502075        0.0005461806
        5.0000000000        0.0002760480        0.0027853991        0.0017213873        0.0012496199        0.0009669271        0.0008003524        0.0006440244        0.0005600561
        6.0000000000       -0.0000207987        0.0027262107        0.0017062237        0.0012080993        0.0009668783        0.0007802472        0.0006170694        0.0005772304
        7.0000000000       -0.0001874890        0.0027015753        0.0016754340        0.0012117314        0.0009499358        0.0007738248        0.0006097611        0.0005608894
        8.0000000000       -0.0002988685        0.0026911407        0.0016637773        0.0012154000        0.0009506425        0.0008082761        0.0006347249        0.0005366218
        9.0000000000       -0.0003442144        0.0026794903        0.0016548472        0.0012049366        0.0009586916        0.0008009226        0.0006611520        0.0005170057
       10.0000000000       -0.0004074298        0.0026362434        0.0016557064        0.0012373270        0.0009489779        0.0007847387        0.0006761905        0.0005573994
       11.0000000000       -0.0004990645        0.0025763191        0.0016529568        0.0011942108        0.0009378184        0.0007727224        0.0006856198        0.0006057699
       12.0000000000       -0.0005100223        0.0025576101        0.0016311043        0.0011900842        0.0009323335        0.0007529019        0.0006842328        0.0005869853
       13.0000000000       -0.0004943480        0.0025089132        0.0016125343        0.0012004767        0.0009128260        0.0007437069        0.0006967635        0.0005773223
       14.0000000000       -0.0004638018        0.0024595038        0.0015942233        0.0012027628        0.0009009247        0.0007417507        0.0006963941        0.0005609128
       15.0000000000       -0.0004778658        0.0024087212        0.0015866952        0.0011814566        0.0009144032        0.0007951175        0.0006798205        0.0005653064
       16.0000000000       -0.0005037785        0.0023460125        0.0015703535        0.0011333256        0.0009156009        0.0007909262        0.0006704968        0.0005720144
       17.0000000000       -0.0005282846        0.0023013755        0.0015528412        0.0011296925        0.0008991460        0.0007339420        0.0006381232        0.0005746858
       18.0000000000       -0.0005335158        0.0022527129        0.0015123442        0.0011359129        0.0008668188        0.0007064834        0.0006047558        0.0005501413
       19.0000000000       -0.0005198938        0.0021997332        0.0014924695        0.0011247389        0.0008694751        0.0007187962        0.0006383214        0.0005462204
       20.0000000000       -0.0005326775        0.0021783987        0.0014540620        0.0010879130        0.0008864306        0.0007466816        0.0006270360        0.0005231976
       21.0000000000       -0.0005562794        0.0021054391        0.0014665970        0.0011016404        0.0009056164        0.0007611626        0.0006281526        0.0005099039
       22.0000000000       -0.0005368935        0.0020047441        0.0014285685        0.0011157607        0.0009093108        0.0007372272        0.0006378952        0.0005412266
       23.0000000000       -0.0005341861        0.0019502262        0.0013822401        0.0010688563        0.0008899931        0.0007251431        0.0006254105        0.0005635586
       24.0000000000       -0.0005152530        0.0019265214        0.0013815426        0.0010489854        0.0009044995        0.0007491999        0.0005933645        0.0005376452
       25.0000000000       -0.0005090474        0.0018183591        0.0013830342        0.0010271867        0.0008745572        0.0007148613        0.0006003203        0.0005208906
       26.0000000000       -0.0004973587        0.0017696423        0.0013579023        0.0009995332        0.0008470785        0.0006885240        0.0006000902        0.0005040500
       27.0000000000       -0.0004763231        0.0017230119        0.0013301541        0.0010421164        0.0008162178        0.0006875700        0.0006253498        0.0005126770
       28.0000000000       -0.0004787502        0.0016438358        0.0012914553        0.0010834323        0.0008019408        0.0006967684        0.0006331604        0.0005068533
       29.0000000000       -0.0004805842        0.0016048910        0.0012687084        0.0010407789        0.0008399781        0.0006897577        0.0006213718        0.0005050215
       30.0000000000       -0.0004859566        0.0015466826        0.0012578982        0.0010010738        0.0008585643        0.0006755357        0.0006137640        0.0005144610
       31.0000000000       -0.0005066999        0.0014794802        0.0012226199        0.0010050067        0.0008359356        0.0006884457        0.0006175788        0.0005117531
       32.0000000000       -0.0005299169        0.0014171168        0.0012176130        0.0009971753        0.0008007405        0.0006775220        0.0006260362        0.0004702825
       33.0000000000       -0.0005378698        0.0013262032        0.0011917283        0.0009812643        0.0008172884        0.0006832202        0.0005934081        0.0004845809
       34.0000000000       -0.0005651019        0.0012805374        0.0011377258        0.0009464879        0.0008196839        0.0006962032        0.0005724030        0.0005095194
       35.0000000000       -0.0005670653        0.0012115677        0.0011090992        0.0009085990        0.0007979325        0.0006610048        0.0005568881        0.0005132797
       36.0000000000       -0.0005503888        0.0011329610        0.0011008884        0.0009017370        0.0007846102        0.0006695826        0.0005636957        0.0005247400
       37.0000000000       -0.0005515128        0.0010767122        0.0010787117        0.0008891396        0.0008102344        0.0006348445        0.0005431801        0.0004918228
       38.0000000000       -0.0005501626        0.0010367637        0.0010629686        0.0008800431        0.0007854832        0.0005726045        0.0005480616        0.0004715562
       39.0000000000       -0.0005276241        0.0009893207        0.0010049720        0.0008556932        0.0007181891        0.0006123844        0.0005427284        0.0004681102
       40.0000000000       -0.0005330354        0.0009143207        0.0009760380        0.0008462019        0.0007190993        0.0006423548        0.0005495535        0.0004723504
       41.0000000000       -0.0005715999        0.0008495283        0.0009495084        0.0008439233        0.0007109649        0.0006271583        0.0005022685        0.0004767117
       42.0000000000       -0.0005740315        0.0007775373        0.0009237258        0.0008168898        0.0007267503        0.0006125236        0.0004840733        0.0004717591
       43.0000000000       -0.0006112186        0.0007290489        0.0008768041        0.0007724758        0.0007175614        0.0005646611        0.0004860751        0.0004924156
       44.0000000000       -0.0005874057        0.0006913644        0.0008114519        0.0007527600        0.0006659663        0.0005670958        0.0004726658        0.0004843232
       45.0000000000       -0.0005804673        0.0006552057        0.0008202011        0.0007408634        0.0006522625        0.0005782149        0.0004737762        0.0004346007
       46.0000000000       -0.0005700966        0.0006481167        0.0008088223        0.0007313892        0.0006262784        0.0005306040        0.0004773203        0.0003956488
       47.0000000000       -0.0005714105        0.0006321059        0.0007708927        0.0007581701        0.0006261023        0.0005061653        0.0004880937        0.0004204286
       48.0000000000       -0.0005736805        0.0005520805        0.0007231204        0.0007723295        0.0006059638        0.0005340320        0.0004752343        0.0004332342
       49.0000000000       -0.0005532084        0.0004906365        0.0007040889        0.0007464789        0.0006366234        0.0005428828        0.0004606180        0.0004121222
       50.0000000000       -0.0005488161        0.0004191759        0.0007124468        0.0006801412        0.0006441341        0.0005387770        0.0004525952        0.0004215406
       51.0000000000       -0.0005353484        0.0003831966        0.0007138485        0.0006799275        0.0006358502        0.0005118074        0.0004702896        0.0004038452
       52.0000000000       -0.0005109310        0.0003435364        0.0006905166        0.0006842286        0.0006142717        0.0004946423        0.0004839721        0.0004246170
       53.0000000000       -0.0004997684        0.0002914997        0.0006351872        0.0006305494        0.0005880548        0.0005110842        0.0004206475        0.0004029556
       54.0000000000       -0.0005013402        0.0002345145        0.0005920330        0.0005837021        0.0006074451        0.0005003700        0.0004137778        0.0004036395
       55.0000000000       -0.0005142413        0.0002126505        0.0005985885        0.0005547645        0.0005718794        0.0004660901        0.0004251786        0.0003869980
       56.0000000000       -0.0005313218        0.0001986932        0.0005521363        0.0005387282        0.0005462052        0.0004685224        0.0004123978        0.0003782032
       57.0000000000       -0.0005253480        0.0001786287        0.0005146117        0.0005549373        0.0005434775        0.0004575875        0.0004174710        0.0003754410
       58.0000000000       -0.0005300171        0.0000997701        0.0004922545        0.0005833507        0.0005573148        0.0004488600        0.0004183659        0.0003543379
       59.0000000000       -0.0005422686        0.0000594231        0.0004712878        0.0005749081        0.0005414275        0.0004735230        0.0003914197        0.0003841458
       60.0000000000       -0.0005225187        0.0000629550        0.0004330962        0.0005628988        0.0004888061        0.0004504830        0.0003880280        0.0003739572
       61.0000000000       -0.0005376668        0.0000572888        0.0004014456        0.0005211444        0.0004510914        0.0004426527        0.0004002627        0.0003262798
       62.0000000000       -0.0005673244        0.0000321423        0.0003861216        0.0004933875        0.0004386663        0.0004004817        0.0003794868        0.0003188714
       63.0000000000       -0.0005223794       -0.0000223597        0.0003715570        0.0004917606        0.0004380199        0.0003693178        0.0003734618        0.0003110493
       64.0000000000       -0.0005354527       -0.0000704773        0.0003281683        0.0004703577        0.0004406041        0.0003828262        0.0003935058        0.0003334102
       65.0000000000       -0.0005369236       -0.0000859402        0.0003310932        0.0004283086        0.0004203065        0.0004060546        0.0003881112        0.0003367519
       66.0000000000       -0.0005109304       -0.0000665684        0.0003067229        0.0003984188        0.0003810239        0.0003770826        0.0003405546        0.0003091163
       67.0000000000       -0.0005317574       -0.0000882237        0.0002512963        0.0003383893        0.0003585581        0.0003659555        0.0003224772        0.0002952786
       68.0000000000       -0.0005653585       -0.0001408604        0.0002442670        0.0003329923        0.0003720179        0.0003388936        0.0003387638        0.0002792162
       69.0000000000       -0.0005476184       -0.0001686970        0.0002134815        0.0003304025        0.0003450944        0.0003420164        0.0003291999        0.0002677652
       70.0000000000       -0.0005238087       -0.0001589057        0.0001809832        0.0003118208        0.0003195487        0.0003419616        0.0003236027        0.0002457646
       71.0000000000       -0.0005228777       -0.0001880196        0.0001663615        0.0003239769        0.0002979413        0.0003237863        0.0003205127        0.0002604382
       72.0000000000       -0.0004959835       -0.0002048330        0.0001261713        0.0003061281        0.0002701702        0.0003025534        0.0003207387        0.0002903930
       73.0000000000       -0.0005175606       -0.0001865999        0.0000937315        0.0002954859        0.0002937666        0.0003252752        0.0003276081        0.0002592826
       74.0000000000       -0.0005011921       -0.0001879959        0.0001128617        0.0002594644        0.0002929573        0.0003168595        0.0003197784        0.0002536276
       75.0000000000       -0.0005295378       -0.0002576797        0.0001143659        0.0002394997        0.0003176825        0.0003197468        0.0002767242        0.0002780642
       76.0000000000       -0.0005410223       -0.0002929209        0.0000916294        0.0002198920        0.0003067547        0.0002913371        0.0002713611        0.0002612285
       77.0000000000       -0.0005604486       -0.0003009809        0.0000888024        0.0002348429        0.0003125714        0.0002913450        0.0002682697        0.0002475752
       78.0000000000       -0.0005520131       -0.0003183653        0.0000853732        0.0002229321        0.0003051982        0.0002573404        0.0002574551        0.0002441711
       79.0000000000       -0.0005371738       -0.0003033965        0.0000479738        0.0001906030        0.0002713120        0.0002121612        0.0002734502        0.0002216555
       80.0000000000       -0.0005194845       -0.0002479150        0.0000469479        0.0002029102        0.0002636184        0.0002167050        0.0002818855        0.0002414867
       81.0000000000       -0.0005610029       -0.0002856183        0.0000025389        0.0001883430        0.0002492335        0.0002344728        0.0002567643        0.0002432033
       82.0000000000       -0.0005661048       -0.0003243503       -0.0000267547        0.0001592950        0.0002239597        0.0002270475        0.0002400812        0.0002134106
       83.0000000000       -0.0005525690       -0.0003421932       -0.0000272053        0.0001486040        0.0001926344        0.0001892125        0.0002210571        0.0001856949
       84.0000000000       -0.0005109284       -0.0003477239       -0.0000126646        0.0001097807        0.0001893463        0.0001720671        0.0002083815        0.0001693782
       85.0000000000       -0.0004798990       -0.0003404145       -0.0000527720        0.0000772409        0.0001516683        0.0001795696        0.0002068771        0.0002222819
       86.0000000000       -0.0005230080       -0.0003652796       -0.0000923002        0.0000753495        0.0001185422        0.0001989804        0.0001911519        0.0002235517
       87.0000000000       -0.0005672753       -0.0003489524       -0.0000776785        0.0000698236        0.0001371745        0.0002035815        0.0001861612        0.0001688652
       88.0000000000       -0.0005849267       -0.0003415356       -0.0000952419        0.0000477632        0.0001143622        0.0002047555        0.0001886522        0.0001729493
       89.0000000000       -0.0005733534       -0.0003751493       -0.0001085559        0.0000859665        0.0001315202        0.0001814749        0.0001838720        0.0001802144
       90.0000000000       -0.0005593014       -0.0004088784       -0.0001328387        0.0000372146        0.0001155724        0.0001679765        0.0001746464        0.0001607416
       91.0000000000       -0.0005498107       -0.0004187909       -0.0002027941        0.0000174587        0.0001195606        0.0001528128        0.0001716182        0.0001627704
       92.0000000000       -0.0005738073       -0.0004085734       -0.0001838032       -0.0000074411        0.0001082145        0.0001331824        0.0001613874        0.0001382269
       93.0000000000       -0.0005539512       -0.0003903560       -0.0001508822        0.0000031016        0.0001124742        0.0001450338        0.0001232862        0.0001374947
       94.0000000000       -0.0005527654       -0.0004098489       -0.0001526261        0.0000281106        0.0001038706        0.0001464725        0.0000941569        0.0001427126
       95.0000000000       -0.0005495555       -0.0004426224       -0.0001701316       -0.0000176030        0.0000839890        0.0001389379        0.0001026095        0.0001391720
       96.0000000000       -0.0005527814       -0.0004314686       -0.0001985044       -0.0000511052        0.0000695161        0.0001451947        0.0001245871        0.0001183451
       97.0000000000       -0.0005377423       -0.0004260433       -0.0001971634       -0.0000779582        0.0000606764        0.0001377568        0.0001205127        0.0001047167
       98.0000000000       -0.0005322295       -0.0003979275       -0.0001772874       -0.0000564235        0.0000247606        0.0000626446        0.0000870816        0.0001166132
       99.0000000000       -0.0005553824       -0.0004418866       -0.0002165249       -0.0000805636        0.0000100830        0.0000658304        0.0000356430        0.0001043769
      100.0000000000       -0.0005415158       -0.0004728687       -0.0002212554       -0.0001034354        0.0000134873        0.0000961010        0.0000467475        0.0001044196
      101.0000000000       -0.0005582301       -0.0004223702       -0.0002098327       -0.0001158941       -0.0000012269        0.0000848156        0.0000734084        0.0001032465
      102.0000000000       -0.0005629280       -0.0004144532       -0.0002426199       -0.0000927251       -0.0000270631        0.0000709115        0.0001082215        0.0001207333
      103.0000000000       -0.0005252520       -0.0004343239       -0.0002595422       -0.0001183056       -0.0000110372        0.0000705926        0.0001069502        0.0001173629
      104.0000000000       -0.0005022593       -0.0004152971       -0.0002625782       -0.0001162018        0.0000169179        0.0000511478        0.0000623112        0.0001106548
      105.0000000000       -0.0005335662       -0.0004228713       -0.0002428867       -0.0001236184       -0.0000123763        0.0000118713        0.0000518026        0.0000885441
      106.0000000000       -0.0005711182       -0.0004240929       -0.0002479094       -0.0001328244       -0.0000530636        0.0000323182        0.0000667294        0.0000853181
      107.0000000000       -0.0005580637       -0.0004396438       -0.0002787485       -0.0001157768       -0.0000609314        0.0000120439        0.0000662987        0.0000705924
      108.0000000000       -0.0005271922       -0.0004483869       -0.0003414799       -0.0001469504       -0.0000803438        0.0000335284        0.0000280366        0.0000788909
      109.0000000000       -0.0005146343       -0.0004709367       -0.0003529459       -0.0001866559       -0.0000758896       -0.0000098116        0.0000247721        0.0000687300
      110.0000000000       -0.0005114843       -0.0004666199       -0.0003454837       -0.0001680233       -0.0000642030        0.0000154895       -0.0000152423        0.0000565446
      111.0000000000       -0.0005429645       -0.0004744266       -0.0003672618       -0.0001921792       -0.0000630061        0.0000136085       -0.0000321494        0.0000238010
      112.0000000000       -0.0005542473       -0.0004481350       -0.0003478869       -0.0002103868       -0.0000947134       -0.0000277714       -0.0000318564       -0.0000003282
      113.0000000000       -0.0005399193       -0.0004824878       -0.0003319919       -0.0002284442       -0.0001160603       -0.0000503481       -0.0000197121        0.0000035064
      114.0000000000       -0.0005577351       -0.0004767755       -0.0003604317       -0.0002095562       -0.0000951747       -0.0000503233       -0.0000095156       -0.0000032055
      115.0000000000       -0.0005604121       -0.0004626134       -0.0003668029       -0.0002001615       -0.0000921693       -0.0000626304       -0.0000310769       -0.0000116801
      116.0000000000       -0.0005467761       -0.0004540356       -0.0003705649       -0.0002190405       -0.0001031485       -0.0000778522       -0.0000214604       -0.0000288318
      117.0000000000       -0.0005189709       -0.0004473614       -0.0003470346       -0.0002525057       -0.0001627340       -0.0000558589       -0.0000259933       -0.0000030680
      118.0000000000       -0.0005120164       -0.0004704915       -0.0003549597       -0.0002500768       -0.0001776838       -0.0000210699       -0.0000395091        0.0000007198
      119.0000000000       -0.0005050037       -0.0004583715       -0.0003749172       -0.0002498712       -0.0001906236       -0.0000230854       -0.0000494057       -0.0000143749
      120.0000000000       -0.0005321726       -0.0004855512       -0.0003833374       -0.0002664967       -0.0001859012       -0.0000497683       -0.0000665838       -0.0000033786
      121.0000000000       -0.0005229784       -0.0005042944       -0.0003743974       -0.0002842316       -0.0001554863       -0.0000862965       -0.0000534388       -0.0000062113
      122.0000000000       -0.0004889296       -0.0005049441       -0.0004158952       -0.0002564989       -0.0001975933       -0.0000861474       -0.0000672771       -0.0000329354
      123.0000000000       -0.0005111461       -0.0004822380       -0.0004140220       -0.0002623906       -0.0002397146       -0.0000917551       -0.0000834471       -0.0000310358
      124.0000000000       -0.0005133099       -0.0004475782       -0.0003939480       -0.0002595285       -0.0002367322       -0.0001116073       -0.0000989363       -0.0000467147
      125.0000000000       -0.0005084063       -0.0004553675       -0.0003805048       -0.0003087497       -0.0002063734       -0.0001449616       -0.0000835539       -0.0000494592
      126.0000000000       -0.0005294651       -0.0004784194       -0.0003939532       -0.0003421321       -0.0002068039       -0.0001736422       -0.0000535531       -0.0000633115
      127.0000000000       -0.0005565364       -0.0005013599       -0.0003887585       -0.0003341417       -0.0002072071       -0.0001784888       -0.0000929319       -0.0000587818
      128.0000000000       -0.0005260737       -0.0004715100       -0.0003864039       -0.0003442523       -0.0002041226       -0.0001402709       -0.0001036560       -0.0000496850
      129.0000000000       -0.0005418239       -0.0004482237       -0.0004163506       -0.0003630632       -0.0002235835       -0.0001481082       -0.0000953569       -0.0000330727
      130.0000000000       -0.0005466120       -0.0004681807       -0.0004240852       -0.0003472178       -0.0002257012       -0.0001783081       -0.0001337499       -0.0000767730
      131.0000000000       -0.0005678677       -0.0004798441       -0.0004100622       -0.0003353278       -0.0002160430       -0.0001863438       -0.0001167023       -0.0001101414
      132.0000000000       -0.0005671294       -0.0004987008       -0.0004182163       -0.0003301788       -0.0002414577       -0.0001644594       -0.0000879954       -0.0001163564
      133.0000000000       -0.0005558549       -0.0005379107       -0.0004629955       -0.0003477336       -0.0002209224       -0.0001682733       -0.0001104895       -0.0001233519
      134.0000000000       -0.0005874503       -0.0005528596       -0.0004597347       -0.0003605481       -0.0002275077       -0.0001880584       -0.0001439528       -0.0000942905
      135.0000000000       -0.0005606728       -0.0005499635       -0.0004637052       -0.0003226576       -0.0002629283       -0.0002035307       -0.0001353036       -0.0001032201
      136.0000000000       -0.0005421773       -0.0005511477       -0.0004914877       -0.0003395562       -0.0002937908       -0.0002180624       -0.0001586420       -0.0000719564
      137.0000000000       -0.0005220178       -0.0005237608       -0.0004532039       -0.0003599746       -0.0003199297       -0.0002580392       -0.0001864393       -0.0000761806
      138.0000000000       -0.0004869432       -0.0005024956       -0.0004424216       -0.0003364740       -0.0003224658       -0.0002522564       -0.0002143094       -0.0001018589
      139.0000000000       -0.0004983770       -0.0004871144       -0.0004467736       -0.0003530498       -0.0002815402       -0.0002384045       -0.0002100005       -0.0001073153
      140.0000000000       -0.0005340946       -0.0004841310       -0.0004608371       -0.0003659780       -0.0002821514       -0.0002439760       -0.0001750676       -0.0001179225
      141.0000000000       -0.0005319905       -0.0004750572       -0.0004735023       -0.0003474848       -0.0002722842       -0.0002245564       -0.0001788263       -0.0001834044
      142.0000000000       -0.0005115580       -0.0005005870       -0.0004685705       -0.0003897002       -0.0002573282       -0.0002154792       -0.0001724964       -0.0001867348
      143.0000000000       -0.0005121667       -0.0005189538       -0.0004542106       -0.0003890365       -0.0002790454       -0.0001968595       -0.0001840390       -0.0001737505
      144.0000000000       -0.0005215511       -0.0005111788       -0.0004553721       -0.0003839508       -0.0002969089       -0.0001916429       -0.0001824426       -0.0002048735
      145.0000000000       -0.0005192345       -0.0005107199       -0.0004107895       -0.0003580242       -0.0003156574       -0.0002168392       -0.0002065558       -0.0001710659
      146.0000000000       -0.0005241142       -0.0005185768       -0.0004317786       -0.0003466542       -0.0003215822       -0.0002088016       -0.0002539715       -0.0001454279
      147.0000000000       -0.0005257832       -0.0005110988       -0.0004568631       -0.0003624571       -0.0003273218       -0.0002539406       -0.0002352571       -0.0001793089
      148.0000000000       -0.0005135652       -0.0004846581       -0.0004562084       -0.0003895762       -0.0003339831       -0.0002820038       -0.0001816435       -0.0002090825
      149.0000000000       -0.0005053896       -0.0005104168       -0.0004652942       -0.0003926748       -0.0003442111       -0.0002822187       -0.0001847460       -0.0002146851
      150.0000000000       -0.0004995970       -0.0005184318       -0.0004523138       -0.0004035595       -0.0003382002       -0.0002998197       -0.0002221894       -0.0002091201
      151.0000000000       -0.0005083101       -0.0005216983       -0.0004581919       -0.0003964431       -0.0003400978       -0.0003049610       -0.0002336585       -0.0001760018
      152.0000000000       -0.0005200232       -0.0005356073       -0.0004664107       -0.0003980557       -0.0003433663       -0.0003116208       -0.0002859244       -0.0001786772
      153.0000000000       -0.0005272739       -0.0005156548       -0.0004730305       -0.0003946904       -0.0003348616       -0.0003039390       -0.0002934909       -0.0001975379
      154.0000000000       -0.0005385717       -0.0005260561       -0.0004274554       -0.0004053672       -0.0003181971       -0.0003071902       -0.0002941198       -0.0002254097
      155.0000000000       -0.0005327002       -0.0005213164       -0.0004366409       -0.0004156106       -0.0003304532       -0.0002989271       -0.0002706910       -0.0001929132
      156.0000000000       -0.0005374175       -0.0005010379       -0.0004710620       -0.0004344325       -0.0003480277       -0.0002681723       -0.0002463512       -0.0001982800
      157.0000000000       -0.0005451814       -0.0005166504       -0.0004714026       -0.0004333980       -0.0003584853       -0.0002945419       -0.0002273478       -0.0002208468
      158.0000000000       -0.0005556082       -0.0005207690       -0.0004687271       -0.0004129740       -0.0003866084       -0.0003084231       -0.0002442031       -0.0002480138
      159.0000000000       -0.0005461672       -0.0004948150       -0.0004812979       -0.0004352947       -0.0004231131       -0.0003032207       -0.0002478889       -0.0002449342
      160.0000000000       -0.0005311893       -0.0004989455       -0.0005025274       -0.0004536122       -0.0004086187       -0.0003121690       -0.0002981167       -0.0002305321
      161.0000000000       -0.0005207873       -0.0005152228       -0.0004692413       -0.0004215936       -0.0003582101       -0.0003221322       -0.0003086611       -0.0002650893
      162.0000000000       -0.0005150357       -0.0005209394       -0.0004681093       -0.0004211246       -0.0003699203       -0.0003094114       -0.0002552892       -0.0002559380
      163.0000000000       -0.0005546596       -0.0005497606       -0.0004860691       -0.0004408325       -0.0003634440       -0.0002766136       -0.0002574331       -0.0002337378
      164.0000000000       -0.0005441365       -0.0005514550       -0.0004783714       -0.0004650530       -0.0003451061       -0.0003233036       -0.0002852581       -0.0002730374
      165.0000000000       -0.0005244218       -0.0005670240       -0.0004997055       -0.0004519507       -0.0003716568       -0.0003565289       -0.0002905394       -0.0002554221
      166.0000000000       -0.0005228210       -0.0005378063       -0.0004800082       -0.0004678105       -0.0003789557       -0.0003744575       -0.0002814590       -0.0002425518
      167.0000000000       -0.0005403876       -0.0005320236       -0.0004909396       -0.0004533337       -0.0003732278       -0.0003834321       -0.0002714960       -0.0002330829
      168.0000000000       -0.0005346659       -0.0005095395       -0.0005033324       -0.0004536060       -0.0003745795       -0.0003616499       -0.0002749049       -0.0002606448
      169.0000000000       -0.0005354429       -0.0005077746       -0.0005087470       -0.0004495430       -0.0003866075       -0.0003269834       -0.0003183714       -0.0002649039
      170.0000000000       -0.0005679054       -0.0004930048       -0.0005193759       -0.0004447106       -0.0003937878       -0.0003536523       -0.0003288391       -0.0002480644
      171.0000000000       -0.0005708041       -0.0005234846       -0.0004854790       -0.0004577790       -0.0003729919       -0.0003536866       -0.0002900193       -0.0002817411
      172.0000000000       -0.0005537635       -0.0005495744       -0.0004944039       -0.0004785436       -0.0003714979       -0.0003988475       -0.0002895891       -0.0003163031
      173.0000000000       -0.0005443187       -0.0005189882       -0.0005177624       -0.0004778758       -0.0004121663       -0.0004218062       -0.0002783976       -0.0002945726
      174.0000000000       -0.0005736922       -0.0005389892       -0.0005089156       -0.0004978523       -0.0004591016       -0.0003616458       -0.0002737666       -0.0003185164
      175.0000000000       -0.0005511412       -0.0005046824       -0.0004809139       -0.0005268412       -0.0004523169       -0.0003346728       -0.0002805280       -0.0003053152
      176.0000000000       -0.0005279051       -0.0004865589       -0.0004860735       -0.0004955076       -0.0004571502       -0.0003558521       -0.0003061573       -0.0002993980
      177.0000000000       -0.0005563750       -0.0005051168       -0.0005000445       -0.0004684682       -0.0004429616       -0.0003460618       -0.0003167808       -0.0002847513
      178.0000000000       -0.0005542169       -0.0004931936       -0.0004922273       -0.0004535686       -0.0004571251       -0.0003650908       -0.0003237016       -0.0003227438
      179.0000000000       -0.0005056222       -0.0004808371       -0.0004889316       -0.0004524525       -0.0004518867       -0.0003703727       -0.0003251218       -0.0003321091
      180.0000000000       -0.0005125046       -0.0004869955       -0.0004790204       -0.0004381788       -0.0004297336       -0.0003579471       -0.0003117112       -0.0003069248
      181.0000000000       -0.0005672727       -0.0004967155       -0.0004887037       -0.0004316671       -0.0004352346       -0.0003619333       -0.0003214276       -0.0002973025
      182.0000000000       -0.0005588129       -0.0004874463       -0.0004718643       -0.0004146766       -0.0004474652       -0.0003439236       -0.0003308935       -0.0003218010
      183.0000000000       -0.0005271165       -0.0005076213       -0.0004885249       -0.0004109347       -0.0004351155       -0.0003814826       -0.0003191167       -0.0003113610
      184.0000000000       -0.0005112098       -0.0005450010       -0.0004888692       -0.0004444381       -0.0004240838       -0.0004131263       -0.0003336666       -0.0002858856
      185.0000000000       -0.0005147706       -0.0005048933       -0.0004733416       -0.0004524322       -0.0004500416       -0.0004059042       -0.0003570806       -0.0002909518
      186.0000000000       -0.0005128055       -0.0005065895       -0.0004819906       -0.0004258538       -0.0004075120       -0.0003776123       -0.0003368265       -0.0002758124
      187.0000000000       -0.0005488824       -0.0005224931       -0.0004812945       -0.0004253243       -0.0003980375       -0.0003542255       -0.0003588453       -0.0002946010
      188.0000000000       -0.0005624064       -0.0005334072       -0.0004964564       -0.0004579043       -0.0004030198       -0.0003900327       -0.0003558998       -0.0002632115
      189.0000000000       -0.0005730079       -0.0005407375       -0.0004946062       -0.0004829248       -0.0004392625       -0.0004005073       -0.0003620067       -0.0002791167
      190.0000000000       -0.0005403392       -0.0005382568       -0.0004899443       -0.0004708772       -0.0004606736       -0.0004243305       -0.0003466755       -0.0003006030
      191.0000000000       -0.0005195440       -0.0005224034       -0.0004931036       -0.0004688950       -0.0004444415       -0.0004276451       -0.0003401670       -0.0002958687
      192.0000000000       -0.0005108970       -0.0005247939       -0.0004799820       -0.0004916320       -0.0004489860       -0.0004309461       -0.0003516659       -0.0003343581
      193.0000000000       -0.0005383794       -0.0005252187       -0.0004826027       -0.0005078477       -0.0004499766       -0.0004331184       -0.0003483889       -0.0003341976
      194.0000000000       -0.0005368994       -0.0005229544       -0.0005205564       -0.0004782761       -0.0004462199       -0.0004206881       -0.0003444474       -0.0003128144
      195.0000000000       -0.0005650180       -0.0005087741       -0.0005339445       -0.0004808815       -0.0004372927       -0.0004334230       -0.0003605454       -0.0003223366
      196.0000000000       -0.0005462575       -0.0005076641       -0.0005209977       -0.0004600134       -0.0004319987       -0.0004295355       -0.0003995700       -0.0003335261
      197.0000000000       -0.0005448727       -0.0005154464       -0.0004981031       -0.0004809822       -0.0004378188       -0.0003973854       -0.0003809617       -0.0003227232
      198.0000000000       -0.0005338714       -0.0005506258       -0.0004914272       -0.0004702261       -0.0004605652       -0.0003808600       -0.0003854056       -0.0003779861
      199.0000000000       -0.0005135798       -0.0005968410       -0.0004924131       -0.0004819370       -0.0004532723       -0.0003732681       -0.0004129089       -0.0003771766
      200.0000000000       -0.0005190689       -0.0005886936       -0.0005153826       -0.0004929236       -0.0004454702       -0.0003875204       -0.0003970234       -0.0003754208
      201.0000000000       -0.0005025289       -0.0005366337       -0.0005294232       -0.0004888730       -0.0004646576       -0.0004091278       -0.0004247696       -0.0003565532
      202.0000000000       -0.0005339301       -0.0005185159       -0.0005419342       -0.0005029048       -0.0004827020       -0.0004195848       -0.0004012097       -0.0003526306
      203.0000000000       -0.0005376803       -0.0005259636       -0.0005236794       -0.0005064303       -0.0005094817       -0.0004081717       -0.0003706345       -0.0003704909
      204.0000000000       -0.0005254806       -0.0005427600       -0.0005297269       -0.0004980443       -0.0004944655       -0.0004153020       -0.0003903523       -0.0003753190
      205.0000000000       -0.0005315559       -0.0005633923       -0.0004841080       -0.0004876157       -0.0004681399       -0.0004187253       -0.0003938143       -0.0003460796
      206.0000000000       -0.0005437282       -0.0005375608       -0.0004853845       -0.0004731805       -0.0004884545       -0.0004407461       -0.0004016891       -0.0003505332
      207.0000000000       -0.0005723795       -0.0005663666       -0.0004986118       -0.0004987730       -0.0004661532       -0.0004415221       -0.0004064518       -0.0003537311
      208.0000000000       -0.0005360001       -0.0005372111       -0.0005213997       -0.0004813227       -0.0004248616       -0.0004703912       -0.0003994141       -0.0003641359
      209.0000000000       -0.0005049687       -0.0005051779       -0.0005388511       -0.0004953793       -0.0004631486       -0.0004884741       -0.0003933993       -0.0003806603
      210.0000000000       -0.0005030213       -0.0005216828       -0.0005195897       -0.0004817026       -0.0004526681       -0.0004455584       -0.0003733717       -0.0003949410
      211.0000000000       -0.0005209646       -0.0005403527       -0.0004998365       -0.0004577561       -0.0004993001       -0.0004456689       -0.0003854335       -0.0003683104
      212.0000000000       -0.0005328852       -0.0005440340       -0.0005131546       -0.0004618592       -0.0005335924       -0.0004522357       -0.0004098009       -0.0003532884
      213.0000000000       -0.0005580706       -0.0005423843       -0.0005050408       -0.0004799800       -0.0005379952       -0.0004826576       -0.0004085883       -0.0003603022
      214.0000000000       -0.0005685440       -0.0005345226       -0.0005055685       -0.0004839726       -0.0005236810       -0.0005031332       -0.0004154598       -0.0004039140
      215.0000000000       -0.0005649466       -0.0005316159       -0.0005290790       -0.0004991623       -0.0005083525       -0.0005239577       -0.0004377772       -0.0004087338
      216.0000000000       -0.0005956700       -0.0005429072       -0.0005545258       -0.0004783412       -0.0004587868       -0.0005205680       -0.0004249522       -0.0004068571
      217.0000000000       -0.0005668991       -0.0005417911       -0.0005569602       -0.0005027110       -0.0004775409       -0.0004710874       -0.0004385564       -0.0003931337
      218.0000000000       -0.0005327542       -0.0005746959       -0.0005391077       -0.0005464633       -0.0005081786       -0.0004330886       -0.0004342889       -0.0003778446
      219.0000000000       -0.0005633246       -0.0005689788       -0.0005458081       -0.0005275426       -0.0005174854       -0.0004405017       -0.0004234765       -0.0003821958
      220.0000000000       -0.0005723799       -0.0005732988       -0.0005296296       -0.0005060834       -0.0005220806       -0.0004393927       -0.0003920701       -0.0003583799
      221.0000000000       -0.0005572151       -0.0005961367       -0.0005049252       -0.0004957239       -0.0005109907       -0.0004547343       -0.0003912633       -0.0003977125
      222.0000000000       -0.0005721779       -0.0005853690       -0.0004796790       -0.0005049624       -0.0005105048       -0.0004720412       -0.0003946716       -0.0003838212
      223.0000000000       -0.0005611048       -0.0005271994       -0.0005126987       -0.0005387237       -0.0005249578       -0.0004658994       -0.0004056293       -0.0003753667
      224.0000000000       -0.0005363674       -0.0005206170       -0.0005272106       -0.0005460718       -0.0004662601       -0.0004992539       -0.0004252995       -0.0003842434
      225.0000000000       -0.0005522874       -0.0005227912       -0.0004880955       -0.0005306682       -0.0004705379       -0.0004796265       -0.0004042115       -0.0003722417
      226.0000000000       -0.0005566246       -0.0005061154       -0.0005019657       -0.0005524111       -0.0004791787       -0.0004704940       -0.0004221527       -0.0003994635
      227.0000000000       -0.0005276005       -0.0005154163       -0.0005360010       -0.0005418885       -0.0004260634       -0.0004366969       -0.0004434360       -0.0003990484
      228.0000000000       -0.0004953557       -0.0005192651       -0.0005358511       -0.0005323062       -0.0004544772       -0.0004559059       -0.0004631145       -0.0003824930
      229.0000000000       -0.0005349002       -0.0005371693       -0.0005305790       -0.0005179304       -0.0004669742       -0.0004925078       -0.0004779552       -0.0003644548
      230.0000000000       -0.0005279995       -0.0005510856       -0.0005503271       -0.0005104750       -0.0004851065       -0.0004688566       -0.0004409227       -0.0003659229
      231.0000000000       -0.0005387670       -0.0005448182       -0.0005578417       -0.0005450545       -0.0004598885       -0.0004335502       -0.0004248388       -0.0003760350
      232.0000000000       -0.0005616190       -0.0005331201       -0.0005428215       -0.0005583092       -0.0004683322       -0.0004777848       -0.0004534086       -0.0004032945
      233.0000000000       -0.0005481663       -0.0005224255       -0.0005119714       -0.0005529808       -0.0004956296       -0.0004840406       -0.0004764581       -0.0004362670
      234.0000000000       -0.0005350372       -0.0005119282       -0.0005447498       -0.0005302134       -0.0005010585       -0.0005043771       -0.0004384373       -0.0004540111
      235.0000000000       -0.0005758633       -0.0005276010       -0.0005424574       -0.0005315279       -0.0005042382       -0.0004993193       -0.0004461990       -0.0003951557
      236.0000000000       -0.0005679219       -0.0005346851       -0.0005316619       -0.0005108682       -0.0004933076       -0.0005073455       -0.0004446091       -0.0003743006
      237.0000000000       -0.0005287079       -0.0005142962       -0.0005321768       -0.0004911433       -0.0004834295       -0.0004883462       -0.0004467518       -0.0004024850
      238.0000000000       -0.0005390386       -0.0004951144       -0.0005431381       -0.0004833066       -0.0004273670       -0.0004662681       -0.0004491999       -0.0004100191
      239.0000000000       -0.0005533750       -0.0004959188       -0.0005474512       -0.0005060238       -0.0004254786       -0.0004477098       -0.0004510782       -0.0004108322
      240.0000000000       -0.0005266292       -0.0005135990       -0.0005313660       -0.0005017996       -0.0004649463       -0.0004522409       -0.0004295976       -0.0004411401
      241.0000000000       -0.0005270885       -0.0005098300       -0.0005508529       -0.0005006177       -0.0004588780       -0.0004565537       -0.0004447895       -0.0004178220
      242.0000000000       -0.0005515373       -0.0005322373       -0.0005528267       -0.0004967757       -0.0005141878       -0.0004647579       -0.0004351022       -0.0004252015
      243.0000000000       -0.0005353641       -0.0005261406       -0.0005303323       -0.0005024749       -0.0005075250       -0.0004546785       -0.0004434471       -0.0004206990
      244.0000000000       -0.0005379056       -0.0005185662       -0.0005230962       -0.0005333485       -0.0004868274       -0.0004739871       -0.0004205115       -0.0004447608
      245.0000000000       -0.0005401409       -0.0005328457       -0.0005437815       -0.0005589283       -0.0004670785       -0.0005014027       -0.0004621556       -0.0004067976
      246.0000000000       -0.0005065034       -0.0004848561       -0.0005572121       -0.0005451518       -0.0004727350       -0.0004664846       -0.0004330625       -0.0003852389
      247.0000000000       -0.0005124273       -0.0004903661       -0.0005477522       -0.0005253813       -0.0004712710       -0.0004322955       -0.0004399073       -0.0003757626
      248.0000000000       -0.0005242880       -0.0005379360       -0.0005102951       -0.0005031183       -0.0004656343       -0.0004314939       -0.0004507323       -0.0003995167
      249.0000000000       -0.0005255794       -0.0005460941       -0.0005066870       -0.0004895176       -0.0004551795       -0.0004432159       -0.0004415922       -0.0003879993
      250.0000000000       -0.0005256861       -0.0005442698       -0.0005164220       -0.0004968094       -0.0004312596       -0.0004262891       -0.0004395565       -0.0003542152
      251.0000000000       -0.0005126335       -0.0005235137       -0.0005043052       -0.0005203020       -0.0004327730       -0.0004453294       -0.0004541783       -0.0003657966
      252.0000000000       -0.0005309312       -0.0005111937       -0.0004696937       -0.0005068683       -0.0004504658       -0.0004604119       -0.0004139559       -0.0004216384
      253.0000000000       -0.0005458381       -0.0005066743       -0.0004821726       -0.0004819854       -0.0004590514       -0.0004804684       -0.0004018418       -0.0004149911
      254.0000000000       -0.0005277081       -0.0005011984       -0.0005008035       -0.0004855561       -0.0004654382       -0.0004726124       -0.0004153818       -0.0003959967
      255.0000000000       -0.0005428094       -0.0005201767       -0.0004976879       -0.0004853852       -0.0004802964       -0.0004399493       -0.0004260300       -0.0004296522
