        0.0000000000        0.0168846657
        1.0000000000        0.0085290660
        2.0000000000        0.0061414848
        3.0000000000        0.0049259147
        4.0000000000        0.0041582588
        5.0000000000        0.0036155280
        6.0000000000        0.0032074774
        7.0000000000        0.0028907844
        8.0000000000        0.0026358550
        9.0000000000        0.0024350907
       10.0000000000        0.0022579664
       11.0000000000        0.0021020047
       12.0000000000        0.0019733348
       13.0000000000        0.0018508631
       14.0000000000        0.0017385783
       15.0000000000        0.0016492317
       16.0000000000        0.0015687354
       17.0000000000        0.0014935092
       18.0000000000        0.0014233696
       19.0000000000        0.0013614489
       20.0000000000        0.0013023355
       21.0000000000        0.0012517499
       22.0000000000        0.0011939693
       23.0000000000        0.0011500267
       24.0000000000        0.0011059265
       25.0000000000        0.0010578411
       26.0000000000        0.0010151683
       27.0000000000        0.0009842736
       28.0000000000        0.0009543104
       29.0000000000        0.0009226924
       30.0000000000        0.0008952315
       31.0000000000        0.0008646234
       32.0000000000        0.0008414762
       33.0000000000        0.0008167084
       34.0000000000        0.0007945609
       35.0000000000        0.0007747694
       36.0000000000        0.0007595248
       37.0000000000        0.0007396221
       38.0000000000        0.0007167595
       39.0000000000        0.0006889348
       40.0000000000        0.0006696023
       41.0000000000        0.0006542638
       42.0000000000        0.0006308730
       43.0000000000        0.0006170612
       44.0000000000        0.0005967509
       45.0000000000        0.0005834990
       46.0000000000        0.0005661224
       47.0000000000        0.0005595237
       48.0000000000        0.0005430800
       49.0000000000        0.0005255563
       50.0000000000        0.0005134849
       51.0000000000        0.0004995284
       52.0000000000        0.0004764260
       53.0000000000        0.0004755590
       54.0000000000        0.0004585036
       55.0000000000        0.0004430743
       56.0000000000        0.0004365507
       57.0000000000        0.0004248893
       58.0000000000        0.0004177022
       59.0000000000        0.0004120886
       60.0000000000        0.0004022078
       61.0000000000        0.0003878720
       62.0000000000        0.0003878860
       63.0000000000        0.0003803676
       64.0000000000        0.0003690969
       65.0000000000        0.0003635575
       66.0000000000        0.0003506765
       67.0000000000        0.0003433275
       68.0000000000        0.0003311211
       69.0000000000        0.0003185562
       70.0000000000        0.0003246785
       71.0000000000        0.0003126382
       72.0000000000        0.0003044161
       73.0000000000        0.0003038000
       74.0000000000        0.0003071760
       75.0000000000        0.0002854455
       76.0000000000        0.0002773184
       77.0000000000        0.0002764329
       78.0000000000        0.0002756370
       79.0000000000        0.0002573316
       80.0000000000        0.0002479104
       81.0000000000        0.0002412668
       82.0000000000        0.0002481794
       83.0000000000        0.0002435553
       84.0000000000        0.0002374975
       85.0000000000        0.0002374032
       86.0000000000        0.0002273279
       87.0000000000        0.0002223832
       88.0000000000        0.0002225012
       89.0000000000        0.0002298721
       90.0000000000        0.0002216779
       91.0000000000        0.0002190536
       92.0000000000        0.0002071005
       93.0000000000        0.0002057059
       94.0000000000        0.0002021008
       95.0000000000        0.0001918928
       96.0000000000        0.0001889254
       97.0000000000        0.0001954935
       98.0000000000        0.0001912909
       99.0000000000        0.0001872162
      100.0000000000        0.0001809646
      101.0000000000        0.0001761095
      102.0000000000        0.0001632785
      103.0000000000        0.0001506201
      104.0000000000        0.0001527686
      105.0000000000        0.0001505220
      106.0000000000        0.0001604330
      107.0000000000        0.0001528256
      108.0000000000        0.0001522838
      109.0000000000        0.0001360851
      110.0000000000        0.0001257947
      111.0000000000        0.0001235961
      112.0000000000        0.0001181415
      113.0000000000        0.0001232046
      114.0000000000        0.0001204930
      115.0000000000        0.0001222070
      116.0000000000        0.0001170736
      117.0000000000        0.0001145504
      118.0000000000        0.0001178638
      119.0000000000        0.0001221513
      120.0000000000        0.0001169026
      121.0000000000        0.0001132184
      122.0000000000        0.0001167590
      123.0000000000        0.0001126427
      124.0000000000        0.0001116406
      125.0000000000        0.0001045275
      126.0000000000        0.0001048879
      127.0000000000        0.0001039182
      128.0000000000        0.0000865560
      129.0000000000        0.0000833706
      130.0000000000        0.0000950856
      131.0000000000        0.0000907724
      132.0000000000        0.0000927914
      133.0000000000        0.0000874062
      134.0000000000        0.0000898494
      135.0000000000        0.0000913650
      136.0000000000        0.0000883353
      137.0000000000        0.0000844402
      138.0000000000        0.0000829968
      139.0000000000        0.0000859163
      140.0000000000        0.0000791776
      141.0000000000        0.0000788574
      142.0000000000        0.0000803901
      143.0000000000        0.0000802919
      144.0000000000        0.0000765294
      145.0000000000        0.0000763862
      146.0000000000        0.0000695295
      147.0000000000        0.0000630792
      148.0000000000        0.0000585286
      149.0000000000        0.0000561840
      150.0000000000        0.0000456371
      151.0000000000        0.0000382057
      152.0000000000        0.0000336616
      153.0000000000        0.0000370854
      154.0000000000        0.0000453910
      155.0000000000        0.0000382090
      156.0000000000        0.0000332335
      157.0000000000        0.0000325517
      158.0000000000        0.0000277208
      159.0000000000        0.0000256991
      160.0000000000        0.0000370373
      161.0000000000        0.0000421304
      162.0000000000        0.0000472140
      163.0000000000        0.0000398818
      164.0000000000        0.0000465313
      165.0000000000        0.0000470438
      166.0000000000        0.0000374416
      167.0000000000        0.0000407667
      168.0000000000        0.0000388596
      169.0000000000        0.0000424954
      170.0000000000        0.0000486598
      171.0000000000        0.0000509865
      172.0000000000        0.0000514764
      173.0000000000        0.0000486204
      174.0000000000        0.0000372940
      175.0000000000        0.0000303328
      176.0000000000        0.0000325935
      177.0000000000        0.0000321322
      178.0000000000        0.0000333162
      179.0000000000        0.0000397997
      180.0000000000        0.0000343843
      181.0000000000        0.0000283152
      182.0000000000        0.0000285342
      183.0000000000        0.0000287385
      184.0000000000        0.0000305563
      185.0000000000        0.0000365428
      186.0000000000        0.0000280745
      187.0000000000        0.0000261985
      188.0000000000        0.0000278376
      189.0000000000        0.0000287227
      190.0000000000        0.0000305582
      191.0000000000        0.0000335425
      192.0000000000        0.0000266679
      193.0000000000        0.0000242454
      194.0000000000        0.0000294433
      195.0000000000        0.0000323199
      196.0000000000        0.0000273061
      197.0000000000        0.0000235924
      198.0000000000        0.0000268726
      199.0000000000        0.0000268689
      200.0000000000        0.0000178936
      201.0000000000        0.0000168350
      202.0000000000        0.0000170085
      203.0000000000        0.0000197765
      204.0000000000        0.0000253797
      205.0000000000        0.0000257682
      206.0000000000        0.0000112013
      207.0000000000        0.0000074414
      208.0000000000        0.0000096031
      209.0000000000        0.0000090135
      210.0000000000        0.0000192566
      211.0000000000        0.0000174241
      212.0000000000        0.0000182393
      213.0000000000        0.0000197636
      214.0000000000        0.0000153614
      215.0000000000        0.0000216826
      216.0000000000        0.0000191136
      217.0000000000        0.0000149789
      218.0000000000        0.0000217280
      219.0000000000        0.0000108303
      220.0000000000        0.0000083345
      221.0000000000        0.0000052221
      222.0000000000        0.0000101532
      223.0000000000        0.0000037203
      224.0000000000        0.0000123761
      225.0000000000        0.0000100742
      226.0000000000        0.0000050879
      227.0000000000        0.0000083661
      228.0000000000        0.0000120120
      229.0000000000        0.0000077501
      230.0000000000        0.0000056723
      231.0000000000        0.0000089305
      232.0000000000        0.0000020040
      233.0000000000        0.0000079461
      234.0000000000        0.0000062063
      235.0000000000        0.0000102184
      236.0000000000        0.0000080934
      237.0000000000        0.0000083945
      238.0000000000        0.0000051005
      239.0000000000        0.0000049715
      240.0000000000        0.0000002124
      241.0000000000        0.0000052675
      242.0000000000        0.0000023760
      243.0000000000        0.0000069397
      244.0000000000        0.0000032130
      245.0000000000        0.0000056283
      246.0000000000        0.0000067215
      247.0000000000        0.0000089435
      248.0000000000        0.0000032398
      249.0000000000        0.0000135441
      250.0000000000        0.0000109108
      251.0000000000        0.0000151292
      252.0000000000        0.0000179062
      253.0000000000        0.0000098933
      254.0000000000        0.0000163111
      255.0000000000        0.0000187101
      256.0000000000        0.0000167426
