        0.0000000000        0.0166087467
        1.0000000000        0.0084449671
        2.0000000000        0.0060984826
        3.0000000000        0.0049031999
        4.0000000000        0.0041630628
        5.0000000000        0.0036128315
        6.0000000000        0.0032097994
        7.0000000000        0.0028939777
        8.0000000000        0.0026332957
        9.0000000000        0.0024474840
       10.0000000000        0.0022755714
       11.0000000000        0.0021073204
       12.0000000000        0.0019808589
       13.0000000000        0.0018458113
       14.0000000000        0.0017360318
       15.0000000000        0.0016531373
       16.0000000000        0.0015781894
       17.0000000000        0.0015130091
       18.0000000000        0.0014446007
       19.0000000000        0.0013723587
       20.0000000000        0.0013113503
       21.0000000000        0.0012575204
       22.0000000000        0.0011969024
       23.0000000000        0.0011358599
       24.0000000000        0.0010837487
       25.0000000000        0.0010469869
       26.0000000000        0.0010142674
       27.0000000000        0.0009729032
       28.0000000000        0.0009394627
       29.0000000000        0.0009034185
       30.0000000000        0.0008839440
       31.0000000000        0.0008744135
       32.0000000000        0.0008610102
       33.0000000000        0.0008375810
       34.0000000000        0.0008271359
       35.0000000000        0.0007938753
       36.0000000000        0.0007817547
       37.0000000000        0.0007593264
       38.0000000000        0.0007334851
       39.0000000000        0.0007029044
       40.0000000000        0.0006786114
       41.0000000000        0.0006589074
       42.0000000000        0.0006404149
       43.0000000000        0.0006272704
       44.0000000000        0.0006034976
       45.0000000000        0.0006003536
       46.0000000000        0.0005902757
       47.0000000000        0.0005837627
       48.0000000000        0.0005592589
       49.0000000000        0.0005464916
       50.0000000000        0.0005393637
       51.0000000000        0.0005177007
       52.0000000000        0.0004911543
       53.0000000000        0.0004889393
       54.0000000000        0.0004845884
       55.0000000000        0.0004622313
       56.0000000000        0.0004552114
       57.0000000000        0.0004401569
       58.0000000000        0.0004240557
       59.0000000000        0.0004197815
       60.0000000000        0.0004115030
       61.0000000000        0.0004044333
       62.0000000000        0.0004094720
       63.0000000000        0.0003893952
       64.0000000000        0.0003783567
       65.0000000000        0.0003658688
       66.0000000000        0.0003531277
       67.0000000000        0.0003585877
       68.0000000000        0.0003467930
       69.0000000000        0.0003520500
       70.0000000000        0.0003401147
       71.0000000000        0.0003285182
       72.0000000000        0.0003193362
       73.0000000000        0.0003217101
       74.0000000000        0.0003237062
       75.0000000000        0.0003079977
       76.0000000000        0.0002895961
       77.0000000000        0.0002899889
       78.0000000000        0.0002989841
       79.0000000000        0.0002731977
       80.0000000000        0.0002505354
       81.0000000000        0.0002500524
       82.0000000000        0.0002381984
       83.0000000000        0.0002407278
       84.0000000000        0.0002469511
       85.0000000000        0.0002472179
       86.0000000000        0.0002299368
       87.0000000000        0.0002210610
       88.0000000000        0.0002288578
       89.0000000000        0.0002287090
       90.0000000000        0.0002272906
       91.0000000000        0.0002189703
       92.0000000000        0.0002036643
       93.0000000000        0.0001936122
       94.0000000000        0.0001867594
       95.0000000000        0.0001873567
       96.0000000000        0.0001651533
       97.0000000000        0.0001806629
       98.0000000000        0.0001754455
       99.0000000000        0.0001794311
      100.0000000000        0.0001749932
      101.0000000000        0.0001737855
      102.0000000000        0.0001669135
      103.0000000000        0.0001518576
      104.0000000000        0.0001513002
      105.0000000000        0.0001459585
      106.0000000000        0.0001560412
      107.0000000000        0.0001335550
      108.0000000000        0.0001437791
      109.0000000000        0.0001374450
      110.0000000000        0.0001170727
      111.0000000000        0.0001189123
      112.0000000000        0.0001232474
      113.0000000000        0.0001199119
      114.0000000000        0.0001255119
      115.0000000000        0.0001129365
      116.0000000000        0.0001106720
      117.0000000000        0.0001155475
      118.0000000000        0.0001158377
      119.0000000000        0.0001032267
      120.0000000000        0.0001041674
      121.0000000000        0.0001065019
      122.0000000000        0.0000919909
      123.0000000000        0.0000787728
      124.0000000000        0.0000853500
      125.0000000000        0.0000755479
      126.0000000000        0.0000751239
      127.0000000000        0.0000721828
      128.0000000000        0.0000636810
      129.0000000000        0.0000703931
      130.0000000000        0.0000834936
      131.0000000000        0.0000824125
      132.0000000000        0.0000859176
      133.0000000000        0.0000743034
      134.0000000000        0.0000780003
      135.0000000000        0.0000784790
      136.0000000000        0.0000683246
      137.0000000000        0.0000721642
      138.0000000000        0.0000833922
      139.0000000000        0.0000965040
      140.0000000000        0.0000973480
      141.0000000000        0.0000889683
      142.0000000000        0.0000848360
      143.0000000000        0.0000792473
      144.0000000000        0.0000673337
      145.0000000000        0.0000657156
      146.0000000000        0.0000531954
      147.0000000000        0.0000598068
      148.0000000000        0.0000684999
      149.0000000000        0.0000670714
      150.0000000000        0.0000754348
      151.0000000000        0.0000659518
      152.0000000000        0.0000493529
      153.0000000000        0.0000505167
      154.0000000000        0.0000465127
      155.0000000000        0.0000459621
      156.0000000000        0.0000438409
      157.0000000000        0.0000523027
      158.0000000000        0.0000625744
      159.0000000000        0.0000380879
      160.0000000000        0.0000373514
      161.0000000000        0.0000502727
      162.0000000000        0.0000566803
      163.0000000000        0.0000444009
      164.0000000000        0.0000395281
      165.0000000000        0.0000357115
      166.0000000000        0.0000330995
      167.0000000000        0.0000306835
      168.0000000000        0.0000401796
      169.0000000000        0.0000308409
      170.0000000000        0.0000391824
      171.0000000000        0.0000486803
      172.0000000000        0.0000457893
      173.0000000000        0.0000394895
      174.0000000000        0.0000249226
      175.0000000000        0.0000247180
      176.0000000000        0.0000281164
      177.0000000000        0.0000335695
      178.0000000000        0.0000451257
      179.0000000000        0.0000472857
      180.0000000000        0.0000499533
      181.0000000000        0.0000374892
      182.0000000000        0.0000282769
      183.0000000000        0.0000242202
      184.0000000000        0.0000244444
      185.0000000000        0.0000314320
      186.0000000000        0.0000073535
      187.0000000000        0.0000075300
      188.0000000000        0.0000149279
      189.0000000000        0.0000266367
      190.0000000000        0.0000273395
      191.0000000000        0.0000252914
      192.0000000000        0.0000242857
      193.0000000000        0.0000212367
      194.0000000000        0.0000298344
      195.0000000000        0.0000305766
      196.0000000000        0.0000325273
      197.0000000000        0.0000366065
      198.0000000000        0.0000509484
      199.0000000000        0.0000390690
      200.0000000000        0.0000283305
      201.0000000000        0.0000240317
      202.0000000000        0.0000288420
      203.0000000000        0.0000296772
      204.0000000000        0.0000295419
      205.0000000000        0.0000349402
      206.0000000000        0.0000198321
      207.0000000000        0.0000157799
      208.0000000000        0.0000247055
      209.0000000000        0.0000203707
      210.0000000000        0.0000144532
      211.0000000000        0.0000152543
      212.0000000000        0.0000034912
      213.0000000000        0.0000243084
      214.0000000000        0.0000077865
      215.0000000000        0.0000090173
      216.0000000000        0.0000083945
      217.0000000000        0.0000124257
      218.0000000000        0.0000183852
      219.0000000000        0.0000131519
      220.0000000000        0.0000101106
      221.0000000000        0.0000026106
      222.0000000000        0.0000096317
      223.0000000000       -0.0000021740
      224.0000000000        0.0000221996
      225.0000000000        0.0000217700
      226.0000000000        0.0000218450
      227.0000000000        0.0000183452
      228.0000000000        0.0000088917
      229.0000000000        0.0000116160
      230.0000000000        0.0000173435
      231.0000000000        0.0000163516
      232.0000000000        0.0000214766
      233.0000000000        0.0000232770
      234.0000000000        0.0000145801
      235.0000000000        0.0000159212
      236.0000000000        0.0000256839
      237.0000000000        0.0000130670
      238.0000000000        0.0000284187
      239.0000000000        0.0000281492
      240.0000000000        0.0000064844
      241.0000000000        0.0000057120
      242.0000000000       -0.0000106932
      243.0000000000       -0.0000041383
      244.0000000000       -0.0000050372
      245.0000000000        0.0000104610
      246.0000000000        0.0000105626
      247.0000000000        0.0000129635
      248.0000000000        0.0000052701
      249.0000000000        0.0000218872
      250.0000000000        0.0000237089
      251.0000000000        0.0000358745
      252.0000000000        0.0000277446
      253.0000000000        0.0000140536
      254.0000000000        0.0000268167
      255.0000000000        0.0000214851
      256.0000000000        0.0000188717
