        0.0000000000        0.0474121481
        1.0000000000        0.0231629620
        2.0000000000        0.0165179877
        3.0000000000        0.0131908923
        4.0000000000        0.0111122131
        5.0000000000        0.0096651122
        6.0000000000        0.0085830736
        7.0000000000        0.0077395635
        8.0000000000        0.0070572158
        9.0000000000        0.0064956443
       10.0000000000        0.0060173262
       11.0000000000        0.0056078729
       12.0000000000        0.0052518456
       13.0000000000        0.0049374259
       14.0000000000        0.0046596654
       15.0000000000        0.0044117375
       16.0000000000        0.0041875572
       17.0000000000        0.0039835125
       18.0000000000        0.0037989816
       19.0000000000        0.0036302797
       20.0000000000        0.0034706636
       21.0000000000        0.0033276849
       22.0000000000        0.0031951144
       23.0000000000        0.0030673209
       24.0000000000        0.0029542183
       25.0000000000        0.0028435774
       26.0000000000        0.0027423531
       27.0000000000        0.0026482150
       28.0000000000        0.0025551335
       29.0000000000        0.0024706547
       30.0000000000        0.0023886664
       31.0000000000        0.0023151753
       32.0000000000        0.0022452731
       33.0000000000        0.0021739327
       34.0000000000        0.0021061405
       35.0000000000        0.0020429343
       36.0000000000        0.0019813398
       37.0000000000        0.0019246536
       38.0000000000        0.0018695012
       39.0000000000        0.0018138278
       40.0000000000        0.0017647927
       41.0000000000        0.0017217277
       42.0000000000        0.0016696397
       43.0000000000        0.0016262919
       44.0000000000        0.0015863920
       45.0000000000        0.0015424033
       46.0000000000        0.0015020465
       47.0000000000        0.0014628940
       48.0000000000        0.0014245513
       49.0000000000        0.0013925299
       50.0000000000        0.0013580774
       51.0000000000        0.0013250763
       52.0000000000        0.0012954030
       53.0000000000        0.0012650449
       54.0000000000        0.0012373367
       55.0000000000        0.0012056163
       56.0000000000        0.0011783361
       57.0000000000        0.0011479832
       58.0000000000        0.0011212880
       59.0000000000        0.0010956938
       60.0000000000        0.0010713334
       61.0000000000        0.0010476360
       62.0000000000        0.0010271709
       63.0000000000        0.0010019921
       64.0000000000        0.0009788030
       65.0000000000        0.0009577065
       66.0000000000        0.0009377660
       67.0000000000        0.0009148520
       68.0000000000        0.0008961830
       69.0000000000        0.0008747409
       70.0000000000        0.0008575863
       71.0000000000        0.0008367556
       72.0000000000        0.0008218702
       73.0000000000        0.0008022175
       74.0000000000        0.0007848415
       75.0000000000        0.0007661794
       76.0000000000        0.0007499482
       77.0000000000        0.0007345705
       78.0000000000        0.0007207585
       79.0000000000        0.0007011003
       80.0000000000        0.0006875755
       81.0000000000        0.0006722664
       82.0000000000        0.0006600479
       83.0000000000        0.0006471558
       84.0000000000        0.0006333477
       85.0000000000        0.0006230772
       86.0000000000        0.0006047428
       87.0000000000        0.0005948851
       88.0000000000        0.0005826706
       89.0000000000        0.0005692082
       90.0000000000        0.0005569533
       91.0000000000        0.0005456173
       92.0000000000        0.0005311889
       93.0000000000        0.0005222385
       94.0000000000        0.0005124164
       95.0000000000        0.0005010613
       96.0000000000        0.0004897406
       97.0000000000        0.0004825829
       98.0000000000        0.0004711908
       99.0000000000        0.0004629780
      100.0000000000        0.0004524520
      101.0000000000        0.0004457168
      102.0000000000        0.0004343554
      103.0000000000        0.0004236283
      104.0000000000        0.0004152196
      105.0000000000        0.0004062053
      106.0000000000        0.0003973152
      107.0000000000        0.0003881948
      108.0000000000        0.0003807676
      109.0000000000        0.0003735265
      110.0000000000        0.0003662233
      111.0000000000        0.0003620463
      112.0000000000        0.0003523444
      113.0000000000        0.0003455684
      114.0000000000        0.0003367029
      115.0000000000        0.0003298032
      116.0000000000        0.0003235945
      117.0000000000        0.0003194084
      118.0000000000        0.0003137021
      119.0000000000        0.0003096688
      120.0000000000        0.0003034424
      121.0000000000        0.0002934017
      122.0000000000        0.0002857455
      123.0000000000        0.0002779877
      124.0000000000        0.0002735473
      125.0000000000        0.0002684935
      126.0000000000        0.0002595704
      127.0000000000        0.0002508890
      128.0000000000        0.0002465201
      129.0000000000        0.0002409629
      130.0000000000        0.0002341238
      131.0000000000        0.0002268446
      132.0000000000        0.0002238515
      133.0000000000        0.0002186899
      134.0000000000        0.0002150427
      135.0000000000        0.0002113260
      136.0000000000        0.0002101815
      137.0000000000        0.0002042339
      138.0000000000        0.0002005630
      139.0000000000        0.0001944026
      140.0000000000        0.0001912723
      141.0000000000        0.0001846080
      142.0000000000        0.0001806294
      143.0000000000        0.0001717677
      144.0000000000        0.0001676642
      145.0000000000        0.0001650158
      146.0000000000        0.0001610990
      147.0000000000        0.0001592418
      148.0000000000        0.0001534151
      149.0000000000        0.0001475667
      150.0000000000        0.0001447015
      151.0000000000        0.0001418474
      152.0000000000        0.0001351136
      153.0000000000        0.0001327710
      154.0000000000        0.0001295168
      155.0000000000        0.0001288323
      156.0000000000        0.0001259710
      157.0000000000        0.0001225674
      158.0000000000        0.0001207578
      159.0000000000        0.0001194199
      160.0000000000        0.0001148241
      161.0000000000        0.0001111709
      162.0000000000        0.0001046004
      163.0000000000        0.0001041345
      164.0000000000        0.0001017744
      165.0000000000        0.0001020850
      166.0000000000        0.0000975932
      167.0000000000        0.0000941814
      168.0000000000        0.0000916135
      169.0000000000        0.0000910827
      170.0000000000        0.0000856753
      171.0000000000        0.0000836815
      172.0000000000        0.0000820306
      173.0000000000        0.0000803580
      174.0000000000        0.0000776947
      175.0000000000        0.0000750046
      176.0000000000        0.0000722154
      177.0000000000        0.0000694432
      178.0000000000        0.0000659645
      179.0000000000        0.0000689417
      180.0000000000        0.0000646853
      181.0000000000        0.0000615338
      182.0000000000        0.0000603595
      183.0000000000        0.0000585667
      184.0000000000        0.0000570143
      185.0000000000        0.0000539064
      186.0000000000        0.0000515912
      187.0000000000        0.0000481486
      188.0000000000        0.0000497117
      189.0000000000        0.0000471932
      190.0000000000        0.0000454860
      191.0000000000        0.0000441097
      192.0000000000        0.0000411519
      193.0000000000        0.0000384829
      194.0000000000        0.0000376450
      195.0000000000        0.0000379432
      196.0000000000        0.0000350214
      197.0000000000        0.0000333720
      198.0000000000        0.0000343845
      199.0000000000        0.0000328932
      200.0000000000        0.0000335646
      201.0000000000        0.0000322774
      202.0000000000        0.0000292167
      203.0000000000        0.0000276757
      204.0000000000        0.0000257216
      205.0000000000        0.0000251659
      206.0000000000        0.0000263190
      207.0000000000        0.0000266122
      208.0000000000        0.0000267598
      209.0000000000        0.0000248202
      210.0000000000        0.0000223053
      211.0000000000        0.0000254233
      212.0000000000        0.0000244910
      213.0000000000        0.0000244019
      214.0000000000        0.0000231292
      215.0000000000        0.0000218780
      216.0000000000        0.0000193695
      217.0000000000        0.0000161424
      218.0000000000        0.0000190896
      219.0000000000        0.0000174367
      220.0000000000        0.0000176300
      221.0000000000        0.0000174231
      222.0000000000        0.0000161529
      223.0000000000        0.0000127807
      224.0000000000        0.0000106169
      225.0000000000        0.0000106234
      226.0000000000        0.0000068108
      227.0000000000        0.0000090733
      228.0000000000        0.0000076496
      229.0000000000        0.0000062614
      230.0000000000        0.0000078924
      231.0000000000        0.0000057180
      232.0000000000        0.0000062960
      233.0000000000        0.0000085548
      234.0000000000        0.0000062617
      235.0000000000        0.0000062048
      236.0000000000        0.0000076055
      237.0000000000        0.0000080892
      238.0000000000        0.0000070441
      239.0000000000        0.0000076949
      240.0000000000        0.0000094567
      241.0000000000        0.0000092105
      242.0000000000        0.0000082018
      243.0000000000        0.0000075414
      244.0000000000        0.0000027871
      245.0000000000        0.0000036627
      246.0000000000        0.0000032915
      247.0000000000        0.0000037594
      248.0000000000        0.0000000165
      249.0000000000       -0.0000011701
      250.0000000000       -0.0000017809
      251.0000000000        0.0000001338
      252.0000000000        0.0000024181
      253.0000000000        0.0000010836
      254.0000000000        0.0000037741
      255.0000000000        0.0000053159
      256.0000000000        0.0000038065
