     -255.0000000000       -0.0005444759       -0.0005338466       -0.0005095979       -0.0004981567       -0.0004829985       -0.0004702649       -0.0004350703       -0.0004243032
     -254.0000000000       -0.0005417350       -0.0005293421       -0.0005114745       -0.0004980772       -0.0004824103       -0.0004682439       -0.0004343576       -0.0004217434
     -253.0000000000       -0.0005289462       -0.0005207012       -0.0005154825       -0.0004930515       -0.0004825349       -0.0004532258       -0.0004437001       -0.0004219171
     -252.0000000000       -0.0005321632       -0.0005275491       -0.0005186268       -0.0004924946       -0.0004827151       -0.0004444543       -0.0004372763       -0.0004212113
     -251.0000000000       -0.0005279697       -0.0005246628       -0.0005139952       -0.0004894048       -0.0004805479       -0.0004509908       -0.0004453623       -0.0004211622
     -250.0000000000       -0.0005351417       -0.0005198513       -0.0005144093       -0.0005026671       -0.0004843215       -0.0004583551       -0.0004455315       -0.0004101254
     -249.0000000000       -0.0005342069       -0.0005100231       -0.0005105387       -0.0005009937       -0.0004739846       -0.0004581324       -0.0004433551       -0.0004108202
     -248.0000000000       -0.0005323346       -0.0005142807       -0.0005142274       -0.0004969833       -0.0004684386       -0.0004526652       -0.0004371859       -0.0004273622
     -247.0000000000       -0.0005375789       -0.0005282263       -0.0005051826       -0.0004895172       -0.0004734990       -0.0004557489       -0.0004394850       -0.0004245759
     -246.0000000000       -0.0005374533       -0.0005279745       -0.0005073195       -0.0004843731       -0.0004763221       -0.0004567653       -0.0004494642       -0.0004241361
     -245.0000000000       -0.0005343275       -0.0005299623       -0.0005155911       -0.0004875988       -0.0004744800       -0.0004516035       -0.0004513436       -0.0004224478
     -244.0000000000       -0.0005339192       -0.0005211700       -0.0005146149       -0.0004869173       -0.0004814413       -0.0004599461       -0.0004549098       -0.0004180825
     -243.0000000000       -0.0005324327       -0.0005125842       -0.0005104640       -0.0004946602       -0.0004760187       -0.0004677039       -0.0004467133       -0.0004140415
     -242.0000000000       -0.0005202337       -0.0005125026       -0.0005112601       -0.0004929466       -0.0004740803       -0.0004637001       -0.0004483795       -0.0004180687
     -241.0000000000       -0.0005228751       -0.0005184116       -0.0005120157       -0.0004860883       -0.0004678954       -0.0004630857       -0.0004471097       -0.0004212841
     -240.0000000000       -0.0005240171       -0.0005341204       -0.0005125285       -0.0004858870       -0.0004743791       -0.0004614877       -0.0004429466       -0.0004278890
     -239.0000000000       -0.0005208461       -0.0005341854       -0.0005033016       -0.0004816971       -0.0004782311       -0.0004546020       -0.0004394924       -0.0004245056
     -238.0000000000       -0.0005235642       -0.0005272626       -0.0004980848       -0.0004878105       -0.0004688057       -0.0004545779       -0.0004405282       -0.0004190093
     -237.0000000000       -0.0005233061       -0.0005220775       -0.0004942183       -0.0004820982       -0.0004707394       -0.0004603668       -0.0004398093       -0.0004107861
     -236.0000000000       -0.0005377374       -0.0005199704       -0.0004941930       -0.0004871066       -0.0004744624       -0.0004598764       -0.0004445342       -0.0004027716
     -235.0000000000       -0.0005389546       -0.0005223968       -0.0004948978       -0.0004940454       -0.0004761521       -0.0004586775       -0.0004420231       -0.0004127074
     -234.0000000000       -0.0005297738       -0.0005273743       -0.0004986085       -0.0005014830       -0.0004756617       -0.0004638322       -0.0004447004       -0.0004096584
     -233.0000000000       -0.0005288272       -0.0005222440       -0.0005085352       -0.0004988233       -0.0004839572       -0.0004623350       -0.0004464137       -0.0004091247
     -232.0000000000       -0.0005365418       -0.0005239563       -0.0005104585       -0.0004936497       -0.0004804409       -0.0004656987       -0.0004366194       -0.0004129770
     -231.0000000000       -0.0005361855       -0.0005291915       -0.0005126323       -0.0004939716       -0.0004784978       -0.0004717438       -0.0004309182       -0.0004151228
     -230.0000000000       -0.0005427692       -0.0005167600       -0.0005021952       -0.0004901326       -0.0004744764       -0.0004650242       -0.0004341753       -0.0004225824
     -229.0000000000       -0.0005354996       -0.0005234454       -0.0005066900       -0.0004965025       -0.0004757823       -0.0004608178       -0.0004339291       -0.0004334165
     -228.0000000000       -0.0005264590       -0.0005339384       -0.0005092576       -0.0004917739       -0.0004781117       -0.0004530741       -0.0004269344       -0.0004248691
     -227.0000000000       -0.0005244870       -0.0005269160       -0.0005148518       -0.0004966267       -0.0004883811       -0.0004469035       -0.0004302413       -0.0004246333
     -226.0000000000       -0.0005348478       -0.0005167760       -0.0005185139       -0.0005021453       -0.0004729499       -0.0004448573       -0.0004288555       -0.0004193055
     -225.0000000000       -0.0005289275       -0.0005156149       -0.0005081236       -0.0004927303       -0.0004773682       -0.0004484295       -0.0004311788       -0.0004144929
     -224.0000000000       -0.0005311412       -0.0005126836       -0.0004959645       -0.0004853463       -0.0004768122       -0.0004537327       -0.0004240878       -0.0004163512
     -223.0000000000       -0.0005365461       -0.0005121162       -0.0005068360       -0.0004881329       -0.0004804209       -0.0004558063       -0.0004304204       -0.0004127244
     -222.0000000000       -0.0005468062       -0.0005190550       -0.0005056337       -0.0004986578       -0.0004677116       -0.0004562461       -0.0004361382       -0.0004156753
     -221.0000000000       -0.0005390773       -0.0005207928       -0.0005004155       -0.0004859817       -0.0004631648       -0.0004548808       -0.0004377688       -0.0004137259
     -220.0000000000       -0.0005295705       -0.0005211819       -0.0005032181       -0.0004860710       -0.0004659160       -0.0004447466       -0.0004314301       -0.0004173014
     -219.0000000000       -0.0005354233       -0.0005199653       -0.0004959171       -0.0004895097       -0.0004663032       -0.0004419408       -0.0004350346       -0.0004223567
     -218.0000000000       -0.0005317223       -0.0005087649       -0.0004963437       -0.0004882670       -0.0004753020       -0.0004449092       -0.0004361650       -0.0004186460
     -217.0000000000       -0.0005293043       -0.0005120098       -0.0005021464       -0.0004826276       -0.0004692093       -0.0004519398       -0.0004251192       -0.0004151692
     -216.0000000000       -0.0005282866       -0.0005230834       -0.0005153766       -0.0004815921       -0.0004743064       -0.0004458920       -0.0004219116       -0.0004020965
     -215.0000000000       -0.0005365909       -0.0005220896       -0.0005119162       -0.0004879458       -0.0004685662       -0.0004391828       -0.0004246290       -0.0003962777
     -214.0000000000       -0.0005390274       -0.0005329454       -0.0005066178       -0.0004931695       -0.0004590594       -0.0004423170       -0.0004301445       -0.0004011771
     -213.0000000000       -0.0005387144       -0.0005244522       -0.0005121150       -0.0004863107       -0.0004565877       -0.0004427204       -0.0004332146       -0.0004013587
     -212.0000000000       -0.0005289757       -0.0005237003       -0.0005119570       -0.0004840614       -0.0004477379       -0.0004389629       -0.0004287976       -0.0004077765
     -211.0000000000       -0.0005279623       -0.0005208036       -0.0005046101       -0.0004852471       -0.0004577160       -0.0004468698       -0.0004261564       -0.0004163569
     -210.0000000000       -0.0005310078       -0.0005202445       -0.0004943190       -0.0004871480       -0.0004603868       -0.0004523437       -0.0004222618       -0.0004078577
     -209.0000000000       -0.0005281918       -0.0005201525       -0.0005002653       -0.0004873829       -0.0004578520       -0.0004508281       -0.0004242635       -0.0003978369
     -208.0000000000       -0.0005238447       -0.0005222631       -0.0005017615       -0.0004941404       -0.0004677740       -0.0004469679       -0.0004271941       -0.0003906576
     -207.0000000000       -0.0005224165       -0.0005159336       -0.0004914847       -0.0004902924       -0.0004680079       -0.0004381741       -0.0004232283       -0.0003936639
     -206.0000000000       -0.0005250990       -0.0005195478       -0.0004906121       -0.0004854967       -0.0004696913       -0.0004378770       -0.0004211167       -0.0003973041
     -205.0000000000       -0.0005317690       -0.0005192219       -0.0005005043       -0.0004807972       -0.0004655120       -0.0004449319       -0.0004227103       -0.0003967122
     -204.0000000000       -0.0005406657       -0.0005122012       -0.0005000470       -0.0004776899       -0.0004594107       -0.0004426390       -0.0004133655       -0.0003982427
     -203.0000000000       -0.0005441907       -0.0005191568       -0.0004970430       -0.0004771993       -0.0004490756       -0.0004474740       -0.0004168427       -0.0003985394
     -202.0000000000       -0.0005429596       -0.0005150890       -0.0004919687       -0.0004762472       -0.0004550627       -0.0004398124       -0.0004126686       -0.0003988090
     -201.0000000000       -0.0005449365       -0.0005062005       -0.0004934403       -0.0004917986       -0.0004651645       -0.0004417009       -0.0004122604       -0.0003939969
     -200.0000000000       -0.0005320001       -0.0005011976       -0.0004877206       -0.0004865825       -0.0004537555       -0.0004381260       -0.0004165044       -0.0003866286
     -199.0000000000       -0.0005253898       -0.0005046574       -0.0004862234       -0.0004831136       -0.0004537989       -0.0004392155       -0.0004142843       -0.0003913255
     -198.0000000000       -0.0005347314       -0.0005020636       -0.0004877864       -0.0004828383       -0.0004593357       -0.0004387539       -0.0004134730       -0.0003935060
     -197.0000000000       -0.0005341399       -0.0005076698       -0.0004956011       -0.0004878042       -0.0004605374       -0.0004438566       -0.0004048323       -0.0003950471
     -196.0000000000       -0.0005329182       -0.0005060260       -0.0005022283       -0.0004791956       -0.0004509086       -0.0004459507       -0.0004049162       -0.0003867986
     -195.0000000000       -0.0005350288       -0.0005090616       -0.0005057797       -0.0004773564       -0.0004515544       -0.0004339293       -0.0004057765       -0.0003879381
     -194.0000000000       -0.0005337382       -0.0005127104       -0.0004936935       -0.0004766044       -0.0004496839       -0.0004415935       -0.0004016799       -0.0003850489
     -193.0000000000       -0.0005281998       -0.0005112097       -0.0004899513       -0.0004744133       -0.0004523563       -0.0004360578       -0.0004027483       -0.0003888911
     -192.0000000000       -0.0005264338       -0.0005139310       -0.0004845099       -0.0004726129       -0.0004480157       -0.0004248944       -0.0004033280       -0.0003829222
     -191.0000000000       -0.0005275523       -0.0005159040       -0.0004888579       -0.0004751139       -0.0004518147       -0.0004224471       -0.0004049122       -0.0003752381
     -190.0000000000       -0.0005337098       -0.0005160697       -0.0004926572       -0.0004701405       -0.0004517768       -0.0004242902       -0.0004110378       -0.0003764871
     -189.0000000000       -0.0005282175       -0.0005180816       -0.0004919907       -0.0004619649       -0.0004551371       -0.0004335317       -0.0004160353       -0.0003720856
     -188.0000000000       -0.0005325300       -0.0005195012       -0.0004968794       -0.0004532174       -0.0004554232       -0.0004208377       -0.0004054518       -0.0003792104
     -187.0000000000       -0.0005293992       -0.0005161540       -0.0005047847       -0.0004687661       -0.0004540603       -0.0004177435       -0.0003923930       -0.0003826985
     -186.0000000000       -0.0005192832       -0.0005283889       -0.0004998916       -0.0004701501       -0.0004474595       -0.0004158791       -0.0003928903       -0.0003759572
     -185.0000000000       -0.0005200064       -0.0005190040       -0.0005026911       -0.0004764723       -0.0004341178       -0.0004188166       -0.0003890666       -0.0003748483
     -184.0000000000       -0.0005308171       -0.0005022791       -0.0005059771       -0.0004722035       -0.0004331209       -0.0004151932       -0.0003946244       -0.0003743611
     -183.0000000000       -0.0005352166       -0.0004985353       -0.0005009824       -0.0004692212       -0.0004354485       -0.0004180561       -0.0003815317       -0.0003707432
     -182.0000000000       -0.0005273423       -0.0005049816       -0.0004966413       -0.0004620954       -0.0004368768       -0.0004162665       -0.0003837717       -0.0003776272
     -181.0000000000       -0.0005305079       -0.0005166520       -0.0004851979       -0.0004610534       -0.0004490987       -0.0004071932       -0.0003946545       -0.0003639589
     -180.0000000000       -0.0005316866       -0.0005121345       -0.0004927467       -0.0004606121       -0.0004455994       -0.0004040967       -0.0003947790       -0.0003621983
     -179.0000000000       -0.0005327063       -0.0005135864       -0.0004959703       -0.0004660863       -0.0004453514       -0.0004155029       -0.0003935738       -0.0003587147
     -178.0000000000       -0.0005257708       -0.0005148078       -0.0004904776       -0.0004645516       -0.0004435199       -0.0004157679       -0.0003968286       -0.0003684958
     -177.0000000000       -0.0005264613       -0.0005149983       -0.0004952696       -0.0004590766       -0.0004394979       -0.0004112957       -0.0003889289       -0.0003664738
     -176.0000000000       -0.0005439481       -0.0005075920       -0.0004918775       -0.0004583672       -0.0004366500       -0.0004057429       -0.0003809848       -0.0003670550
     -175.0000000000       -0.0005384824       -0.0005004949       -0.0004807447       -0.0004523373       -0.0004383200       -0.0004042595       -0.0003818819       -0.0003679906
     -174.0000000000       -0.0005252882       -0.0005033951       -0.0004900920       -0.0004523536       -0.0004376443       -0.0004082782       -0.0003735657       -0.0003587288
     -173.0000000000       -0.0005301826       -0.0005051701       -0.0004921502       -0.0004681245       -0.0004300105       -0.0004135513       -0.0003721995       -0.0003482094
     -172.0000000000       -0.0005325909       -0.0005121124       -0.0004929940       -0.0004629590       -0.0004285131       -0.0004042930       -0.0003760938       -0.0003569605
     -171.0000000000       -0.0005319464       -0.0005033161       -0.0004882718       -0.0004581156       -0.0004319050       -0.0004015451       -0.0003886390       -0.0003615417
     -170.0000000000       -0.0005294147       -0.0005050352       -0.0004754869       -0.0004629359       -0.0004304928       -0.0004007957       -0.0003815673       -0.0003507745
     -169.0000000000       -0.0005345737       -0.0005057594       -0.0004751554       -0.0004601928       -0.0004273052       -0.0004008855       -0.0003712398       -0.0003379438
     -168.0000000000       -0.0005355779       -0.0005043981       -0.0004815274       -0.0004545754       -0.0004214594       -0.0004015657       -0.0003695459       -0.0003335998
     -167.0000000000       -0.0005254322       -0.0005065011       -0.0004705038       -0.0004533732       -0.0004216168       -0.0003956645       -0.0003657342       -0.0003449122
     -166.0000000000       -0.0005256019       -0.0005071346       -0.0004690058       -0.0004549253       -0.0004213953       -0.0004017877       -0.0003636458       -0.0003447516
     -165.0000000000       -0.0005336650       -0.0005075876       -0.0004781878       -0.0004543704       -0.0004194088       -0.0004018765       -0.0003736129       -0.0003358244
     -164.0000000000       -0.0005360611       -0.0005117751       -0.0004821691       -0.0004558489       -0.0004212574       -0.0004054533       -0.0003730099       -0.0003430700
     -163.0000000000       -0.0005367090       -0.0005066386       -0.0004743960       -0.0004557864       -0.0004226835       -0.0003938838       -0.0003699286       -0.0003363416
     -162.0000000000       -0.0005386614       -0.0005049840       -0.0004709462       -0.0004577256       -0.0004207349       -0.0003942394       -0.0003657216       -0.0003351057
     -161.0000000000       -0.0005368942       -0.0005016921       -0.0004785716       -0.0004471628       -0.0004113495       -0.0003904980       -0.0003733397       -0.0003327909
     -160.0000000000       -0.0005350982       -0.0005077397       -0.0004792697       -0.0004530765       -0.0004215441       -0.0003901280       -0.0003569138       -0.0003378373
     -159.0000000000       -0.0005350098       -0.0005076861       -0.0004777170       -0.0004446514       -0.0004240198       -0.0003798080       -0.0003532199       -0.0003309578
     -158.0000000000       -0.0005312749       -0.0005183679       -0.0004777221       -0.0004441108       -0.0004259941       -0.0003713714       -0.0003533517       -0.0003191531
     -157.0000000000       -0.0005368825       -0.0005177328       -0.0004830018       -0.0004526621       -0.0004210996       -0.0003653508       -0.0003585917       -0.0003161495
     -156.0000000000       -0.0005368462       -0.0005108981       -0.0004807139       -0.0004586699       -0.0004060076       -0.0003659553       -0.0003540119       -0.0003235655
     -155.0000000000       -0.0005346275       -0.0005072155       -0.0004877224       -0.0004479130       -0.0004134704       -0.0003612140       -0.0003497556       -0.0003129032
     -154.0000000000       -0.0005338650       -0.0005052288       -0.0004733439       -0.0004462512       -0.0004131017       -0.0003717570       -0.0003430186       -0.0003114322
     -153.0000000000       -0.0005388690       -0.0005008977       -0.0004704534       -0.0004464690       -0.0003980179       -0.0003688992       -0.0003398338       -0.0003023457
     -152.0000000000       -0.0005284501       -0.0005079835       -0.0004805959       -0.0004360766       -0.0003984397       -0.0003623543       -0.0003288907       -0.0003007542
     -151.0000000000       -0.0005378383       -0.0005032134       -0.0004786077       -0.0004355083       -0.0003946115       -0.0003672961       -0.0003284393       -0.0003018049
     -150.0000000000       -0.0005344352       -0.0004995756       -0.0004781177       -0.0004328207       -0.0003855357       -0.0003677912       -0.0003308274       -0.0002992627
     -149.0000000000       -0.0005298924       -0.0005031162       -0.0004736917       -0.0004312631       -0.0003858878       -0.0003604085       -0.0003226203       -0.0002923331
     -148.0000000000       -0.0005360579       -0.0005130117       -0.0004660384       -0.0004321644       -0.0003952676       -0.0003532138       -0.0003258922       -0.0002909239
     -147.0000000000       -0.0005466777       -0.0005168347       -0.0004581129       -0.0004386918       -0.0003885506       -0.0003489971       -0.0003287613       -0.0002885082
     -146.0000000000       -0.0005529683       -0.0005074200       -0.0004539982       -0.0004362724       -0.0003952460       -0.0003518678       -0.0003243910       -0.0002927510
     -145.0000000000       -0.0005465890       -0.0005151657       -0.0004664234       -0.0004331166       -0.0003992451       -0.0003504582       -0.0003268436       -0.0002746345
     -144.0000000000       -0.0005381281       -0.0005093867       -0.0004710417       -0.0004239981       -0.0003983022       -0.0003514959       -0.0003109385       -0.0002655846
     -143.0000000000       -0.0005308023       -0.0005051750       -0.0004649806       -0.0004153759       -0.0003890577       -0.0003472346       -0.0003018563       -0.0002705584
     -142.0000000000       -0.0005224414       -0.0004951718       -0.0004720104       -0.0004173684       -0.0003850522       -0.0003602400       -0.0003101918       -0.0002769374
     -141.0000000000       -0.0005273739       -0.0005093323       -0.0004636446       -0.0004197608       -0.0003885170       -0.0003508563       -0.0003161251       -0.0002806524
     -140.0000000000       -0.0005296617       -0.0005072190       -0.0004574707       -0.0004175430       -0.0003795341       -0.0003399330       -0.0003093116       -0.0002690347
     -139.0000000000       -0.0005173761       -0.0004986998       -0.0004605368       -0.0004179792       -0.0003713965       -0.0003415591       -0.0003036267       -0.0002675446
     -138.0000000000       -0.0005207948       -0.0004904803       -0.0004579857       -0.0004133595       -0.0003743444       -0.0003513407       -0.0003023489       -0.0002703233
     -137.0000000000       -0.0005266948       -0.0004895598       -0.0004565355       -0.0004197932       -0.0003812700       -0.0003483604       -0.0002877482       -0.0002559835
     -136.0000000000       -0.0005250542       -0.0004952856       -0.0004584433       -0.0004129550       -0.0003755375       -0.0003362247       -0.0002813192       -0.0002466871
     -135.0000000000       -0.0005275114       -0.0004950074       -0.0004533996       -0.0004069296       -0.0003683007       -0.0003300288       -0.0002847205       -0.0002330315
     -134.0000000000       -0.0005295395       -0.0004898178       -0.0004436098       -0.0004099971       -0.0003674292       -0.0003261052       -0.0002841191       -0.0002385418
     -133.0000000000       -0.0005337316       -0.0004834412       -0.0004397081       -0.0004121414       -0.0003624936       -0.0003211290       -0.0002846913       -0.0002459968
     -132.0000000000       -0.0005346009       -0.0004852215       -0.0004411260       -0.0004075676       -0.0003572831       -0.0003050409       -0.0002779801       -0.0002339479
     -131.0000000000       -0.0005263938       -0.0004909966       -0.0004487147       -0.0004038845       -0.0003494709       -0.0003070038       -0.0002632584       -0.0002289024
     -130.0000000000       -0.0005228636       -0.0004922963       -0.0004449071       -0.0004055150       -0.0003530428       -0.0003117863       -0.0002569706       -0.0002230117
     -129.0000000000       -0.0005281693       -0.0004857101       -0.0004445784       -0.0003939789       -0.0003577312       -0.0003031814       -0.0002586672       -0.0002264824
     -128.0000000000       -0.0005267423       -0.0004809187       -0.0004374836       -0.0003983845       -0.0003506439       -0.0003018173       -0.0002510689       -0.0002244457
     -127.0000000000       -0.0005294806       -0.0004749569       -0.0004383992       -0.0004005801       -0.0003387641       -0.0003002731       -0.0002441974       -0.0002090998
     -126.0000000000       -0.0005222088       -0.0004801142       -0.0004431822       -0.0003973525       -0.0003293449       -0.0002924765       -0.0002414365       -0.0002083657
     -125.0000000000       -0.0005350076       -0.0004808833       -0.0004418493       -0.0003915673       -0.0003327528       -0.0002901364       -0.0002324753       -0.0002090495
     -124.0000000000       -0.0005389343       -0.0004784348       -0.0004388128       -0.0003801059       -0.0003259013       -0.0002919351       -0.0002313238       -0.0002060318
     -123.0000000000       -0.0005382680       -0.0004897517       -0.0004440579       -0.0003786104       -0.0003274560       -0.0002829629       -0.0002239418       -0.0002014712
     -122.0000000000       -0.0005375766       -0.0004920159       -0.0004464641       -0.0003759595       -0.0003382118       -0.0002691571       -0.0002291899       -0.0001893563
     -121.0000000000       -0.0005434951       -0.0004910086       -0.0004356434       -0.0003827320       -0.0003298764       -0.0002793241       -0.0002228731       -0.0001751276
     -120.0000000000       -0.0005393966       -0.0004953175       -0.0004347722       -0.0003819959       -0.0003196865       -0.0002805393       -0.0002097128       -0.0001665029
     -119.0000000000       -0.0005330264       -0.0004887295       -0.0004308742       -0.0003676940       -0.0003098740       -0.0002574321       -0.0002107195       -0.0001592625
     -118.0000000000       -0.0005410861       -0.0004836443       -0.0004356034       -0.0003596591       -0.0003042011       -0.0002408089       -0.0002128289       -0.0001582862
     -117.0000000000       -0.0005391270       -0.0004774802       -0.0004330988       -0.0003611721       -0.0003036928       -0.0002389951       -0.0002184699       -0.0001655804
     -116.0000000000       -0.0005309792       -0.0004742042       -0.0004211363       -0.0003579831       -0.0003012418       -0.0002488834       -0.0002124982       -0.0001558031
     -115.0000000000       -0.0005336797       -0.0004737610       -0.0004169132       -0.0003606857       -0.0003009051       -0.0002425597       -0.0002070110       -0.0001569099
     -114.0000000000       -0.0005323287       -0.0004797101       -0.0004076245       -0.0003598416       -0.0002880587       -0.0002421432       -0.0001894363       -0.0001499146
     -113.0000000000       -0.0005331949       -0.0004800292       -0.0003959335       -0.0003459259       -0.0002879313       -0.0002328335       -0.0001803055       -0.0001449749
     -112.0000000000       -0.0005317294       -0.0004673475       -0.0004010639       -0.0003414449       -0.0002769826       -0.0002273716       -0.0001762150       -0.0001283067
     -111.0000000000       -0.0005389257       -0.0004678247       -0.0004078230       -0.0003445513       -0.0002846940       -0.0002140910       -0.0001639544       -0.0001277696
     -110.0000000000       -0.0005355673       -0.0004683133       -0.0004028178       -0.0003461738       -0.0002790925       -0.0002020105       -0.0001603013       -0.0001276646
     -109.0000000000       -0.0005376848       -0.0004614648       -0.0003965502       -0.0003353928       -0.0002718457       -0.0002095468       -0.0001581454       -0.0001023269
     -108.0000000000       -0.0005304916       -0.0004664173       -0.0004047827       -0.0003318652       -0.0002680046       -0.0002015983       -0.0001536297       -0.0000922582
     -107.0000000000       -0.0005312002       -0.0004694544       -0.0004088264       -0.0003203228       -0.0002694345       -0.0001929069       -0.0001408983       -0.0000959463
     -106.0000000000       -0.0005352301       -0.0004638029       -0.0003977159       -0.0003126018       -0.0002632684       -0.0001863787       -0.0001402667       -0.0000907621
     -105.0000000000       -0.0005354517       -0.0004777481       -0.0003906823       -0.0003142931       -0.0002597453       -0.0001851347       -0.0001303658       -0.0000995088
     -104.0000000000       -0.0005315744       -0.0004726959       -0.0003826458       -0.0003174858       -0.0002422045       -0.0001843919       -0.0001184326       -0.0000770730
     -103.0000000000       -0.0005279374       -0.0004690326       -0.0003841025       -0.0003233810       -0.0002355037       -0.0001829159       -0.0001153012       -0.0000729120
     -102.0000000000       -0.0005349475       -0.0004663723       -0.0003850027       -0.0003153151       -0.0002333456       -0.0001737609       -0.0001079130       -0.0000602647
     -101.0000000000       -0.0005358138       -0.0004638629       -0.0003732672       -0.0003002228       -0.0002311799       -0.0001618190       -0.0001015601       -0.0000507870
     -100.0000000000       -0.0005310665       -0.0004664778       -0.0003747757       -0.0002958541       -0.0002118192       -0.0001454835       -0.0000900263       -0.0000404666
      -99.0000000000       -0.0005317925       -0.0004568605       -0.0003732336       -0.0002937739       -0.0001943406       -0.0001456608       -0.0000965016       -0.0000446539
      -98.0000000000       -0.0005369889       -0.0004519616       -0.0003713655       -0.0002711301       -0.0002020731       -0.0001395645       -0.0000882606       -0.0000453989
      -97.0000000000       -0.0005368757       -0.0004488461       -0.0003642367       -0.0002635632       -0.0001983613       -0.0001343905       -0.0000721766       -0.0000367772
      -96.0000000000       -0.0005369835       -0.0004461940       -0.0003570801       -0.0002651387       -0.0001959296       -0.0001175441       -0.0000633037       -0.0000219210
      -95.0000000000       -0.0005269139       -0.0004480306       -0.0003604366       -0.0002668097       -0.0001829034       -0.0001114996       -0.0000611095       -0.0000184599
      -94.0000000000       -0.0005302236       -0.0004370643       -0.0003498498       -0.0002623998       -0.0001745381       -0.0001036802       -0.0000551891       -0.0000083832
      -93.0000000000       -0.0005383297       -0.0004366716       -0.0003453239       -0.0002554282       -0.0001655820       -0.0000956987       -0.0000503212       -0.0000060793
      -92.0000000000       -0.0005353840       -0.0004363825       -0.0003457643       -0.0002474308       -0.0001536952       -0.0000918739       -0.0000290336       -0.0000002848
      -91.0000000000       -0.0005414568       -0.0004335590       -0.0003334876       -0.0002361313       -0.0001433993       -0.0000922246       -0.0000229979        0.0000084815
      -90.0000000000       -0.0005393965       -0.0004266439       -0.0003342781       -0.0002250205       -0.0001464788       -0.0000729293       -0.0000056204        0.0000258077
      -89.0000000000       -0.0005300568       -0.0004268037       -0.0003278557       -0.0002196238       -0.0001392676       -0.0000598087        0.0000041795        0.0000367861
      -88.0000000000       -0.0005344605       -0.0004285748       -0.0003162591       -0.0002157633       -0.0001242074       -0.0000539158        0.0000111811        0.0000375019
      -87.0000000000       -0.0005404733       -0.0004198619       -0.0003045387       -0.0002096390       -0.0001142770       -0.0000473863        0.0000180960        0.0000503840
      -86.0000000000       -0.0005397716       -0.0004226564       -0.0003112635       -0.0002049455       -0.0001098611       -0.0000300585        0.0000312925        0.0000632105
      -85.0000000000       -0.0005344901       -0.0004260183       -0.0003009160       -0.0001939491       -0.0000988895       -0.0000206164        0.0000398886        0.0000758052
      -84.0000000000       -0.0005318273       -0.0004114904       -0.0002999967       -0.0001868734       -0.0000855411       -0.0000057931        0.0000488025        0.0000879461
      -83.0000000000       -0.0005319281       -0.0004110708       -0.0002909736       -0.0001697809       -0.0000761413        0.0000067192        0.0000552357        0.0000967412
      -82.0000000000       -0.0005303533       -0.0004143407       -0.0002796800       -0.0001600770       -0.0000673023        0.0000136471        0.0000613655        0.0001002300
      -81.0000000000       -0.0005199383       -0.0004070368       -0.0002752885       -0.0001481660       -0.0000529844        0.0000209984        0.0000732917        0.0001088657
      -80.0000000000       -0.0005157542       -0.0004029018       -0.0002701638       -0.0001428631       -0.0000385816        0.0000261726        0.0000911797        0.0001209632
      -79.0000000000       -0.0005182205       -0.0003964841       -0.0002579026       -0.0001309757       -0.0000275579        0.0000422019        0.0001032571        0.0001309974
      -78.0000000000       -0.0005275654       -0.0003848629       -0.0002490032       -0.0001246755       -0.0000231112        0.0000561454        0.0001068921        0.0001498445
      -77.0000000000       -0.0005250504       -0.0003858680       -0.0002396689       -0.0001172723       -0.0000143550        0.0000600161        0.0001205742        0.0001577687
      -76.0000000000       -0.0005339392       -0.0003880698       -0.0002317920       -0.0001009206       -0.0000028933        0.0000718989        0.0001295390        0.0001675171
      -75.0000000000       -0.0005356553       -0.0003895006       -0.0002284778       -0.0000954492       -0.0000022240        0.0000805087        0.0001328292        0.0001821762
      -74.0000000000       -0.0005382885       -0.0003891342       -0.0002165593       -0.0000922509        0.0000122157        0.0000932764        0.0001491980        0.0001932411
      -73.0000000000       -0.0005312974       -0.0003861934       -0.0002051462       -0.0000745017        0.0000331239        0.0001057860        0.0001712747        0.0002116269
      -72.0000000000       -0.0005260142       -0.0003743671       -0.0002061872       -0.0000610933        0.0000557372        0.0001257052        0.0001855298        0.0002171004
      -71.0000000000       -0.0005266538       -0.0003610492       -0.0001944365       -0.0000399035        0.0000698844        0.0001448968        0.0001920191        0.0002288559
      -70.0000000000       -0.0005191459       -0.0003711779       -0.0001795952       -0.0000162578        0.0000812244        0.0001697325        0.0002068359        0.0002397262
      -69.0000000000       -0.0005263180       -0.0003641253       -0.0001706815       -0.0000067292        0.0001018324        0.0001875286        0.0002195489        0.0002446130
      -68.0000000000       -0.0005304702       -0.0003541577       -0.0001703327        0.0000076662        0.0001200083        0.0001950594        0.0002270913        0.0002553569
      -67.0000000000       -0.0005301309       -0.0003413898       -0.0001528554        0.0000090328        0.0001422185        0.0002079620        0.0002427598        0.0002716474
      -66.0000000000       -0.0005238222       -0.0003317501       -0.0001398051        0.0000278750        0.0001538122        0.0002267398        0.0002599104        0.0002828286
      -65.0000000000       -0.0005288684       -0.0003198738       -0.0001325113        0.0000400427        0.0001661525        0.0002386931        0.0002770800        0.0002874301
      -64.0000000000       -0.0005207699       -0.0003176606       -0.0001123461        0.0000654786        0.0001762235        0.0002488914        0.0002903839        0.0003024993
      -63.0000000000       -0.0005269036       -0.0003055308       -0.0000910850        0.0000741625        0.0001896774        0.0002661309        0.0002970924        0.0003124483
      -62.0000000000       -0.0005246015       -0.0003049273       -0.0000646254        0.0000969880        0.0002109473        0.0002812747        0.0003046930        0.0003265361
      -61.0000000000       -0.0005208827       -0.0002841823       -0.0000575208        0.0001180258        0.0002292192        0.0002976974        0.0003286569        0.0003455473
      -60.0000000000       -0.0005236910       -0.0002752864       -0.0000517526        0.0001410544        0.0002504623        0.0003108055        0.0003490723        0.0003642279
      -59.0000000000       -0.0005330018       -0.0002720761       -0.0000296853        0.0001508242        0.0002689272        0.0003301443        0.0003596196        0.0003814807
      -58.0000000000       -0.0005196657       -0.0002633329       -0.0000127067        0.0001607032        0.0002875400        0.0003542025        0.0003770193        0.0003884655
      -57.0000000000       -0.0005196770       -0.0002450663        0.0000015121        0.0001770531        0.0003121529        0.0003813721        0.0003963863        0.0003960256
      -56.0000000000       -0.0005159799       -0.0002293904        0.0000222355        0.0002096993        0.0003267813        0.0004064817        0.0004066892        0.0004100324
      -55.0000000000       -0.0005198858       -0.0002259155        0.0000391551        0.0002318663        0.0003432686        0.0004205348        0.0004247943        0.0004217286
      -54.0000000000       -0.0005097768       -0.0002102412        0.0000636872        0.0002529278        0.0003649923        0.0004464280        0.0004375326        0.0004399641
      -53.0000000000       -0.0005049276       -0.0002035165        0.0000876332        0.0002840685        0.0004021760        0.0004610271        0.0004485628        0.0004489514
      -52.0000000000       -0.0005088604       -0.0001843523        0.0001080174        0.0003059173        0.0004247316        0.0004662535        0.0004678027        0.0004572280
      -51.0000000000       -0.0005126047       -0.0001676382        0.0001381750        0.0003361398        0.0004426352        0.0004794575        0.0004952312        0.0004722292
      -50.0000000000       -0.0005235524       -0.0001539286        0.0001631358        0.0003657598        0.0004640537        0.0004999773        0.0005146845        0.0004820373
      -49.0000000000       -0.0005271730       -0.0001422897        0.0001869790        0.0003997297        0.0004893971        0.0005252816        0.0005274027        0.0004956349
      -48.0000000000       -0.0005338209       -0.0001210881        0.0002097041        0.0004219721        0.0005186787        0.0005467570        0.0005410613        0.0005170999
      -47.0000000000       -0.0005284500       -0.0001072683        0.0002423960        0.0004585162        0.0005556668        0.0005692913        0.0005570368        0.0005308652
      -46.0000000000       -0.0005242373       -0.0000908410        0.0002733352        0.0004851299        0.0005849854        0.0005778480        0.0005793350        0.0005481763
      -45.0000000000       -0.0005191364       -0.0000730449        0.0002964111        0.0005111110        0.0006066205        0.0006070601        0.0006063509        0.0005565847
      -44.0000000000       -0.0005235380       -0.0000484292        0.0003305187        0.0005487249        0.0006264597        0.0006359945        0.0006261812        0.0005783859
      -43.0000000000       -0.0005286914       -0.0000259726        0.0003729303        0.0005855568        0.0006614773        0.0006578126        0.0006416369        0.0005774921
      -42.0000000000       -0.0005241144        0.0000023801        0.0004042576        0.0006143874        0.0006850351        0.0006778368        0.0006534248        0.0006052898
      -41.0000000000       -0.0005152801        0.0000218037        0.0004507346        0.0006510876        0.0007133277        0.0007014556        0.0006736284        0.0006295280
      -40.0000000000       -0.0005180296        0.0000656358        0.0004952896        0.0006949476        0.0007423678        0.0007303071        0.0006815997        0.0006389745
      -39.0000000000       -0.0005159715        0.0000934976        0.0005364936        0.0007343949        0.0007661321        0.0007584436        0.0006970014        0.0006464626
      -38.0000000000       -0.0005174853        0.0001271981        0.0005883521        0.0007725839        0.0008038180        0.0007778742        0.0007184612        0.0006543707
      -37.0000000000       -0.0005180626        0.0001674565        0.0006424088        0.0008177352        0.0008438171        0.0007989337        0.0007468184        0.0006650359
      -36.0000000000       -0.0005082169        0.0002129084        0.0006955525        0.0008542292        0.0008776893        0.0008194289        0.0007631540        0.0006882592
      -35.0000000000       -0.0005027738        0.0002619202        0.0007471712        0.0008965216        0.0009024964        0.0008437386        0.0007819385        0.0007014438
      -34.0000000000       -0.0005042801        0.0003199189        0.0008100148        0.0009354630        0.0009318301        0.0008724106        0.0007974385        0.0007163937
      -33.0000000000       -0.0005044746        0.0003731943        0.0008690371        0.0009914215        0.0009682155        0.0008942936        0.0008264308        0.0007340652
      -32.0000000000       -0.0005101306        0.0004343154        0.0009347977        0.0010460840        0.0010052719        0.0009200171        0.0008353764        0.0007478985
      -31.0000000000       -0.0005045428        0.0005003363        0.0009970394        0.0011016761        0.0010410121        0.0009377504        0.0008568192        0.0007638347
      -30.0000000000       -0.0005076445        0.0005698550        0.0010684876        0.0011447090        0.0010738032        0.0009689131        0.0008669777        0.0007797757
      -29.0000000000       -0.0005109535        0.0006422283        0.0011370736        0.0011908341        0.0011081796        0.0009829556        0.0008928742        0.0007925426
      -28.0000000000       -0.0005064054        0.0007251448        0.0012117731        0.0012400602        0.0011399176        0.0010128089        0.0009080018        0.0008013656
      -27.0000000000       -0.0004989544        0.0008129277        0.0012953104        0.0012869584        0.0011789881        0.0010450442        0.0009202696        0.0008149267
      -26.0000000000       -0.0004953790        0.0009006069        0.0013646780        0.0013402983        0.0012022571        0.0010688501        0.0009361401        0.0008334982
      -25.0000000000       -0.0004796990        0.0010056335        0.0014417435        0.0014013545        0.0012384938        0.0010896427        0.0009488572        0.0008490445
      -24.0000000000       -0.0004750638        0.0011242079        0.0015281048        0.0014546145        0.0012844049        0.0011128800        0.0009751506        0.0008602030
      -23.0000000000       -0.0004749940        0.0012510766        0.0016283315        0.0015103389        0.0013099599        0.0011405191        0.0009929580        0.0008671314
      -22.0000000000       -0.0004692047        0.0013859559        0.0017309513        0.0015586828        0.0013490946        0.0011757320        0.0010113021        0.0008765586
      -21.0000000000       -0.0004646653        0.0015346819        0.0018259126        0.0016206139        0.0013902076        0.0011977831        0.0010243509        0.0008836576
      -20.0000000000       -0.0004516400        0.0016975315        0.0019187982        0.0016736461        0.0014214016        0.0012181248        0.0010392331        0.0008867170
      -19.0000000000       -0.0004470432        0.0018703306        0.0020127609        0.0017370168        0.0014587420        0.0012367097        0.0010450894        0.0009098768
      -18.0000000000       -0.0004442368        0.0020637493        0.0021175442        0.0018000494        0.0014944088        0.0012630329        0.0010563767        0.0009275055
      -17.0000000000       -0.0004338744        0.0022711675        0.0022162535        0.0018447530        0.0015351361        0.0012794190        0.0010774592        0.0009421765
      -16.0000000000       -0.0004214405        0.0024870641        0.0023182289        0.0018976601        0.0015640106        0.0012978220        0.0010988632        0.0009479721
      -15.0000000000       -0.0004077181        0.0027222980        0.0024221399        0.0019561349        0.0015973157        0.0013122609        0.0011044812        0.0009591136
      -14.0000000000       -0.0003859271        0.0029662837        0.0025340345        0.0020175767        0.0016267908        0.0013333475        0.0011231365        0.0009637000
      -13.0000000000       -0.0003684229        0.0032350017        0.0026452518        0.0020762484        0.0016536093        0.0013681391        0.0011371880        0.0009713344
      -12.0000000000       -0.0003402568        0.0035175163        0.0027526197        0.0021279161        0.0016856628        0.0013961459        0.0011551233        0.0009863464
      -11.0000000000       -0.0003002273        0.0038134795        0.0028551221        0.0021716675        0.0017209811        0.0013966238        0.0011735150        0.0009955815
      -10.0000000000       -0.0002346908        0.0041279087        0.0029719819        0.0022255215        0.0017533949        0.0014085207        0.0011901432        0.0010007302
       -9.0000000000       -0.0001613208        0.0044460102        0.0030842685        0.0022804665        0.0017852190        0.0014248656        0.0011991012        0.0009982635
       -8.0000000000       -0.0000576837        0.0047874476        0.0031847020        0.0023155128        0.0017963216        0.0014393107        0.0011954007        0.0010050624
       -7.0000000000        0.0001078140        0.0051162432        0.0032780859        0.0023600603        0.0018113429        0.0014447439        0.0012015640        0.0010191550
       -6.0000000000        0.0003618837        0.0054363797        0.0033701155        0.0024061540        0.0018283533        0.0014617055        0.0012117736        0.0010176544
       -5.0000000000        0.0008163887        0.0057427019        0.0034517980        0.0024436477        0.0018487330        0.0014703935        0.0012159915        0.0010088771
       -4.0000000000        0.0016672464        0.0060315327        0.0035206622        0.0024570848        0.0018649858        0.0014801979        0.0012190029        0.0010105644
       -3.0000000000        0.0035967386        0.0062765354        0.0035736542        0.0024819987        0.0018792615        0.0014908218        0.0012289427        0.0010367048
       -2.0000000000        0.0094735282        0.0064563632        0.0036194039        0.0025078732        0.0018855941        0.0014928229        0.0012260446        0.0010445825
       -1.0000000000        0.0451486535        0.0065723487        0.0036466400        0.0025148162        0.0018873436        0.0014892876        0.0012415336        0.0010497797
        0.0000000000        0.1354327094        0.0066145904        0.0036511755        0.0025169238        0.0018848318        0.0014934195        0.0012388958        0.0010418905
        1.0000000000        0.0451486535        0.0065740716        0.0036428311        0.0025047925        0.0018838362        0.0014954318        0.0012330372        0.0010358207
        2.0000000000        0.0094735282        0.0064500269        0.0036171802        0.0024917761        0.0018739615        0.0014883556        0.0012295934        0.0010342771
        3.0000000000        0.0035967386        0.0062645022        0.0035825205        0.0024792039        0.0018775623        0.0014973419        0.0012191667        0.0010330966
        4.0000000000        0.0016672464        0.0060250020        0.0035250098        0.0024499633        0.0018695530        0.0014916414        0.0012180862        0.0010301816
        5.0000000000        0.0008163887        0.0057383300        0.0034526990        0.0024217727        0.0018594824        0.0014828902        0.0012192814        0.0010212251
        6.0000000000        0.0003618837        0.0054297002        0.0033660070        0.0023865585        0.0018430086        0.0014778267        0.0012161699        0.0010243257
        7.0000000000        0.0001078140        0.0051204098        0.0032762826        0.0023485238        0.0018200529        0.0014756058        0.0012067711        0.0010209569
        8.0000000000       -0.0000576837        0.0047856990        0.0031777784        0.0023207213        0.0017968431        0.0014544702        0.0011968997        0.0010137386
        9.0000000000       -0.0001613208        0.0044478485        0.0030804841        0.0022804961        0.0017706479        0.0014360702        0.0011884428        0.0010080163
       10.0000000000       -0.0002346908        0.0041095634        0.0029716926        0.0022301641        0.0017458391        0.0014183635        0.0011829794        0.0009993553
       11.0000000000       -0.0003002273        0.0038082250        0.0028676918        0.0021762771        0.0017145591        0.0014007545        0.0011655334        0.0009862561
       12.0000000000       -0.0003402568        0.0035206949        0.0027505826        0.0021218149        0.0016792396        0.0013885199        0.0011560773        0.0009846135
       13.0000000000       -0.0003684229        0.0032437428        0.0026455265        0.0020621588        0.0016555432        0.0013637654        0.0011471053        0.0009746861
       14.0000000000       -0.0003859271        0.0029831248        0.0025389484        0.0020142165        0.0016283010        0.0013480429        0.0011375578        0.0009639843
       15.0000000000       -0.0004077181        0.0027212872        0.0024325716        0.0019558818        0.0015963425        0.0013266734        0.0011160219        0.0009621009
       16.0000000000       -0.0004214405        0.0024896044        0.0023183259        0.0018980693        0.0015536005        0.0012936579        0.0010928245        0.0009552509
       17.0000000000       -0.0004338744        0.0022818936        0.0022134144        0.0018471359        0.0015253780        0.0012807336        0.0010807339        0.0009527738
       18.0000000000       -0.0004442368        0.0020745183        0.0021062494        0.0017959755        0.0014984067        0.0012563835        0.0010754330        0.0009435655
       19.0000000000       -0.0004470432        0.0018837351        0.0020018223        0.0017386004        0.0014726171        0.0012366731        0.0010542613        0.0009106515
       20.0000000000       -0.0004516400        0.0017079661        0.0019080923        0.0016821729        0.0014359092        0.0012214701        0.0010317218        0.0009036692
       21.0000000000       -0.0004646653        0.0015485739        0.0018130443        0.0016197439        0.0013991228        0.0012002247        0.0010237081        0.0008984258
       22.0000000000       -0.0004692047        0.0014002335        0.0017204826        0.0015577247        0.0013559206        0.0011700513        0.0010166197        0.0008923164
       23.0000000000       -0.0004749940        0.0012518445        0.0016203740        0.0014921436        0.0013133224        0.0011450371        0.0009938557        0.0008746478
       24.0000000000       -0.0004750638        0.0011240196        0.0015296032        0.0014473089        0.0012772167        0.0011207688        0.0009808460        0.0008645487
       25.0000000000       -0.0004796990        0.0010169525        0.0014452908        0.0014083693        0.0012531559        0.0010999728        0.0009698251        0.0008550965
       26.0000000000       -0.0004953790        0.0009086908        0.0013703807        0.0013568707        0.0012162686        0.0010696488        0.0009508514        0.0008314586
       27.0000000000       -0.0004989544        0.0008127857        0.0012838160        0.0012919960        0.0011799448        0.0010456703        0.0009329239        0.0008173576
       28.0000000000       -0.0005064054        0.0007170839        0.0012171931        0.0012286016        0.0011379436        0.0010275582        0.0009133509        0.0008084661
       29.0000000000       -0.0005109535        0.0006353241        0.0011444016        0.0011775455        0.0011047451        0.0010049908        0.0008972513        0.0007975040
       30.0000000000       -0.0005076445        0.0005644050        0.0010700146        0.0011299226        0.0010701024        0.0009870112        0.0008780856        0.0007835423
       31.0000000000       -0.0005045428        0.0004966921        0.0010029901        0.0010846400        0.0010470973        0.0009631492        0.0008611477        0.0007652661
       32.0000000000       -0.0005101306        0.0004348803        0.0009400781        0.0010408744        0.0010121037        0.0009276576        0.0008426098        0.0007483264
       33.0000000000       -0.0005044746        0.0003741346        0.0008735988        0.0009929768        0.0009742276        0.0009012986        0.0008295404        0.0007372506
       34.0000000000       -0.0005042801        0.0003250100        0.0008113719        0.0009392312        0.0009346092        0.0008893602        0.0007991961        0.0007179243
       35.0000000000       -0.0005027738        0.0002844508        0.0007563493        0.0009025955        0.0008918097        0.0008573100        0.0007748519        0.0007004876
       36.0000000000       -0.0005082169        0.0002377180        0.0007134218        0.0008672096        0.0008608015        0.0008250030        0.0007441785        0.0006852511
       37.0000000000       -0.0005180626        0.0001890156        0.0006599799        0.0008192891        0.0008360545        0.0007911060        0.0007215882        0.0006672847
       38.0000000000       -0.0005174853        0.0001481467        0.0006019378        0.0007761872        0.0008110716        0.0007711410        0.0007170425        0.0006564142
       39.0000000000       -0.0005159715        0.0001071474        0.0005637309        0.0007321581        0.0007824789        0.0007509276        0.0007091937        0.0006544447
       40.0000000000       -0.0005180296        0.0000706942        0.0005213554        0.0006948902        0.0007498261        0.0007251055        0.0006898028        0.0006339704
       41.0000000000       -0.0005152801        0.0000387551        0.0004766762        0.0006567060        0.0007165798        0.0007054461        0.0006693245        0.0006215485
       42.0000000000       -0.0005241144        0.0000142826        0.0004357300        0.0006239116        0.0006943878        0.0006849284        0.0006498680        0.0006095179
       43.0000000000       -0.0005286914       -0.0000131235        0.0003898169        0.0005961119        0.0006604658        0.0006564871        0.0006289192        0.0005886823
       44.0000000000       -0.0005235380       -0.0000441269        0.0003491333        0.0005656804        0.0006245153        0.0006216181        0.0006043468        0.0005742972
       45.0000000000       -0.0005191364       -0.0000664329        0.0003131740        0.0005281669        0.0005966670        0.0006145632        0.0005871275        0.0005561725
       46.0000000000       -0.0005242373       -0.0000889533        0.0002783453        0.0004964446        0.0005688273        0.0005997679        0.0005722247        0.0005504542
       47.0000000000       -0.0005284500       -0.0001035486        0.0002536584        0.0004556220        0.0005516213        0.0005775625        0.0005635996        0.0005387890
       48.0000000000       -0.0005338209       -0.0001264878        0.0002182624        0.0004328109        0.0005294809        0.0005495511        0.0005491921        0.0005224337
       49.0000000000       -0.0005271730       -0.0001414032        0.0001943617        0.0004003617        0.0005039679        0.0005226424        0.0005282877        0.0005118162
       50.0000000000       -0.0005235524       -0.0001631712        0.0001668180        0.0003699444        0.0004707299        0.0005123274        0.0005153133        0.0004985246
       51.0000000000       -0.0005126047       -0.0001829687        0.0001392993        0.0003432623        0.0004381617        0.0004832874        0.0004934345        0.0004751098
       52.0000000000       -0.0005088604       -0.0002012136        0.0001190552        0.0003184896        0.0004199781        0.0004617469        0.0004762883        0.0004489521
       53.0000000000       -0.0005049276       -0.0002106219        0.0000947622        0.0002896444        0.0003974733        0.0004480324        0.0004649584        0.0004364342
       54.0000000000       -0.0005097768       -0.0002113210        0.0000602668        0.0002638437        0.0003802655        0.0004259461        0.0004456843        0.0004282220
       55.0000000000       -0.0005198858       -0.0002289662        0.0000304062        0.0002493312        0.0003505413        0.0004105763        0.0004329087        0.0004133408
       56.0000000000       -0.0005159799       -0.0002450434        0.0000170556        0.0002203755        0.0003263111        0.0003960467        0.0004109098        0.0004086315
       57.0000000000       -0.0005196770       -0.0002524996       -0.0000013887        0.0001978679        0.0003122867        0.0003736761        0.0004034926        0.0003947789
       58.0000000000       -0.0005196657       -0.0002690416       -0.0000081151        0.0001789359        0.0002968083        0.0003561346        0.0003877000        0.0003755261
       59.0000000000       -0.0005330018       -0.0002730751       -0.0000304147        0.0001554173        0.0002728997        0.0003390055        0.0003671697        0.0003690970
       60.0000000000       -0.0005236910       -0.0002897994       -0.0000522608        0.0001303105        0.0002610315        0.0003223658        0.0003440880        0.0003628444
       61.0000000000       -0.0005208827       -0.0003085596       -0.0000698377        0.0001144052        0.0002417129        0.0003036511        0.0003239814        0.0003491240
       62.0000000000       -0.0005246015       -0.0003140101       -0.0000801457        0.0000961366        0.0002271619        0.0002906959        0.0003085754        0.0003382261
       63.0000000000       -0.0005269036       -0.0003190592       -0.0000979589        0.0000767475        0.0002032383        0.0002766492        0.0002982623        0.0003217288
       64.0000000000       -0.0005207699       -0.0003272204       -0.0001058076        0.0000522523        0.0001767859        0.0002576656        0.0002914831        0.0003001672
       65.0000000000       -0.0005288684       -0.0003282551       -0.0001253664        0.0000367318        0.0001555444        0.0002377157        0.0002839857        0.0002891158
       66.0000000000       -0.0005238222       -0.0003346457       -0.0001489155        0.0000224923        0.0001376835        0.0002242965        0.0002677352        0.0002782728
       67.0000000000       -0.0005301309       -0.0003397107       -0.0001640924        0.0000098466        0.0001243990        0.0002035797        0.0002384256        0.0002632854
       68.0000000000       -0.0005304702       -0.0003446141       -0.0001735456       -0.0000013975        0.0001073560        0.0001856725        0.0002293274        0.0002536432
       69.0000000000       -0.0005263180       -0.0003452217       -0.0001766656       -0.0000067299        0.0000958837        0.0001748606        0.0002122878        0.0002500943
       70.0000000000       -0.0005191459       -0.0003546100       -0.0001869170       -0.0000285253        0.0000849584        0.0001574684        0.0002057949        0.0002432742
       71.0000000000       -0.0005266538       -0.0003575907       -0.0001956026       -0.0000503951        0.0000694867        0.0001400843        0.0002033651        0.0002357866
       72.0000000000       -0.0005260142       -0.0003702907       -0.0002100721       -0.0000573510        0.0000625895        0.0001173089        0.0001910770        0.0002287403
       73.0000000000       -0.0005312974       -0.0003790507       -0.0002117437       -0.0000707794        0.0000491303        0.0001093152        0.0001704480        0.0002032443
       74.0000000000       -0.0005382885       -0.0003891240       -0.0002123647       -0.0000887851        0.0000259835        0.0001030967        0.0001544116        0.0001867486
       75.0000000000       -0.0005356553       -0.0003837564       -0.0002318381       -0.0000947201        0.0000118232        0.0000957055        0.0001420540        0.0001744886
       76.0000000000       -0.0005339392       -0.0003865596       -0.0002371565       -0.0001072711       -0.0000004607        0.0000828137        0.0001277943        0.0001727820
       77.0000000000       -0.0005250504       -0.0003906404       -0.0002504884       -0.0001158322       -0.0000130783        0.0000640167        0.0001111368        0.0001670033
       78.0000000000       -0.0005275654       -0.0003991435       -0.0002624682       -0.0001296116       -0.0000189076        0.0000405088        0.0001070267        0.0001491607
       79.0000000000       -0.0005182205       -0.0004079840       -0.0002636999       -0.0001406059       -0.0000249965        0.0000341789        0.0000993503        0.0001409646
       80.0000000000       -0.0005157542       -0.0004139537       -0.0002773497       -0.0001479121       -0.0000473775        0.0000351738        0.0000861884        0.0001153821
       81.0000000000       -0.0005199383       -0.0004036963       -0.0002735168       -0.0001530024       -0.0000605816        0.0000268538        0.0000839996        0.0001075885
       82.0000000000       -0.0005303533       -0.0004120666       -0.0002828413       -0.0001620100       -0.0000715463        0.0000109295        0.0000612201        0.0001086995
       83.0000000000       -0.0005319281       -0.0004113285       -0.0002926327       -0.0001741015       -0.0000768217       -0.0000105576        0.0000539095        0.0000918843
       84.0000000000       -0.0005318273       -0.0004164523       -0.0002936414       -0.0001890956       -0.0000765196       -0.0000139474        0.0000335123        0.0000858762
       85.0000000000       -0.0005344901       -0.0004313013       -0.0003069643       -0.0002014967       -0.0000929486       -0.0000206504        0.0000286422        0.0000749424
       86.0000000000       -0.0005397716       -0.0004266899       -0.0003121845       -0.0002049094       -0.0001017109       -0.0000335049        0.0000287448        0.0000613912
       87.0000000000       -0.0005404733       -0.0004290186       -0.0003176098       -0.0002088801       -0.0001186282       -0.0000521787        0.0000176553        0.0000452694
       88.0000000000       -0.0005344605       -0.0004344595       -0.0003173936       -0.0002212642       -0.0001275052       -0.0000654436        0.0000060840        0.0000405139
       89.0000000000       -0.0005300568       -0.0004395782       -0.0003251346       -0.0002313404       -0.0001397550       -0.0000624033       -0.0000008200        0.0000348273
       90.0000000000       -0.0005393965       -0.0004372974       -0.0003359512       -0.0002275634       -0.0001548149       -0.0000667305       -0.0000191992        0.0000327397
       91.0000000000       -0.0005414568       -0.0004355534       -0.0003402448       -0.0002381137       -0.0001560600       -0.0000737932       -0.0000302229        0.0000225489
       92.0000000000       -0.0005353840       -0.0004364628       -0.0003475301       -0.0002475601       -0.0001616958       -0.0000769561       -0.0000348828        0.0000099801
       93.0000000000       -0.0005383297       -0.0004421060       -0.0003535644       -0.0002508183       -0.0001668288       -0.0000870153       -0.0000397532        0.0000017367
       94.0000000000       -0.0005302236       -0.0004418621       -0.0003569546       -0.0002611393       -0.0001753372       -0.0000979940       -0.0000503681       -0.0000091302
       95.0000000000       -0.0005269139       -0.0004577398       -0.0003629368       -0.0002674371       -0.0001827745       -0.0001109401       -0.0000655513       -0.0000156782
       96.0000000000       -0.0005369835       -0.0004577836       -0.0003639869       -0.0002663067       -0.0001928677       -0.0001175747       -0.0000706428       -0.0000204057
       97.0000000000       -0.0005368757       -0.0004540218       -0.0003699303       -0.0002655051       -0.0001913778       -0.0001218241       -0.0000704549       -0.0000307554
       98.0000000000       -0.0005369889       -0.0004573288       -0.0003624960       -0.0002706534       -0.0001968317       -0.0001280812       -0.0000760693       -0.0000436558
       99.0000000000       -0.0005317925       -0.0004574491       -0.0003642149       -0.0002855020       -0.0002123629       -0.0001475430       -0.0000794223       -0.0000499857
      100.0000000000       -0.0005310665       -0.0004477713       -0.0003646533       -0.0002964643       -0.0002186785       -0.0001527117       -0.0000840470       -0.0000499442
      101.0000000000       -0.0005358138       -0.0004541960       -0.0003745947       -0.0002907550       -0.0002188006       -0.0001554009       -0.0001047115       -0.0000629610
      102.0000000000       -0.0005349475       -0.0004555197       -0.0003785799       -0.0002910650       -0.0002245212       -0.0001619333       -0.0001051314       -0.0000668720
      103.0000000000       -0.0005279374       -0.0004609773       -0.0003854607       -0.0003025310       -0.0002304366       -0.0001703317       -0.0000976161       -0.0000671378
      104.0000000000       -0.0005315744       -0.0004573556       -0.0003900320       -0.0003051662       -0.0002284710       -0.0001727957       -0.0001112916       -0.0000762713
      105.0000000000       -0.0005354517       -0.0004520431       -0.0003904841       -0.0003181998       -0.0002389889       -0.0001820577       -0.0001239882       -0.0000826626
      106.0000000000       -0.0005352301       -0.0004641697       -0.0003938648       -0.0003202895       -0.0002447224       -0.0001832267       -0.0001343390       -0.0000857164
      107.0000000000       -0.0005312002       -0.0004699750       -0.0003987033       -0.0003291959       -0.0002577510       -0.0001881745       -0.0001350381       -0.0000958142
      108.0000000000       -0.0005304916       -0.0004765632       -0.0003992959       -0.0003337403       -0.0002694261       -0.0001994899       -0.0001352694       -0.0001012924
      109.0000000000       -0.0005376848       -0.0004723017       -0.0004105825       -0.0003312480       -0.0002720433       -0.0002146406       -0.0001437239       -0.0001091606
      110.0000000000       -0.0005355673       -0.0004661917       -0.0004063765       -0.0003329144       -0.0002714425       -0.0002198300       -0.0001630125       -0.0001152901
      111.0000000000       -0.0005389257       -0.0004790402       -0.0004094451       -0.0003395629       -0.0002817223       -0.0002239863       -0.0001718395       -0.0001236913
      112.0000000000       -0.0005317294       -0.0004808082       -0.0004175811       -0.0003550737       -0.0002890914       -0.0002245770       -0.0001729719       -0.0001292625
      113.0000000000       -0.0005331949       -0.0004757080       -0.0004101283       -0.0003564409       -0.0002948067       -0.0002319443       -0.0001874610       -0.0001307252
      114.0000000000       -0.0005323287       -0.0004755882       -0.0004103372       -0.0003544015       -0.0002925914       -0.0002381346       -0.0001846573       -0.0001435781
      115.0000000000       -0.0005336797       -0.0004790361       -0.0004280640       -0.0003618139       -0.0002888847       -0.0002463165       -0.0001906252       -0.0001511946
      116.0000000000       -0.0005309792       -0.0004723081       -0.0004265526       -0.0003669913       -0.0002968039       -0.0002474692       -0.0001930922       -0.0001505375
      117.0000000000       -0.0005391270       -0.0004759838       -0.0004269527       -0.0003651440       -0.0003046969       -0.0002514814       -0.0002058107       -0.0001559094
      118.0000000000       -0.0005410861       -0.0004785805       -0.0004256120       -0.0003655029       -0.0003184621       -0.0002570918       -0.0002091777       -0.0001641746
      119.0000000000       -0.0005330264       -0.0004762610       -0.0004202176       -0.0003703664       -0.0003085422       -0.0002634768       -0.0002192489       -0.0001764902
      120.0000000000       -0.0005393966       -0.0004786359       -0.0004119291       -0.0003666113       -0.0003081016       -0.0002765450       -0.0002265394       -0.0001897179
      121.0000000000       -0.0005434951       -0.0004887733       -0.0004124644       -0.0003653162       -0.0003121195       -0.0002762364       -0.0002171806       -0.0001851449
      122.0000000000       -0.0005375766       -0.0004827734       -0.0004299604       -0.0003742748       -0.0003221243       -0.0002807761       -0.0002298752       -0.0001841426
      123.0000000000       -0.0005382680       -0.0004839444       -0.0004324494       -0.0003845250       -0.0003293909       -0.0002781049       -0.0002390841       -0.0001864030
      124.0000000000       -0.0005389343       -0.0004820254       -0.0004345764       -0.0003864920       -0.0003296895       -0.0002799117       -0.0002427437       -0.0001941880
      125.0000000000       -0.0005350076       -0.0004796351       -0.0004384815       -0.0003934453       -0.0003400187       -0.0002857612       -0.0002466376       -0.0001942748
      126.0000000000       -0.0005222088       -0.0004768058       -0.0004381359       -0.0003909528       -0.0003392390       -0.0002871236       -0.0002460624       -0.0002000660
      127.0000000000       -0.0005294806       -0.0004815780       -0.0004375344       -0.0004039102       -0.0003549916       -0.0002860519       -0.0002515690       -0.0001993300
      128.0000000000       -0.0005267423       -0.0004860933       -0.0004358505       -0.0004097530       -0.0003567414       -0.0002897758       -0.0002515160       -0.0002145537
      129.0000000000       -0.0005281693       -0.0004870573       -0.0004310141       -0.0004021313       -0.0003557788       -0.0002998213       -0.0002634501       -0.0002249048
      130.0000000000       -0.0005228636       -0.0004954401       -0.0004386577       -0.0003944559       -0.0003625794       -0.0003028630       -0.0002745512       -0.0002296643
      131.0000000000       -0.0005263938       -0.0004927164       -0.0004409140       -0.0003913928       -0.0003657551       -0.0003027103       -0.0002779715       -0.0002501598
      132.0000000000       -0.0005346009       -0.0004835573       -0.0004394022       -0.0003953309       -0.0003605366       -0.0003149815       -0.0002730668       -0.0002486991
      133.0000000000       -0.0005337316       -0.0004857252       -0.0004377388       -0.0004006941       -0.0003642072       -0.0003168936       -0.0002705444       -0.0002454036
      134.0000000000       -0.0005295395       -0.0004832399       -0.0004512136       -0.0004018408       -0.0003642548       -0.0003264190       -0.0002776531       -0.0002405136
      135.0000000000       -0.0005275114       -0.0004820178       -0.0004493979       -0.0004054708       -0.0003683909       -0.0003282793       -0.0002864539       -0.0002443702
      136.0000000000       -0.0005250542       -0.0004884663       -0.0004549861       -0.0004063974       -0.0003761184       -0.0003280843       -0.0002919597       -0.0002472405
      137.0000000000       -0.0005266948       -0.0004946264       -0.0004522051       -0.0004119275       -0.0003673279       -0.0003323620       -0.0002954816       -0.0002582417
      138.0000000000       -0.0005207948       -0.0004924550       -0.0004528629       -0.0004201179       -0.0003715357       -0.0003351872       -0.0002892866       -0.0002670957
      139.0000000000       -0.0005173761       -0.0004981064       -0.0004604956       -0.0004125452       -0.0003787904       -0.0003525614       -0.0002914543       -0.0002667631
      140.0000000000       -0.0005296617       -0.0004991942       -0.0004611865       -0.0004161075       -0.0003803642       -0.0003524384       -0.0003001381       -0.0002730948
      141.0000000000       -0.0005273739       -0.0004957667       -0.0004625355       -0.0004187539       -0.0003842532       -0.0003455542       -0.0003066729       -0.0002730471
      142.0000000000       -0.0005224414       -0.0004921923       -0.0004626135       -0.0004149051       -0.0003797126       -0.0003471856       -0.0003074616       -0.0002688186
      143.0000000000       -0.0005308023       -0.0004950278       -0.0004588765       -0.0004206740       -0.0003854911       -0.0003469053       -0.0003116126       -0.0002737132
      144.0000000000       -0.0005381281       -0.0005142626       -0.0004618342       -0.0004313123       -0.0003835127       -0.0003541463       -0.0003123722       -0.0002806709
      145.0000000000       -0.0005465890       -0.0005052806       -0.0004636559       -0.0004240294       -0.0003857884       -0.0003544936       -0.0003202145       -0.0002832017
      146.0000000000       -0.0005529683       -0.0004968809       -0.0004751086       -0.0004312040       -0.0004001246       -0.0003518757       -0.0003214559       -0.0002854964
      147.0000000000       -0.0005466777       -0.0005025120       -0.0004703241       -0.0004401383       -0.0004077698       -0.0003529231       -0.0003177640       -0.0002977940
      148.0000000000       -0.0005360579       -0.0005057116       -0.0004697860       -0.0004393982       -0.0003986792       -0.0003564334       -0.0003185429       -0.0002970994
      149.0000000000       -0.0005298924       -0.0004915712       -0.0004702433       -0.0004356487       -0.0004013757       -0.0003630316       -0.0003280763       -0.0002915906
      150.0000000000       -0.0005344352       -0.0005020611       -0.0004721399       -0.0004319083       -0.0004016592       -0.0003699070       -0.0003341348       -0.0002915900
      151.0000000000       -0.0005378383       -0.0004988520       -0.0004777540       -0.0004375653       -0.0004020074       -0.0003760179       -0.0003340737       -0.0002942093
      152.0000000000       -0.0005284501       -0.0005052052       -0.0004758775       -0.0004410751       -0.0004040504       -0.0003758795       -0.0003291131       -0.0002954903
      153.0000000000       -0.0005388690       -0.0005064332       -0.0004724085       -0.0004429559       -0.0004085514       -0.0003826130       -0.0003332085       -0.0003023667
      154.0000000000       -0.0005338650       -0.0005223778       -0.0004750278       -0.0004467824       -0.0004076971       -0.0003890258       -0.0003485234       -0.0003013378
      155.0000000000       -0.0005346275       -0.0005266785       -0.0004785388       -0.0004404520       -0.0004036773       -0.0003855467       -0.0003517123       -0.0003018061
      156.0000000000       -0.0005368462       -0.0005170585       -0.0004793757       -0.0004383824       -0.0004063234       -0.0003740492       -0.0003500178       -0.0003085736
      157.0000000000       -0.0005368825       -0.0005072697       -0.0004774420       -0.0004419639       -0.0004136757       -0.0003838743       -0.0003559876       -0.0003170605
      158.0000000000       -0.0005312749       -0.0005077321       -0.0004813722       -0.0004428931       -0.0004093814       -0.0003901341       -0.0003556455       -0.0003227959
      159.0000000000       -0.0005350098       -0.0005128418       -0.0004914751       -0.0004542883       -0.0004174858       -0.0003854136       -0.0003526297       -0.0003293909
      160.0000000000       -0.0005350982       -0.0005181863       -0.0004864072       -0.0004620247       -0.0004205425       -0.0003767903       -0.0003581804       -0.0003283999
      161.0000000000       -0.0005368942       -0.0005125612       -0.0004772189       -0.0004532585       -0.0004197834       -0.0003826912       -0.0003665713       -0.0003266712
      162.0000000000       -0.0005386614       -0.0005047296       -0.0004761531       -0.0004578309       -0.0004256659       -0.0003919153       -0.0003654524       -0.0003256357
      163.0000000000       -0.0005367090       -0.0005020475       -0.0004798880       -0.0004536450       -0.0004185080       -0.0003892659       -0.0003610672       -0.0003340828
      164.0000000000       -0.0005360611       -0.0005052416       -0.0004754912       -0.0004514354       -0.0004270693       -0.0003866605       -0.0003611776       -0.0003365857
      165.0000000000       -0.0005336650       -0.0005043579       -0.0004785400       -0.0004515807       -0.0004219997       -0.0004023148       -0.0003627810       -0.0003377686
      166.0000000000       -0.0005256019       -0.0005058596       -0.0004806459       -0.0004543163       -0.0004170154       -0.0004075546       -0.0003702868       -0.0003431856
      167.0000000000       -0.0005254322       -0.0005046529       -0.0004809985       -0.0004611878       -0.0004173850       -0.0004094000       -0.0003738231       -0.0003394229
      168.0000000000       -0.0005355779       -0.0005076697       -0.0004792554       -0.0004595054       -0.0004234881       -0.0004086690       -0.0003704261       -0.0003437155
      169.0000000000       -0.0005345737       -0.0005061402       -0.0004797939       -0.0004478121       -0.0004284843       -0.0004025456       -0.0003746408       -0.0003489390
      170.0000000000       -0.0005294147       -0.0005070713       -0.0004842308       -0.0004531005       -0.0004382563       -0.0004026106       -0.0003766855       -0.0003564654
      171.0000000000       -0.0005319464       -0.0005058029       -0.0004900059       -0.0004545363       -0.0004518014       -0.0003980360       -0.0003783773       -0.0003524975
      172.0000000000       -0.0005325909       -0.0004919372       -0.0004948908       -0.0004654106       -0.0004432200       -0.0003859655       -0.0003755681       -0.0003540240
      173.0000000000       -0.0005301826       -0.0005032161       -0.0004877878       -0.0004623719       -0.0004448249       -0.0003999571       -0.0003748604       -0.0003473406
      174.0000000000       -0.0005252882       -0.0005147946       -0.0004816125       -0.0004555906       -0.0004408359       -0.0004075428       -0.0003825699       -0.0003516323
      175.0000000000       -0.0005384824       -0.0005149398       -0.0004847594       -0.0004618269       -0.0004327986       -0.0004097930       -0.0003863054       -0.0003582190
      176.0000000000       -0.0005439481       -0.0005148349       -0.0004834712       -0.0004659767       -0.0004261709       -0.0004081227       -0.0003899313       -0.0003618346
      177.0000000000       -0.0005264613       -0.0005096338       -0.0004877093       -0.0004651223       -0.0004340683       -0.0004170171       -0.0003828146       -0.0003592390
      178.0000000000       -0.0005257708       -0.0005044270       -0.0004922643       -0.0004616131       -0.0004422722       -0.0004141643       -0.0003830558       -0.0003648272
      179.0000000000       -0.0005327063       -0.0005040663       -0.0004921574       -0.0004696862       -0.0004429202       -0.0004139210       -0.0003863252       -0.0003567772
      180.0000000000       -0.0005316866       -0.0005087478       -0.0004944322       -0.0004694357       -0.0004463027       -0.0004130159       -0.0003815032       -0.0003582017
      181.0000000000       -0.0005305079       -0.0005185783       -0.0004922939       -0.0004667550       -0.0004470684       -0.0003997537       -0.0003869990       -0.0003670162
      182.0000000000       -0.0005273423       -0.0005207873       -0.0004911687       -0.0004701560       -0.0004480331       -0.0004086505       -0.0003933065       -0.0003623394
      183.0000000000       -0.0005352166       -0.0005197214       -0.0004906413       -0.0004663337       -0.0004388473       -0.0004175839       -0.0003878354       -0.0003594629
      184.0000000000       -0.0005308171       -0.0005230851       -0.0004963421       -0.0004688004       -0.0004433166       -0.0004208526       -0.0003884448       -0.0003584876
      185.0000000000       -0.0005200064       -0.0005124794       -0.0004897861       -0.0004715304       -0.0004330622       -0.0004272059       -0.0003959320       -0.0003603907
      186.0000000000       -0.0005192832       -0.0005142042       -0.0004889231       -0.0004749660       -0.0004293600       -0.0004321003       -0.0003970006       -0.0003642070
      187.0000000000       -0.0005293992       -0.0005075676       -0.0005033776       -0.0004748804       -0.0004406279       -0.0004311533       -0.0004004356       -0.0003760068
      188.0000000000       -0.0005325300       -0.0005091350       -0.0005066073       -0.0004737893       -0.0004387787       -0.0004274992       -0.0003988424       -0.0003798423
      189.0000000000       -0.0005282175       -0.0005190925       -0.0005013078       -0.0004729231       -0.0004454264       -0.0004267637       -0.0004028034       -0.0003805166
      190.0000000000       -0.0005337098       -0.0005206979       -0.0004904215       -0.0004817985       -0.0004582241       -0.0004254926       -0.0004077372       -0.0003738419
      191.0000000000       -0.0005275523       -0.0005249584       -0.0004893008       -0.0004780744       -0.0004527900       -0.0004253487       -0.0004019412       -0.0003802209
      192.0000000000       -0.0005264338       -0.0005210427       -0.0004983909       -0.0004711321       -0.0004561678       -0.0004208376       -0.0003953431       -0.0003778732
      193.0000000000       -0.0005281998       -0.0005128002       -0.0004947590       -0.0004662235       -0.0004486316       -0.0004280658       -0.0003944047       -0.0003832309
      194.0000000000       -0.0005337382       -0.0005058768       -0.0004917040       -0.0004742424       -0.0004496809       -0.0004380258       -0.0004181589       -0.0003941260
      195.0000000000       -0.0005350288       -0.0005110601       -0.0005006097       -0.0004907721       -0.0004574788       -0.0004333391       -0.0004234972       -0.0003963323
      196.0000000000       -0.0005329182       -0.0005151637       -0.0004969138       -0.0004879532       -0.0004655061       -0.0004325136       -0.0004158393       -0.0003946122
      197.0000000000       -0.0005341399       -0.0005080026       -0.0004967054       -0.0004860615       -0.0004595577       -0.0004322097       -0.0004065521       -0.0003929845
      198.0000000000       -0.0005347314       -0.0005064802       -0.0005035912       -0.0004770384       -0.0004593816       -0.0004278615       -0.0004110619       -0.0003875820
      199.0000000000       -0.0005253898       -0.0005120306       -0.0005010391       -0.0004810961       -0.0004576235       -0.0004357051       -0.0004169289       -0.0003957181
      200.0000000000       -0.0005320001       -0.0005220552       -0.0004937792       -0.0004791633       -0.0004629060       -0.0004400833       -0.0004158796       -0.0003943218
      201.0000000000       -0.0005449365       -0.0005193928       -0.0004898523       -0.0004717950       -0.0004650664       -0.0004420883       -0.0004212311       -0.0003945043
      202.0000000000       -0.0005429596       -0.0005164124       -0.0004938894       -0.0004805293       -0.0004663075       -0.0004393648       -0.0004277413       -0.0004041072
      203.0000000000       -0.0005441907       -0.0005146884       -0.0005016628       -0.0004876212       -0.0004599776       -0.0004360751       -0.0004222671       -0.0004098486
      204.0000000000       -0.0005406657       -0.0005063278       -0.0004991299       -0.0004840514       -0.0004497366       -0.0004370971       -0.0004171211       -0.0004087073
      205.0000000000       -0.0005317690       -0.0005190414       -0.0005069191       -0.0004845374       -0.0004528901       -0.0004426124       -0.0004183578       -0.0003958422
      206.0000000000       -0.0005250990       -0.0005168569       -0.0005068701       -0.0004758830       -0.0004642413       -0.0004421441       -0.0004241207       -0.0003910409
      207.0000000000       -0.0005224165       -0.0005238943       -0.0005039814       -0.0004709549       -0.0004737173       -0.0004362630       -0.0004143693       -0.0003978039
      208.0000000000       -0.0005238447       -0.0005253716       -0.0005047061       -0.0004765185       -0.0004691539       -0.0004393303       -0.0004234017       -0.0004018323
      209.0000000000       -0.0005281918       -0.0005277609       -0.0005036722       -0.0004853261       -0.0004683563       -0.0004440018       -0.0004258356       -0.0004004389
      210.0000000000       -0.0005310078       -0.0005252267       -0.0004936637       -0.0004851746       -0.0004731882       -0.0004395368       -0.0004211677       -0.0004092287
      211.0000000000       -0.0005279623       -0.0005245641       -0.0004907420       -0.0004730226       -0.0004753165       -0.0004284923       -0.0004268125       -0.0004179325
      212.0000000000       -0.0005289757       -0.0005171813       -0.0005008342       -0.0004727764       -0.0004702621       -0.0004297726       -0.0004237449       -0.0004116550
      213.0000000000       -0.0005387144       -0.0005221873       -0.0005020617       -0.0004793621       -0.0004707142       -0.0004428458       -0.0004242908       -0.0004006859
      214.0000000000       -0.0005390274       -0.0005256750       -0.0005079398       -0.0004829207       -0.0004653352       -0.0004423520       -0.0004307136       -0.0004018757
      215.0000000000       -0.0005365909       -0.0005187861       -0.0005060840       -0.0004851777       -0.0004593462       -0.0004479491       -0.0004379885       -0.0003984295
      216.0000000000       -0.0005282866       -0.0005197335       -0.0005154586       -0.0004844843       -0.0004703795       -0.0004537102       -0.0004373778       -0.0004028464
      217.0000000000       -0.0005293043       -0.0005232748       -0.0005043448       -0.0004764980       -0.0004698305       -0.0004535719       -0.0004361309       -0.0004050050
      218.0000000000       -0.0005317223       -0.0005241941       -0.0004962687       -0.0004888022       -0.0004699855       -0.0004459356       -0.0004361225       -0.0004168568
      219.0000000000       -0.0005354233       -0.0005192641       -0.0004876330       -0.0004932698       -0.0004667859       -0.0004465908       -0.0004316911       -0.0004199560
      220.0000000000       -0.0005295705       -0.0005274113       -0.0004947576       -0.0004924703       -0.0004589009       -0.0004530432       -0.0004247571       -0.0004160215
      221.0000000000       -0.0005390773       -0.0005222413       -0.0004994839       -0.0004885684       -0.0004633907       -0.0004549564       -0.0004200423       -0.0004139553
      222.0000000000       -0.0005468062       -0.0005181253       -0.0005057525       -0.0004786787       -0.0004641451       -0.0004519492       -0.0004274619       -0.0004108727
      223.0000000000       -0.0005365461       -0.0005221023       -0.0005021358       -0.0004706384       -0.0004706530       -0.0004488574       -0.0004250875       -0.0004086300
      224.0000000000       -0.0005311412       -0.0005231473       -0.0005017157       -0.0004807926       -0.0004705182       -0.0004443823       -0.0004258926       -0.0004126199
      225.0000000000       -0.0005289275       -0.0005297205       -0.0004995775       -0.0004833641       -0.0004695639       -0.0004511829       -0.0004353467       -0.0004140548
      226.0000000000       -0.0005348478       -0.0005267041       -0.0004960840       -0.0004814241       -0.0004635616       -0.0004584481       -0.0004281835       -0.0004108293
      227.0000000000       -0.0005244870       -0.0005202003       -0.0004994754       -0.0004792362       -0.0004628861       -0.0004573812       -0.0004332706       -0.0004075591
      228.0000000000       -0.0005264590       -0.0005171435       -0.0004968066       -0.0004808544       -0.0004662781       -0.0004600230       -0.0004287016       -0.0004198038
      229.0000000000       -0.0005354996       -0.0005142140       -0.0004978270       -0.0004860083       -0.0004673535       -0.0004538243       -0.0004298955       -0.0004243280
      230.0000000000       -0.0005427692       -0.0005115604       -0.0005137359       -0.0004940724       -0.0004703683       -0.0004595137       -0.0004302765       -0.0004231555
      231.0000000000       -0.0005361855       -0.0005222683       -0.0005120600       -0.0004926623       -0.0004684474       -0.0004582946       -0.0004326472       -0.0004196242
      232.0000000000       -0.0005365418       -0.0005253423       -0.0005030581       -0.0004873816       -0.0004716647       -0.0004534977       -0.0004316291       -0.0004179448
      233.0000000000       -0.0005288272       -0.0005167417       -0.0005077100       -0.0004992887       -0.0004753001       -0.0004492722       -0.0004334796       -0.0004215448
      234.0000000000       -0.0005297738       -0.0005097173       -0.0005045867       -0.0005012249       -0.0004845545       -0.0004537528       -0.0004408851       -0.0004261556
      235.0000000000       -0.0005389546       -0.0005116419       -0.0005056315       -0.0004939146       -0.0004871369       -0.0004560197       -0.0004426726       -0.0004142135
      236.0000000000       -0.0005377374       -0.0005140210       -0.0004933850       -0.0004884231       -0.0004837885       -0.0004555934       -0.0004361111       -0.0004143568
      237.0000000000       -0.0005233061       -0.0005068169       -0.0005037387       -0.0004965287       -0.0004710293       -0.0004567853       -0.0004314228       -0.0004177347
      238.0000000000       -0.0005235642       -0.0005178540       -0.0005056216       -0.0005006446       -0.0004817522       -0.0004628498       -0.0004336783       -0.0004259195
      239.0000000000       -0.0005208461       -0.0005281318       -0.0005089347       -0.0004986242       -0.0004770149       -0.0004524564       -0.0004373974       -0.0004298816
      240.0000000000       -0.0005240171       -0.0005103612       -0.0005077343       -0.0004946308       -0.0004778516       -0.0004450237       -0.0004373166       -0.0004230635
      241.0000000000       -0.0005228751       -0.0005094562       -0.0005024888       -0.0004895798       -0.0004853489       -0.0004529662       -0.0004412052       -0.0004184673
      242.0000000000       -0.0005202337       -0.0005098847       -0.0005105781       -0.0004920940       -0.0004735212       -0.0004605687       -0.0004473135       -0.0004090897
      243.0000000000       -0.0005324327       -0.0005100840       -0.0005078164       -0.0004823161       -0.0004754266       -0.0004648175       -0.0004404733       -0.0004165696
      244.0000000000       -0.0005339192       -0.0005131642       -0.0004989770       -0.0004807023       -0.0004709140       -0.0004600524       -0.0004295867       -0.0004214917
      245.0000000000       -0.0005343275       -0.0005173014       -0.0005029737       -0.0004894126       -0.0004798335       -0.0004536501       -0.0004312674       -0.0004156932
      246.0000000000       -0.0005374533       -0.0005185589       -0.0005026130       -0.0004864658       -0.0004723942       -0.0004538994       -0.0004376060       -0.0004104536
      247.0000000000       -0.0005375789       -0.0005185965       -0.0005029759       -0.0004877019       -0.0004830914       -0.0004561861       -0.0004437546       -0.0004172583
      248.0000000000       -0.0005323346       -0.0005113560       -0.0005127981       -0.0004831825       -0.0004850324       -0.0004594263       -0.0004414424       -0.0004178091
      249.0000000000       -0.0005342069       -0.0005219049       -0.0005060344       -0.0004947163       -0.0004859056       -0.0004618930       -0.0004356192       -0.0004209443
      250.0000000000       -0.0005351417       -0.0005189732       -0.0005101459       -0.0004956183       -0.0004780770       -0.0004585521       -0.0004394856       -0.0004215606
      251.0000000000       -0.0005279697       -0.0005261413       -0.0005032576       -0.0004908058       -0.0004809614       -0.0004623849       -0.0004411569       -0.0004163342
      252.0000000000       -0.0005321632       -0.0005308127       -0.0005046544       -0.0004897924       -0.0004765597       -0.0004645851       -0.0004460235       -0.0004114446
      253.0000000000       -0.0005289462       -0.0005332727       -0.0005077561       -0.0004885557       -0.0004678595       -0.0004666410       -0.0004408351       -0.0004227560
      254.0000000000       -0.0005417350       -0.0005269538       -0.0005148775       -0.0004924761       -0.0004675983       -0.0004580736       -0.0004408179       -0.0004224103
      255.0000000000       -0.0005444759       -0.0005255135       -0.0005099937       -0.0004975554       -0.0004761490       -0.0004564455       -0.0004381598       -0.0004113721
