        0.0000000000        0.0336687695
        1.0000000000        0.0148880012
        2.0000000000        0.0100503862
        3.0000000000        0.0074058521
        4.0000000000        0.0056439618
        5.0000000000        0.0044978088
        6.0000000000        0.0035939864
        7.0000000000        0.0029759776
        8.0000000000        0.0025095246
        9.0000000000        0.0021551383
       10.0000000000        0.0018964797
       11.0000000000        0.0016849190
       12.0000000000        0.0015214721
       13.0000000000        0.0013589032
       14.0000000000        0.0012511731
       15.0000000000        0.0011216134
       16.0000000000        0.0010275787
       17.0000000000        0.0009824779
       18.0000000000        0.0008957395
       19.0000000000        0.0008142334
       20.0000000000        0.0007527655
       21.0000000000        0.0007138070
       22.0000000000        0.0006489259
       23.0000000000        0.0005737012
       24.0000000000        0.0005174644
       25.0000000000        0.0004754621
       26.0000000000        0.0004307360
       27.0000000000        0.0004323126
       28.0000000000        0.0003690030
       29.0000000000        0.0003536867
       30.0000000000        0.0003492984
       31.0000000000        0.0003029193
       32.0000000000        0.0002923749
       33.0000000000        0.0002471526
       34.0000000000        0.0002015657
       35.0000000000        0.0001862848
       36.0000000000        0.0001801589
       37.0000000000        0.0001985373
       38.0000000000        0.0001917513
       39.0000000000        0.0001871750
       40.0000000000        0.0001111812
       41.0000000000        0.0000931552
       42.0000000000        0.0000745287
       43.0000000000        0.0000804290
       44.0000000000        0.0000939649
       45.0000000000        0.0000940176
       46.0000000000        0.0001043335
       47.0000000000        0.0000979811
       48.0000000000        0.0001113534
       49.0000000000        0.0001007456
       50.0000000000        0.0000899220
       51.0000000000        0.0000770540
       52.0000000000        0.0000512868
       53.0000000000        0.0000331824
       54.0000000000        0.0000470000
       55.0000000000        0.0000419166
       56.0000000000        0.0000173752
       57.0000000000        0.0000177208
       58.0000000000        0.0000492793
       59.0000000000        0.0000382782
       60.0000000000        0.0000024485
       61.0000000000       -0.0000245896
       62.0000000000       -0.0000196911
       63.0000000000       -0.0000075847
       64.0000000000        0.0000002978
