        0.0000000000        0.0218960874
        1.0000000000        0.0062139140
        2.0000000000        0.0036336876
        3.0000000000        0.0026141401
        4.0000000000        0.0020562201
        5.0000000000        0.0016902896
        6.0000000000        0.0014348703
        7.0000000000        0.0012386359
        8.0000000000        0.0010876217
        9.0000000000        0.0009636867
       10.0000000000        0.0008622851
       11.0000000000        0.0007774238
       12.0000000000        0.0007048589
       13.0000000000        0.0006390284
       14.0000000000        0.0005823504
       15.0000000000        0.0005339341
       16.0000000000        0.0004890528
       17.0000000000        0.0004493743
       18.0000000000        0.0004104957
       19.0000000000        0.0003817227
       20.0000000000        0.0003496493
       21.0000000000        0.0003234513
       22.0000000000        0.0003029848
       23.0000000000        0.0002783751
       24.0000000000        0.0002575741
       25.0000000000        0.0002392044
       26.0000000000        0.0002227616
       27.0000000000        0.0002067528
       28.0000000000        0.0001913166
       29.0000000000        0.0001773027
       30.0000000000        0.0001638214
       31.0000000000        0.0001502790
       32.0000000000        0.0001372165
       33.0000000000        0.0001247967
       34.0000000000        0.0001138275
       35.0000000000        0.0001075134
       36.0000000000        0.0001010098
       37.0000000000        0.0000888476
       38.0000000000        0.0000826713
       39.0000000000        0.0000717412
       40.0000000000        0.0000666757
       41.0000000000        0.0000620102
       42.0000000000        0.0000582767
       43.0000000000        0.0000501933
       44.0000000000        0.0000472684
       45.0000000000        0.0000408116
       46.0000000000        0.0000419324
       47.0000000000        0.0000357279
       48.0000000000        0.0000315447
       49.0000000000        0.0000290580
       50.0000000000        0.0000232451
       51.0000000000        0.0000201428
       52.0000000000        0.0000171041
       53.0000000000        0.0000166834
       54.0000000000        0.0000120487
       55.0000000000        0.0000100306
       56.0000000000        0.0000094709
       57.0000000000        0.0000041340
       58.0000000000        0.0000014699
       59.0000000000        0.0000006042
       60.0000000000        0.0000001609
       61.0000000000       -0.0000005599
       62.0000000000       -0.0000041689
       63.0000000000       -0.0000019253
       64.0000000000       -0.0000033937
