        0.0000000000        0.0313911085
        1.0000000000        0.0129402536
        2.0000000000        0.0088348660
        3.0000000000        0.0068079949
        4.0000000000        0.0054833099
        5.0000000000        0.0046373592
        6.0000000000        0.0038380602
        7.0000000000        0.0032761691
        8.0000000000        0.0028200208
        9.0000000000        0.0024875153
       10.0000000000        0.0022393899
       11.0000000000        0.0019617176
       12.0000000000        0.0017541155
       13.0000000000        0.0016134644
       14.0000000000        0.0014828755
       15.0000000000        0.0013057143
       16.0000000000        0.0011891123
       17.0000000000        0.0010557967
       18.0000000000        0.0009451681
       19.0000000000        0.0008683623
       20.0000000000        0.0008650997
       21.0000000000        0.0007735439
       22.0000000000        0.0007194422
       23.0000000000        0.0006792144
       24.0000000000        0.0006421774
       25.0000000000        0.0005863795
       26.0000000000        0.0005311544
       27.0000000000        0.0005231365
       28.0000000000        0.0004206527
       29.0000000000        0.0004235470
       30.0000000000        0.0003904502
       31.0000000000        0.0003922182
       32.0000000000        0.0003871383
       33.0000000000        0.0003489326
       34.0000000000        0.0002836799
       35.0000000000        0.0002968044
       36.0000000000        0.0002651547
       37.0000000000        0.0002220905
       38.0000000000        0.0001937097
       39.0000000000        0.0002441001
       40.0000000000        0.0001153390
       41.0000000000        0.0001472819
       42.0000000000        0.0001083143
       43.0000000000        0.0001165578
       44.0000000000        0.0001186741
       45.0000000000        0.0001178831
       46.0000000000        0.0001190907
       47.0000000000        0.0001465072
       48.0000000000        0.0001439236
       49.0000000000        0.0001077916
       50.0000000000        0.0000834938
       51.0000000000        0.0000907434
       52.0000000000        0.0000825209
       53.0000000000        0.0000750370
       54.0000000000        0.0000619018
       55.0000000000        0.0001191424
       56.0000000000        0.0000521509
       57.0000000000        0.0000469884
       58.0000000000        0.0000592432
       59.0000000000       -0.0000079123
       60.0000000000       -0.0000505859
       61.0000000000       -0.0000835035
       62.0000000000       -0.0000494062
       63.0000000000       -0.0000534268
       64.0000000000       -0.0000284725
