        0.0000000000        0.0883422095
        1.0000000000        0.0640732543
        2.0000000000        0.0537419427
        3.0000000000        0.0474372114
        4.0000000000        0.0428267060
        5.0000000000        0.0391491275
        6.0000000000        0.0361772704
        7.0000000000        0.0336056650
        8.0000000000        0.0313653209
        9.0000000000        0.0294443552
       10.0000000000        0.0277225120
       11.0000000000        0.0262395352
       12.0000000000        0.0249071596
       13.0000000000        0.0237338660
       14.0000000000        0.0225924295
       15.0000000000        0.0216386929
       16.0000000000        0.0207677334
       17.0000000000        0.0199164536
       18.0000000000        0.0191664957
       19.0000000000        0.0185006849
       20.0000000000        0.0178806687
       21.0000000000        0.0173176873
       22.0000000000        0.0168034893
       23.0000000000        0.0162731298
       24.0000000000        0.0157963796
       25.0000000000        0.0153417808
       26.0000000000        0.0149586493
       27.0000000000        0.0145484008
       28.0000000000        0.0141769551
       29.0000000000        0.0138321633
       30.0000000000        0.0134543700
       31.0000000000        0.0131667584
       32.0000000000        0.0128711510
       33.0000000000        0.0126048550
       34.0000000000        0.0123245129
       35.0000000000        0.0120854104
       36.0000000000        0.0119123533
       37.0000000000        0.0117123338
       38.0000000000        0.0114736606
       39.0000000000        0.0112693367
       40.0000000000        0.0110498211
       41.0000000000        0.0108867916
       42.0000000000        0.0106808469
       43.0000000000        0.0105433846
       44.0000000000        0.0103706171
       45.0000000000        0.0102057475
       46.0000000000        0.0100447841
       47.0000000000        0.0099194172
       48.0000000000        0.0097423859
       49.0000000000        0.0096151459
       50.0000000000        0.0094761919
       51.0000000000        0.0093310898
       52.0000000000        0.0091746122
       53.0000000000        0.0090518350
       54.0000000000        0.0089349828
       55.0000000000        0.0088523536
       56.0000000000        0.0087327149
       57.0000000000        0.0086345963
       58.0000000000        0.0085415062
       59.0000000000        0.0084036008
       60.0000000000        0.0082912501
       61.0000000000        0.0081559239
       62.0000000000        0.0080282183
       63.0000000000        0.0079244426
       64.0000000000        0.0078310564
       65.0000000000        0.0076964965
       66.0000000000        0.0075857317
       67.0000000000        0.0074714663
       68.0000000000        0.0073565634
       69.0000000000        0.0072655111
       70.0000000000        0.0071643933
       71.0000000000        0.0071067486
       72.0000000000        0.0070043396
       73.0000000000        0.0069376883
       74.0000000000        0.0068381290
       75.0000000000        0.0067700797
       76.0000000000        0.0067354921
       77.0000000000        0.0067096083
       78.0000000000        0.0066302653
       79.0000000000        0.0065456190
       80.0000000000        0.0065011698
       81.0000000000        0.0064627526
       82.0000000000        0.0063737512
       83.0000000000        0.0063128167
       84.0000000000        0.0062091650
       85.0000000000        0.0061655243
       86.0000000000        0.0061492908
       87.0000000000        0.0061239048
       88.0000000000        0.0060684529
       89.0000000000        0.0060115587
       90.0000000000        0.0059568325
       91.0000000000        0.0059483189
       92.0000000000        0.0058891997
       93.0000000000        0.0058215753
       94.0000000000        0.0057690818
       95.0000000000        0.0057555198
       96.0000000000        0.0056903081
       97.0000000000        0.0056400376
       98.0000000000        0.0055942918
       99.0000000000        0.0055567986
      100.0000000000        0.0055003398
      101.0000000000        0.0054833281
      102.0000000000        0.0054198400
      103.0000000000        0.0053743083
      104.0000000000        0.0053582946
      105.0000000000        0.0053251007
      106.0000000000        0.0052781051
      107.0000000000        0.0052256304
      108.0000000000        0.0051916819
      109.0000000000        0.0051119260
      110.0000000000        0.0050612685
      111.0000000000        0.0050269072
      112.0000000000        0.0049942406
      113.0000000000        0.0049480353
      114.0000000000        0.0048919549
      115.0000000000        0.0048596233
      116.0000000000        0.0048299151
      117.0000000000        0.0047764147
      118.0000000000        0.0047476731
      119.0000000000        0.0046893104
      120.0000000000        0.0046653055
      121.0000000000        0.0046597300
      122.0000000000        0.0046683425
      123.0000000000        0.0046494407
      124.0000000000        0.0046255257
      125.0000000000        0.0046137474
      126.0000000000        0.0045664314
      127.0000000000        0.0045130375
      128.0000000000        0.0044965598
      129.0000000000        0.0044613939
      130.0000000000        0.0044381721
      131.0000000000        0.0043949507
      132.0000000000        0.0043191491
      133.0000000000        0.0042871765
      134.0000000000        0.0042499751
      135.0000000000        0.0042382398
      136.0000000000        0.0042154847
      137.0000000000        0.0041519632
      138.0000000000        0.0041034637
      139.0000000000        0.0040582759
      140.0000000000        0.0040353414
      141.0000000000        0.0040069953
      142.0000000000        0.0039920287
      143.0000000000        0.0039690428
      144.0000000000        0.0039327498
      145.0000000000        0.0039239686
      146.0000000000        0.0039371309
      147.0000000000        0.0039351775
      148.0000000000        0.0039156815
      149.0000000000        0.0038946941
      150.0000000000        0.0038827306
      151.0000000000        0.0038370413
      152.0000000000        0.0038114780
      153.0000000000        0.0038178583
      154.0000000000        0.0038400436
      155.0000000000        0.0038011282
      156.0000000000        0.0037936623
      157.0000000000        0.0038042984
      158.0000000000        0.0037592191
      159.0000000000        0.0037494604
      160.0000000000        0.0037267463
      161.0000000000        0.0036799160
      162.0000000000        0.0036418820
      163.0000000000        0.0035704630
      164.0000000000        0.0035603505
      165.0000000000        0.0035213235
      166.0000000000        0.0034918076
      167.0000000000        0.0034412959
      168.0000000000        0.0034191108
      169.0000000000        0.0033598482
      170.0000000000        0.0033656549
      171.0000000000        0.0033936897
      172.0000000000        0.0034242828
      173.0000000000        0.0034013532
      174.0000000000        0.0033653869
      175.0000000000        0.0033231279
      176.0000000000        0.0033125869
      177.0000000000        0.0032791370
      178.0000000000        0.0032455331
      179.0000000000        0.0032363344
      180.0000000000        0.0032261851
      181.0000000000        0.0032565326
      182.0000000000        0.0032383654
      183.0000000000        0.0032321400
      184.0000000000        0.0031864237
      185.0000000000        0.0031913362
      186.0000000000        0.0031377672
      187.0000000000        0.0031654326
      188.0000000000        0.0031803053
      189.0000000000        0.0031623714
      190.0000000000        0.0031604881
      191.0000000000        0.0031079803
      192.0000000000        0.0030547137
      193.0000000000        0.0030620851
      194.0000000000        0.0030739280
      195.0000000000        0.0030839773
      196.0000000000        0.0030773619
      197.0000000000        0.0030598669
      198.0000000000        0.0030229625
      199.0000000000        0.0029816980
      200.0000000000        0.0029624050
      201.0000000000        0.0029468278
      202.0000000000        0.0028945562
      203.0000000000        0.0028751776
      204.0000000000        0.0028749659
      205.0000000000        0.0028455645
      206.0000000000        0.0028078372
      207.0000000000        0.0028090717
      208.0000000000        0.0027716394
      209.0000000000        0.0027948796
      210.0000000000        0.0028065268
      211.0000000000        0.0027543077
      212.0000000000        0.0027654095
      213.0000000000        0.0028032756
      214.0000000000        0.0028128095
      215.0000000000        0.0027786048
      216.0000000000        0.0027142251
      217.0000000000        0.0027062761
      218.0000000000        0.0026799845
      219.0000000000        0.0026459235
      220.0000000000        0.0026002412
      221.0000000000        0.0026171334
      222.0000000000        0.0026068763
      223.0000000000        0.0025670890
      224.0000000000        0.0025621466
      225.0000000000        0.0025618282
      226.0000000000        0.0025962516
      227.0000000000        0.0025538130
      228.0000000000        0.0025445308
      229.0000000000        0.0025836443
      230.0000000000        0.0026080535
      231.0000000000        0.0025615368
      232.0000000000        0.0025674823
      233.0000000000        0.0025520636
      234.0000000000        0.0025149081
      235.0000000000        0.0025090579
      236.0000000000        0.0024995971
      237.0000000000        0.0024570072
      238.0000000000        0.0024529101
      239.0000000000        0.0024424681
      240.0000000000        0.0024315281
      241.0000000000        0.0024227796
      242.0000000000        0.0024058068
      243.0000000000        0.0024015631
      244.0000000000        0.0023545127
      245.0000000000        0.0023414422
      246.0000000000        0.0023669138
      247.0000000000        0.0023285932
      248.0000000000        0.0023649371
      249.0000000000        0.0023576610
      250.0000000000        0.0023094257
      251.0000000000        0.0023046389
      252.0000000000        0.0023241462
      253.0000000000        0.0023055120
      254.0000000000        0.0023194168
      255.0000000000        0.0022910694
      256.0000000000        0.0022956746
      257.0000000000        0.0022586399
      258.0000000000        0.0022372757
      259.0000000000        0.0022199655
      260.0000000000        0.0022180643
      261.0000000000        0.0022036322
      262.0000000000        0.0021835072
      263.0000000000        0.0021910329
      264.0000000000        0.0021508713
      265.0000000000        0.0021584127
      266.0000000000        0.0021746590
      267.0000000000        0.0021798142
      268.0000000000        0.0021296594
      269.0000000000        0.0021382988
      270.0000000000        0.0021509703
      271.0000000000        0.0021219659
      272.0000000000        0.0021403944
      273.0000000000        0.0021362849
      274.0000000000        0.0021215595
      275.0000000000        0.0021723241
      276.0000000000        0.0021439889
      277.0000000000        0.0021462082
      278.0000000000        0.0021106450
      279.0000000000        0.0020912606
      280.0000000000        0.0020884977
      281.0000000000        0.0020388455
      282.0000000000        0.0020407493
      283.0000000000        0.0020492455
      284.0000000000        0.0020358213
      285.0000000000        0.0019683590
      286.0000000000        0.0019510051
      287.0000000000        0.0019406425
      288.0000000000        0.0020070936
      289.0000000000        0.0020345182
      290.0000000000        0.0019801956
      291.0000000000        0.0019570595
      292.0000000000        0.0019646993
      293.0000000000        0.0019268872
      294.0000000000        0.0019255200
      295.0000000000        0.0018956939
      296.0000000000        0.0019022867
      297.0000000000        0.0018980993
      298.0000000000        0.0018531381
      299.0000000000        0.0018806996
      300.0000000000        0.0018432865
      301.0000000000        0.0018164521
      302.0000000000        0.0018261886
      303.0000000000        0.0018458583
      304.0000000000        0.0018419495
      305.0000000000        0.0018460168
      306.0000000000        0.0018887383
      307.0000000000        0.0018933428
      308.0000000000        0.0018543356
      309.0000000000        0.0018681909
      310.0000000000        0.0018300873
      311.0000000000        0.0017981230
      312.0000000000        0.0017805383
      313.0000000000        0.0017773712
      314.0000000000        0.0017463429
      315.0000000000        0.0017343875
      316.0000000000        0.0017321029
      317.0000000000        0.0017478319
      318.0000000000        0.0017645828
      319.0000000000        0.0017798490
      320.0000000000        0.0017783490
      321.0000000000        0.0017677050
      322.0000000000        0.0017721701
      323.0000000000        0.0017093112
      324.0000000000        0.0017233199
      325.0000000000        0.0017378101
      326.0000000000        0.0017379141
      327.0000000000        0.0017257866
      328.0000000000        0.0017240019
      329.0000000000        0.0017326894
      330.0000000000        0.0017124294
      331.0000000000        0.0017229317
      332.0000000000        0.0017380880
      333.0000000000        0.0017265562
      334.0000000000        0.0017297268
      335.0000000000        0.0016956880
      336.0000000000        0.0016826048
      337.0000000000        0.0016614332
      338.0000000000        0.0016662673
      339.0000000000        0.0016523915
      340.0000000000        0.0016352217
      341.0000000000        0.0015928502
      342.0000000000        0.0016074664
      343.0000000000        0.0016392875
      344.0000000000        0.0016764341
      345.0000000000        0.0016442380
      346.0000000000        0.0016339564
      347.0000000000        0.0015918349
      348.0000000000        0.0015833726
      349.0000000000        0.0015747713
      350.0000000000        0.0015803967
      351.0000000000        0.0015627983
      352.0000000000        0.0015625482
      353.0000000000        0.0015407054
      354.0000000000        0.0015217245
      355.0000000000        0.0015397617
      356.0000000000        0.0015638788
      357.0000000000        0.0015703803
      358.0000000000        0.0015519137
      359.0000000000        0.0015548876
      360.0000000000        0.0015259298
      361.0000000000        0.0015122522
      362.0000000000        0.0015197588
      363.0000000000        0.0015503454
      364.0000000000        0.0015229984
      365.0000000000        0.0015276600
      366.0000000000        0.0015153977
      367.0000000000        0.0014944440
      368.0000000000        0.0014778812
      369.0000000000        0.0014991285
      370.0000000000        0.0014888270
      371.0000000000        0.0014917854
      372.0000000000        0.0014983681
      373.0000000000        0.0014940654
      374.0000000000        0.0015078028
      375.0000000000        0.0014758919
      376.0000000000        0.0014418953
      377.0000000000        0.0014391936
      378.0000000000        0.0014286116
      379.0000000000        0.0014223238
      380.0000000000        0.0013801049
      381.0000000000        0.0013828612
      382.0000000000        0.0013950934
      383.0000000000        0.0013915062
      384.0000000000        0.0014120711
      385.0000000000        0.0013843141
      386.0000000000        0.0013817195
      387.0000000000        0.0013812466
      388.0000000000        0.0013620433
      389.0000000000        0.0013895636
      390.0000000000        0.0013417760
      391.0000000000        0.0013166729
      392.0000000000        0.0013554012
      393.0000000000        0.0013380707
      394.0000000000        0.0013562174
      395.0000000000        0.0013422601
      396.0000000000        0.0013418296
      397.0000000000        0.0013262309
      398.0000000000        0.0013001815
      399.0000000000        0.0012729300
      400.0000000000        0.0013043999
      401.0000000000        0.0013053950
      402.0000000000        0.0012893678
      403.0000000000        0.0012790091
      404.0000000000        0.0012795252
      405.0000000000        0.0012550890
      406.0000000000        0.0012465220
      407.0000000000        0.0012711568
      408.0000000000        0.0012609820
      409.0000000000        0.0013093119
      410.0000000000        0.0012842254
      411.0000000000        0.0012585222
      412.0000000000        0.0012925855
      413.0000000000        0.0013160408
      414.0000000000        0.0012700510
      415.0000000000        0.0012460385
      416.0000000000        0.0012357299
      417.0000000000        0.0011944203
      418.0000000000        0.0011365471
      419.0000000000        0.0011364439
      420.0000000000        0.0011433517
      421.0000000000        0.0011495942
      422.0000000000        0.0011666919
      423.0000000000        0.0011763670
      424.0000000000        0.0011976435
      425.0000000000        0.0011905006
      426.0000000000        0.0012118806
      427.0000000000        0.0012212844
      428.0000000000        0.0012617951
      429.0000000000        0.0012687200
      430.0000000000        0.0012993648
      431.0000000000        0.0013149492
      432.0000000000        0.0012603942
      433.0000000000        0.0012434922
      434.0000000000        0.0011813640
      435.0000000000        0.0011550589
      436.0000000000        0.0011434502
      437.0000000000        0.0011313477
      438.0000000000        0.0011525090
      439.0000000000        0.0011785447
      440.0000000000        0.0011406024
      441.0000000000        0.0011588795
      442.0000000000        0.0011604921
      443.0000000000        0.0011374338
      444.0000000000        0.0011642472
      445.0000000000        0.0011436576
      446.0000000000        0.0011210416
      447.0000000000        0.0011311150
      448.0000000000        0.0011147966
      449.0000000000        0.0010952468
      450.0000000000        0.0011021485
      451.0000000000        0.0010999761
      452.0000000000        0.0010521481
      453.0000000000        0.0010705450
      454.0000000000        0.0010980195
      455.0000000000        0.0010438692
      456.0000000000        0.0010095150
      457.0000000000        0.0010037438
      458.0000000000        0.0009992887
      459.0000000000        0.0009850049
      460.0000000000        0.0009783751
      461.0000000000        0.0009762232
      462.0000000000        0.0009817598
      463.0000000000        0.0010168673
      464.0000000000        0.0010335156
      465.0000000000        0.0010117807
      466.0000000000        0.0010265753
      467.0000000000        0.0010337669
      468.0000000000        0.0010432549
      469.0000000000        0.0010306388
      470.0000000000        0.0010315886
      471.0000000000        0.0010369441
      472.0000000000        0.0010407244
      473.0000000000        0.0010512534
      474.0000000000        0.0010352787
      475.0000000000        0.0010097848
      476.0000000000        0.0010159439
      477.0000000000        0.0009905835
      478.0000000000        0.0010041739
      479.0000000000        0.0010311735
      480.0000000000        0.0010785589
      481.0000000000        0.0011151483
      482.0000000000        0.0010957288
      483.0000000000        0.0010826714
      484.0000000000        0.0010830686
      485.0000000000        0.0010965274
      486.0000000000        0.0010903137
      487.0000000000        0.0011071388
      488.0000000000        0.0010952875
      489.0000000000        0.0010994830
      490.0000000000        0.0010730839
      491.0000000000        0.0010460713
      492.0000000000        0.0010018894
      493.0000000000        0.0009990386
      494.0000000000        0.0009891461
      495.0000000000        0.0009379001
      496.0000000000        0.0009607371
      497.0000000000        0.0009923546
      498.0000000000        0.0009930062
      499.0000000000        0.0009856261
      500.0000000000        0.0010146675
      501.0000000000        0.0010302127
      502.0000000000        0.0010319044
      503.0000000000        0.0010378377
      504.0000000000        0.0010620564
      505.0000000000        0.0010477884
      506.0000000000        0.0010518305
      507.0000000000        0.0010278802
      508.0000000000        0.0010351597
      509.0000000000        0.0010220002
      510.0000000000        0.0010456755
      511.0000000000        0.0010696364
      512.0000000000        0.0010677103
      513.0000000000        0.0011046313
      514.0000000000        0.0011452507
      515.0000000000        0.0011078488
      516.0000000000        0.0011084080
      517.0000000000        0.0011063658
      518.0000000000        0.0010792960
      519.0000000000        0.0010639141
      520.0000000000        0.0010894666
      521.0000000000        0.0010763016
      522.0000000000        0.0010414586
      523.0000000000        0.0010264261
      524.0000000000        0.0010192059
      525.0000000000        0.0009973982
      526.0000000000        0.0009725441
      527.0000000000        0.0009103862
      528.0000000000        0.0008914169
      529.0000000000        0.0008590731
      530.0000000000        0.0008718396
      531.0000000000        0.0008673854
      532.0000000000        0.0008752147
      533.0000000000        0.0008709221
      534.0000000000        0.0008742235
      535.0000000000        0.0009232503
      536.0000000000        0.0009321722
      537.0000000000        0.0009422210
      538.0000000000        0.0009372226
      539.0000000000        0.0009236803
      540.0000000000        0.0009268801
      541.0000000000        0.0009171076
      542.0000000000        0.0009285687
      543.0000000000        0.0009060317
      544.0000000000        0.0008926220
      545.0000000000        0.0009267523
      546.0000000000        0.0009351562
      547.0000000000        0.0009307479
      548.0000000000        0.0008791313
      549.0000000000        0.0008786461
      550.0000000000        0.0008726027
      551.0000000000        0.0008123347
      552.0000000000        0.0007998699
      553.0000000000        0.0008106424
      554.0000000000        0.0008307991
      555.0000000000        0.0008406598
      556.0000000000        0.0008203835
      557.0000000000        0.0008388747
      558.0000000000        0.0008068020
      559.0000000000        0.0008032902
      560.0000000000        0.0008067049
      561.0000000000        0.0008165188
      562.0000000000        0.0008158086
      563.0000000000        0.0007917560
      564.0000000000        0.0007805871
      565.0000000000        0.0007832667
      566.0000000000        0.0007554751
      567.0000000000        0.0007510257
      568.0000000000        0.0007651574
      569.0000000000        0.0007689497
      570.0000000000        0.0007745860
      571.0000000000        0.0008102429
      572.0000000000        0.0008268453
      573.0000000000        0.0008574020
      574.0000000000        0.0008848411
      575.0000000000        0.0009116736
      576.0000000000        0.0009307245
      577.0000000000        0.0009004306
      578.0000000000        0.0009034578
      579.0000000000        0.0008597947
      580.0000000000        0.0007946794
      581.0000000000        0.0007956140
      582.0000000000        0.0007909068
      583.0000000000        0.0007868831
      584.0000000000        0.0007973414
      585.0000000000        0.0008155687
      586.0000000000        0.0008018485
      587.0000000000        0.0008240378
      588.0000000000        0.0008107620
      589.0000000000        0.0008196832
      590.0000000000        0.0008449195
      591.0000000000        0.0008336161
      592.0000000000        0.0008368381
      593.0000000000        0.0008698627
      594.0000000000        0.0007997620
      595.0000000000        0.0007832242
      596.0000000000        0.0007970918
      597.0000000000        0.0008285101
      598.0000000000        0.0008149335
      599.0000000000        0.0007812334
      600.0000000000        0.0007829882
      601.0000000000        0.0008439516
      602.0000000000        0.0008372451
      603.0000000000        0.0008096484
      604.0000000000        0.0008024960
      605.0000000000        0.0007827967
      606.0000000000        0.0007879373
      607.0000000000        0.0007842461
      608.0000000000        0.0007866183
      609.0000000000        0.0007991697
      610.0000000000        0.0007701927
      611.0000000000        0.0007017250
      612.0000000000        0.0006757186
      613.0000000000        0.0006669395
      614.0000000000        0.0006645578
      615.0000000000        0.0006893475
      616.0000000000        0.0006933112
      617.0000000000        0.0007326691
      618.0000000000        0.0007407787
      619.0000000000        0.0007307687
      620.0000000000        0.0007499352
      621.0000000000        0.0007521106
      622.0000000000        0.0007088140
      623.0000000000        0.0006984399
      624.0000000000        0.0007070955
      625.0000000000        0.0006972196
      626.0000000000        0.0006847489
      627.0000000000        0.0006759024
      628.0000000000        0.0006679343
      629.0000000000        0.0006053879
      630.0000000000        0.0006282973
      631.0000000000        0.0006356438
      632.0000000000        0.0006639144
      633.0000000000        0.0006776056
      634.0000000000        0.0006895191
      635.0000000000        0.0006968863
      636.0000000000        0.0007137827
      637.0000000000        0.0006895099
      638.0000000000        0.0006412656
      639.0000000000        0.0006295051
      640.0000000000        0.0006188738
      641.0000000000        0.0006252129
      642.0000000000        0.0006174354
      643.0000000000        0.0006101161
      644.0000000000        0.0006076806
      645.0000000000        0.0005452238
      646.0000000000        0.0005600182
      647.0000000000        0.0005591358
      648.0000000000        0.0005906337
      649.0000000000        0.0006222792
      650.0000000000        0.0006156855
      651.0000000000        0.0005797795
      652.0000000000        0.0005755869
      653.0000000000        0.0005697246
      654.0000000000        0.0005654122
      655.0000000000        0.0005499915
      656.0000000000        0.0005785477
      657.0000000000        0.0005555524
      658.0000000000        0.0005914407
      659.0000000000        0.0006091754
      660.0000000000        0.0006151235
      661.0000000000        0.0006015660
      662.0000000000        0.0006150599
      663.0000000000        0.0006127563
      664.0000000000        0.0006343739
      665.0000000000        0.0006159897
      666.0000000000        0.0006315719
      667.0000000000        0.0006628071
      668.0000000000        0.0006483989
      669.0000000000        0.0006532242
      670.0000000000        0.0006421683
      671.0000000000        0.0006792583
      672.0000000000        0.0006905063
      673.0000000000        0.0007188197
      674.0000000000        0.0006883066
      675.0000000000        0.0006994558
      676.0000000000        0.0007017797
      677.0000000000        0.0006893662
      678.0000000000        0.0006929649
      679.0000000000        0.0006914975
      680.0000000000        0.0007302737
      681.0000000000        0.0007357952
      682.0000000000        0.0007093212
      683.0000000000        0.0006819106
      684.0000000000        0.0006430546
      685.0000000000        0.0006507477
      686.0000000000        0.0006783800
      687.0000000000        0.0006717601
      688.0000000000        0.0007252822
      689.0000000000        0.0007558483
      690.0000000000        0.0007250734
      691.0000000000        0.0007390003
      692.0000000000        0.0006861467
      693.0000000000        0.0007269914
      694.0000000000        0.0007511309
      695.0000000000        0.0007554599
      696.0000000000        0.0007533515
      697.0000000000        0.0007108284
      698.0000000000        0.0007263289
      699.0000000000        0.0007397991
      700.0000000000        0.0007477588
      701.0000000000        0.0007504137
      702.0000000000        0.0007016264
      703.0000000000        0.0006763881
      704.0000000000        0.0006550459
      705.0000000000        0.0006646072
      706.0000000000        0.0006505012
      707.0000000000        0.0006338905
      708.0000000000        0.0006644866
      709.0000000000        0.0006545948
      710.0000000000        0.0006281484
      711.0000000000        0.0006550146
      712.0000000000        0.0006221864
      713.0000000000        0.0005954225
      714.0000000000        0.0005657586
      715.0000000000        0.0005752919
      716.0000000000        0.0005415522
      717.0000000000        0.0005379319
      718.0000000000        0.0005742925
      719.0000000000        0.0006085854
      720.0000000000        0.0006106699
      721.0000000000        0.0005968672
      722.0000000000        0.0005997495
      723.0000000000        0.0006264296
      724.0000000000        0.0005995328
      725.0000000000        0.0005922922
      726.0000000000        0.0006153724
      727.0000000000        0.0006227058
      728.0000000000        0.0005939455
      729.0000000000        0.0005966886
      730.0000000000        0.0006393312
      731.0000000000        0.0005874442
      732.0000000000        0.0005670460
      733.0000000000        0.0005782368
      734.0000000000        0.0005743728
      735.0000000000        0.0005841316
      736.0000000000        0.0005944520
      737.0000000000        0.0005581651
      738.0000000000        0.0005479540
      739.0000000000        0.0005460758
      740.0000000000        0.0005335613
      741.0000000000        0.0005536203
      742.0000000000        0.0005608610
      743.0000000000        0.0005821246
      744.0000000000        0.0006263379
      745.0000000000        0.0006514349
      746.0000000000        0.0006709629
      747.0000000000        0.0006046770
      748.0000000000        0.0006198485
      749.0000000000        0.0006098845
      750.0000000000        0.0005927337
      751.0000000000        0.0005631529
      752.0000000000        0.0005494346
      753.0000000000        0.0005626689
      754.0000000000        0.0005811479
      755.0000000000        0.0005965926
      756.0000000000        0.0006354881
      757.0000000000        0.0006537753
      758.0000000000        0.0006318954
      759.0000000000        0.0005778705
      760.0000000000        0.0005820405
      761.0000000000        0.0005905536
      762.0000000000        0.0005567308
      763.0000000000        0.0005626465
      764.0000000000        0.0005818012
      765.0000000000        0.0005875662
      766.0000000000        0.0005838482
      767.0000000000        0.0005815734
      768.0000000000        0.0005863403
      769.0000000000        0.0005504238
      770.0000000000        0.0005183302
      771.0000000000        0.0005532683
      772.0000000000        0.0005854666
      773.0000000000        0.0005862117
      774.0000000000        0.0005619573
      775.0000000000        0.0005540021
      776.0000000000        0.0005402879
      777.0000000000        0.0005069567
      778.0000000000        0.0005387654
      779.0000000000        0.0005457405
      780.0000000000        0.0005512455
      781.0000000000        0.0005889244
      782.0000000000        0.0005846061
      783.0000000000        0.0005771549
      784.0000000000        0.0005695038
      785.0000000000        0.0005819822
      786.0000000000        0.0005338442
      787.0000000000        0.0005499717
      788.0000000000        0.0004940197
      789.0000000000        0.0005406465
      790.0000000000        0.0005055479
      791.0000000000        0.0005174501
      792.0000000000        0.0004997434
      793.0000000000        0.0004923222
      794.0000000000        0.0004858407
      795.0000000000        0.0004641664
      796.0000000000        0.0004682142
      797.0000000000        0.0004502806
      798.0000000000        0.0004811605
      799.0000000000        0.0004875952
      800.0000000000        0.0005141519
      801.0000000000        0.0005068921
      802.0000000000        0.0004962889
      803.0000000000        0.0004772558
      804.0000000000        0.0005130061
      805.0000000000        0.0004981162
      806.0000000000        0.0004782932
      807.0000000000        0.0004435377
      808.0000000000        0.0004289603
      809.0000000000        0.0003980089
      810.0000000000        0.0003168307
      811.0000000000        0.0003259477
      812.0000000000        0.0003479430
      813.0000000000        0.0003056196
      814.0000000000        0.0002612285
      815.0000000000        0.0002859752
      816.0000000000        0.0003256432
      817.0000000000        0.0003304183
      818.0000000000        0.0003123989
      819.0000000000        0.0002956566
      820.0000000000        0.0002858807
      821.0000000000        0.0002903448
      822.0000000000        0.0003066805
      823.0000000000        0.0002766136
      824.0000000000        0.0003118982
      825.0000000000        0.0003357818
      826.0000000000        0.0003623387
      827.0000000000        0.0004081924
      828.0000000000        0.0004343748
      829.0000000000        0.0004149078
      830.0000000000        0.0004141328
      831.0000000000        0.0003868976
      832.0000000000        0.0003516287
      833.0000000000        0.0003464525
      834.0000000000        0.0003567029
      835.0000000000        0.0003460302
      836.0000000000        0.0003397176
      837.0000000000        0.0003072993
      838.0000000000        0.0002859202
      839.0000000000        0.0003175761
      840.0000000000        0.0003289474
      841.0000000000        0.0003513950
      842.0000000000        0.0003391108
      843.0000000000        0.0003391422
      844.0000000000        0.0003412976
      845.0000000000        0.0003449006
      846.0000000000        0.0003056729
      847.0000000000        0.0003169680
      848.0000000000        0.0003179039
      849.0000000000        0.0003526221
      850.0000000000        0.0003301922
      851.0000000000        0.0003231011
      852.0000000000        0.0003207478
      853.0000000000        0.0003357138
      854.0000000000        0.0003367260
      855.0000000000        0.0003284538
      856.0000000000        0.0003567666
      857.0000000000        0.0003516317
      858.0000000000        0.0004050697
      859.0000000000        0.0003839852
      860.0000000000        0.0003640492
      861.0000000000        0.0003143889
      862.0000000000        0.0003253926
      863.0000000000        0.0003254235
      864.0000000000        0.0003148097
      865.0000000000        0.0002706018
      866.0000000000        0.0002634835
      867.0000000000        0.0002926674
      868.0000000000        0.0003344425
      869.0000000000        0.0003449147
      870.0000000000        0.0003412842
      871.0000000000        0.0003760262
      872.0000000000        0.0003599899
      873.0000000000        0.0003700252
      874.0000000000        0.0004052734
      875.0000000000        0.0003731048
      876.0000000000        0.0003801183
      877.0000000000        0.0003927086
      878.0000000000        0.0003909552
      879.0000000000        0.0003873835
      880.0000000000        0.0003782337
      881.0000000000        0.0003822876
      882.0000000000        0.0003475437
      883.0000000000        0.0003186915
      884.0000000000        0.0003002699
      885.0000000000        0.0002648499
      886.0000000000        0.0002748592
      887.0000000000        0.0002757224
      888.0000000000        0.0002879302
      889.0000000000        0.0003072981
      890.0000000000        0.0002990628
      891.0000000000        0.0003046460
      892.0000000000        0.0003359650
      893.0000000000        0.0003355792
      894.0000000000        0.0003834724
      895.0000000000        0.0003686836
      896.0000000000        0.0003479367
      897.0000000000        0.0003061430
      898.0000000000        0.0003105350
      899.0000000000        0.0003200315
      900.0000000000        0.0002837292
      901.0000000000        0.0002680370
      902.0000000000        0.0002946309
      903.0000000000        0.0002906753
      904.0000000000        0.0003107769
      905.0000000000        0.0003352107
      906.0000000000        0.0003297977
      907.0000000000        0.0002988895
      908.0000000000        0.0002734254
      909.0000000000        0.0002251852
      910.0000000000        0.0002253506
      911.0000000000        0.0002690656
      912.0000000000        0.0002486516
      913.0000000000        0.0002640614
      914.0000000000        0.0002981958
      915.0000000000        0.0002795974
      916.0000000000        0.0002992342
      917.0000000000        0.0003078619
      918.0000000000        0.0002766718
      919.0000000000        0.0002688526
      920.0000000000        0.0002791724
      921.0000000000        0.0002818757
      922.0000000000        0.0002966666
      923.0000000000        0.0003202781
      924.0000000000        0.0003354506
      925.0000000000        0.0003593535
      926.0000000000        0.0003963014
      927.0000000000        0.0003739494
      928.0000000000        0.0004054518
      929.0000000000        0.0003423459
      930.0000000000        0.0003454604
      931.0000000000        0.0003452030
      932.0000000000        0.0003553991
      933.0000000000        0.0003400656
      934.0000000000        0.0003115419
      935.0000000000        0.0003351323
      936.0000000000        0.0003741369
      937.0000000000        0.0003413930
      938.0000000000        0.0003565196
      939.0000000000        0.0003653438
      940.0000000000        0.0003514403
      941.0000000000        0.0003333941
      942.0000000000        0.0003127503
      943.0000000000        0.0003176205
      944.0000000000        0.0002871560
      945.0000000000        0.0003218722
      946.0000000000        0.0003286575
      947.0000000000        0.0003258684
      948.0000000000        0.0003365909
      949.0000000000        0.0003327514
      950.0000000000        0.0003106892
      951.0000000000        0.0002853022
      952.0000000000        0.0002550769
      953.0000000000        0.0002513952
      954.0000000000        0.0002511697
      955.0000000000        0.0002583218
      956.0000000000        0.0002835752
      957.0000000000        0.0003254393
      958.0000000000        0.0003193254
      959.0000000000        0.0003016905
      960.0000000000        0.0002948098
      961.0000000000        0.0002650471
      962.0000000000        0.0002751709
      963.0000000000        0.0002787294
      964.0000000000        0.0002488545
      965.0000000000        0.0002647979
      966.0000000000        0.0002219385
      967.0000000000        0.0002227930
      968.0000000000        0.0002188140
      969.0000000000        0.0002206000
      970.0000000000        0.0002637828
      971.0000000000        0.0002527479
      972.0000000000        0.0002692235
      973.0000000000        0.0002415253
      974.0000000000        0.0002351282
      975.0000000000        0.0002484669
      976.0000000000        0.0002404894
      977.0000000000        0.0002654667
      978.0000000000        0.0002499134
      979.0000000000        0.0002523705
      980.0000000000        0.0002701088
      981.0000000000        0.0002716039
      982.0000000000        0.0002737158
      983.0000000000        0.0002791273
      984.0000000000        0.0002727165
      985.0000000000        0.0002984490
      986.0000000000        0.0003301312
      987.0000000000        0.0004220422
      988.0000000000        0.0004216049
      989.0000000000        0.0004333359
      990.0000000000        0.0004293757
      991.0000000000        0.0003693567
      992.0000000000        0.0003880987
      993.0000000000        0.0003753160
      994.0000000000        0.0003622656
      995.0000000000        0.0003304065
      996.0000000000        0.0003374973
      997.0000000000        0.0003605389
      998.0000000000        0.0003806003
      999.0000000000        0.0004128172
     1000.0000000000        0.0004570938
     1001.0000000000        0.0004573412
     1002.0000000000        0.0004248013
     1003.0000000000        0.0003664552
     1004.0000000000        0.0003767176
     1005.0000000000        0.0003720756
     1006.0000000000        0.0003810721
     1007.0000000000        0.0003967142
     1008.0000000000        0.0003628414
     1009.0000000000        0.0003191427
     1010.0000000000        0.0003063343
     1011.0000000000        0.0002983772
     1012.0000000000        0.0003138821
     1013.0000000000        0.0002856838
     1014.0000000000        0.0003100289
     1015.0000000000        0.0003257562
     1016.0000000000        0.0003044035
     1017.0000000000        0.0003115693
     1018.0000000000        0.0003099794
     1019.0000000000        0.0002751373
     1020.0000000000        0.0002953460
     1021.0000000000        0.0003099516
     1022.0000000000        0.0003541718
     1023.0000000000        0.0003365272
     1024.0000000000        0.0003325091
     1025.0000000000        0.0003211993
     1026.0000000000        0.0002933952
     1027.0000000000        0.0002824304
     1028.0000000000        0.0002456780
     1029.0000000000        0.0002267012
     1030.0000000000        0.0002334369
     1031.0000000000        0.0002580951
     1032.0000000000        0.0002365512
     1033.0000000000        0.0002478153
     1034.0000000000        0.0002342308
     1035.0000000000        0.0002708951
     1036.0000000000        0.0002661185
     1037.0000000000        0.0002537865
     1038.0000000000        0.0002334560
     1039.0000000000        0.0002325350
     1040.0000000000        0.0002443947
     1041.0000000000        0.0003050461
     1042.0000000000        0.0003067283
     1043.0000000000        0.0002719648
     1044.0000000000        0.0002704151
     1045.0000000000        0.0002870304
     1046.0000000000        0.0002836859
     1047.0000000000        0.0003221660
     1048.0000000000        0.0002978120
     1049.0000000000        0.0003150710
     1050.0000000000        0.0003009440
     1051.0000000000        0.0003092828
     1052.0000000000        0.0002654112
     1053.0000000000        0.0002934148
     1054.0000000000        0.0002966068
     1055.0000000000        0.0002937231
     1056.0000000000        0.0002980213
     1057.0000000000        0.0003188163
     1058.0000000000        0.0002856594
     1059.0000000000        0.0002753832
     1060.0000000000        0.0002734599
     1061.0000000000        0.0002740405
     1062.0000000000        0.0003000427
     1063.0000000000        0.0002865040
     1064.0000000000        0.0002743083
     1065.0000000000        0.0002772505
     1066.0000000000        0.0002996505
     1067.0000000000        0.0003108172
     1068.0000000000        0.0003363395
     1069.0000000000        0.0003232732
     1070.0000000000        0.0003318292
     1071.0000000000        0.0003050053
     1072.0000000000        0.0003173188
     1073.0000000000        0.0003176191
     1074.0000000000        0.0002895997
     1075.0000000000        0.0002977138
     1076.0000000000        0.0003064749
     1077.0000000000        0.0003013627
     1078.0000000000        0.0002776683
     1079.0000000000        0.0002789728
     1080.0000000000        0.0002794942
     1081.0000000000        0.0002685751
     1082.0000000000        0.0002273085
     1083.0000000000        0.0002066703
     1084.0000000000        0.0002497783
     1085.0000000000        0.0002394456
     1086.0000000000        0.0001915208
     1087.0000000000        0.0001940867
     1088.0000000000        0.0001821232
     1089.0000000000        0.0001809263
     1090.0000000000        0.0001326582
     1091.0000000000        0.0001506948
     1092.0000000000        0.0001316147
     1093.0000000000        0.0001294749
     1094.0000000000        0.0001356151
     1095.0000000000        0.0001416253
     1096.0000000000        0.0001820829
     1097.0000000000        0.0001899269
     1098.0000000000        0.0001952041
     1099.0000000000        0.0002116096
     1100.0000000000        0.0001930290
     1101.0000000000        0.0001895489
     1102.0000000000        0.0002017581
     1103.0000000000        0.0001874641
     1104.0000000000        0.0002123236
     1105.0000000000        0.0002411030
     1106.0000000000        0.0002664954
     1107.0000000000        0.0002695915
     1108.0000000000        0.0002376054
     1109.0000000000        0.0002205020
     1110.0000000000        0.0001840672
     1111.0000000000        0.0001947662
     1112.0000000000        0.0001932668
     1113.0000000000        0.0001779610
     1114.0000000000        0.0001700245
     1115.0000000000        0.0001669957
     1116.0000000000        0.0001696085
     1117.0000000000        0.0001116075
     1118.0000000000        0.0001216918
     1119.0000000000        0.0001410785
     1120.0000000000        0.0001287193
     1121.0000000000        0.0001366308
     1122.0000000000        0.0001321440
     1123.0000000000        0.0000949187
     1124.0000000000        0.0000438438
     1125.0000000000        0.0000581083
     1126.0000000000        0.0000582447
     1127.0000000000        0.0000352545
     1128.0000000000        0.0000587703
     1129.0000000000        0.0000587490
     1130.0000000000        0.0000561180
     1131.0000000000        0.0000474331
     1132.0000000000        0.0000586434
     1133.0000000000        0.0000554524
     1134.0000000000        0.0000746949
     1135.0000000000        0.0001102940
     1136.0000000000        0.0000738829
     1137.0000000000        0.0000831677
     1138.0000000000        0.0001111429
     1139.0000000000        0.0001229001
     1140.0000000000        0.0000922465
     1141.0000000000        0.0000763433
     1142.0000000000        0.0000827599
     1143.0000000000        0.0001036416
     1144.0000000000        0.0001250347
     1145.0000000000        0.0000838497
     1146.0000000000        0.0001068943
     1147.0000000000        0.0001244669
     1148.0000000000        0.0001543988
     1149.0000000000        0.0001281523
     1150.0000000000        0.0001206494
     1151.0000000000        0.0001601887
     1152.0000000000        0.0001630491
     1153.0000000000        0.0001859341
     1154.0000000000        0.0001804933
     1155.0000000000        0.0001472512
     1156.0000000000        0.0001704400
     1157.0000000000        0.0001084851
     1158.0000000000        0.0000974129
     1159.0000000000        0.0000783092
     1160.0000000000        0.0000966413
     1161.0000000000        0.0000766512
     1162.0000000000        0.0000814824
     1163.0000000000        0.0000985121
     1164.0000000000        0.0000794829
     1165.0000000000        0.0001146990
     1166.0000000000        0.0000882156
     1167.0000000000        0.0000549141
     1168.0000000000        0.0000886429
     1169.0000000000        0.0001009455
     1170.0000000000        0.0001346852
     1171.0000000000        0.0001616076
     1172.0000000000        0.0001909681
     1173.0000000000        0.0001762105
     1174.0000000000        0.0001539060
     1175.0000000000        0.0001652479
     1176.0000000000        0.0001474964
     1177.0000000000        0.0001676934
     1178.0000000000        0.0001667194
     1179.0000000000        0.0001565826
     1180.0000000000        0.0001842330
     1181.0000000000        0.0001509230
     1182.0000000000        0.0001440357
     1183.0000000000        0.0001630932
     1184.0000000000        0.0001338858
     1185.0000000000        0.0000975276
     1186.0000000000        0.0000821630
     1187.0000000000        0.0001076718
     1188.0000000000        0.0001122396
     1189.0000000000        0.0000970763
     1190.0000000000        0.0000625442
     1191.0000000000        0.0000544052
     1192.0000000000        0.0000355725
     1193.0000000000        0.0000562794
     1194.0000000000        0.0000593808
     1195.0000000000        0.0000904275
     1196.0000000000        0.0001204371
     1197.0000000000        0.0001678596
     1198.0000000000        0.0001750450
     1199.0000000000        0.0001572956
     1200.0000000000        0.0001235945
     1201.0000000000        0.0001472014
     1202.0000000000        0.0001499528
     1203.0000000000        0.0001498418
     1204.0000000000        0.0001868389
     1205.0000000000        0.0001492219
     1206.0000000000        0.0001465313
     1207.0000000000        0.0001090396
     1208.0000000000        0.0001184402
     1209.0000000000        0.0001136548
     1210.0000000000        0.0000989177
     1211.0000000000        0.0001004261
     1212.0000000000        0.0001400062
     1213.0000000000        0.0001412345
     1214.0000000000        0.0001283368
     1215.0000000000        0.0001295710
     1216.0000000000        0.0001419303
     1217.0000000000        0.0001772259
     1218.0000000000        0.0001681422
     1219.0000000000        0.0001651442
     1220.0000000000        0.0001500523
     1221.0000000000        0.0001363842
     1222.0000000000        0.0001379255
     1223.0000000000        0.0001777197
     1224.0000000000        0.0001256622
     1225.0000000000        0.0001005259
     1226.0000000000        0.0000833159
     1227.0000000000        0.0000869110
     1228.0000000000        0.0000654846
     1229.0000000000        0.0000740432
     1230.0000000000        0.0000821036
     1231.0000000000        0.0000601667
     1232.0000000000        0.0000733725
     1233.0000000000        0.0000930175
     1234.0000000000        0.0001080472
     1235.0000000000        0.0001045216
     1236.0000000000        0.0000755400
     1237.0000000000        0.0000540556
     1238.0000000000        0.0000804282
     1239.0000000000        0.0000921600
     1240.0000000000        0.0000594287
     1241.0000000000        0.0000639054
     1242.0000000000        0.0000672957
     1243.0000000000        0.0000747082
     1244.0000000000        0.0000767166
     1245.0000000000        0.0000701662
     1246.0000000000        0.0000658821
     1247.0000000000        0.0000947315
     1248.0000000000        0.0000650510
     1249.0000000000        0.0000615797
     1250.0000000000        0.0000579449
     1251.0000000000        0.0000934217
     1252.0000000000        0.0001313525
     1253.0000000000        0.0001165321
     1254.0000000000        0.0001451426
     1255.0000000000        0.0001377261
     1256.0000000000        0.0001326800
     1257.0000000000        0.0001447656
     1258.0000000000        0.0001034815
     1259.0000000000        0.0001282155
     1260.0000000000        0.0001432001
     1261.0000000000        0.0001112350
     1262.0000000000        0.0001117824
     1263.0000000000        0.0001414757
     1264.0000000000        0.0001355822
     1265.0000000000        0.0001424616
     1266.0000000000        0.0001595036
     1267.0000000000        0.0001264906
     1268.0000000000        0.0000765536
     1269.0000000000        0.0000980074
     1270.0000000000        0.0000987363
     1271.0000000000        0.0001085923
     1272.0000000000        0.0000778974
     1273.0000000000        0.0000661205
     1274.0000000000        0.0000917102
     1275.0000000000        0.0000600150
     1276.0000000000        0.0000546896
     1277.0000000000        0.0000070982
     1278.0000000000       -0.0000334748
     1279.0000000000       -0.0000051102
     1280.0000000000       -0.0000264461
     1281.0000000000       -0.0000380045
     1282.0000000000        0.0000356937
     1283.0000000000        0.0000528087
     1284.0000000000        0.0000548969
     1285.0000000000        0.0000377708
     1286.0000000000        0.0000533829
     1287.0000000000        0.0000146705
     1288.0000000000        0.0000440223
     1289.0000000000        0.0000434226
     1290.0000000000        0.0000253638
     1291.0000000000        0.0000475602
     1292.0000000000        0.0000839094
     1293.0000000000        0.0001017455
     1294.0000000000        0.0000705356
     1295.0000000000        0.0000435495
     1296.0000000000        0.0000522684
     1297.0000000000        0.0000146561
     1298.0000000000        0.0000398564
     1299.0000000000        0.0000882405
     1300.0000000000        0.0000869569
     1301.0000000000        0.0000612506
     1302.0000000000        0.0000647123
     1303.0000000000        0.0000104995
     1304.0000000000        0.0000463122
     1305.0000000000        0.0000379567
     1306.0000000000        0.0000740599
     1307.0000000000        0.0000146027
     1308.0000000000        0.0000400869
     1309.0000000000        0.0000369830
     1310.0000000000        0.0000921025
     1311.0000000000        0.0001051827
     1312.0000000000        0.0001344329
     1313.0000000000        0.0001202095
     1314.0000000000        0.0000198573
     1315.0000000000       -0.0000091365
     1316.0000000000       -0.0000239474
     1317.0000000000        0.0000147861
     1318.0000000000        0.0000087207
     1319.0000000000       -0.0000330233
     1320.0000000000       -0.0000094481
     1321.0000000000       -0.0000414847
     1322.0000000000       -0.0000679823
     1323.0000000000       -0.0000528083
     1324.0000000000       -0.0000343164
     1325.0000000000       -0.0000584524
     1326.0000000000       -0.0000676027
     1327.0000000000       -0.0000530303
     1328.0000000000       -0.0000254288
     1329.0000000000       -0.0000288616
     1330.0000000000       -0.0000172377
     1331.0000000000       -0.0000380725
     1332.0000000000       -0.0000193873
     1333.0000000000       -0.0000184964
     1334.0000000000       -0.0000151491
     1335.0000000000       -0.0000340755
     1336.0000000000       -0.0000295647
     1337.0000000000       -0.0000044713
     1338.0000000000        0.0000263777
     1339.0000000000        0.0000030842
     1340.0000000000        0.0000275807
     1341.0000000000        0.0000102074
     1342.0000000000        0.0000268772
     1343.0000000000        0.0000283771
     1344.0000000000        0.0000511522
     1345.0000000000        0.0000606004
     1346.0000000000        0.0000757293
     1347.0000000000        0.0000840474
     1348.0000000000        0.0000811810
     1349.0000000000        0.0000318498
     1350.0000000000        0.0000587523
     1351.0000000000        0.0000476327
     1352.0000000000        0.0000638020
     1353.0000000000        0.0000779428
     1354.0000000000        0.0000748253
     1355.0000000000        0.0000663765
     1356.0000000000        0.0000557937
     1357.0000000000        0.0000384678
     1358.0000000000        0.0000009807
     1359.0000000000        0.0000076294
     1360.0000000000        0.0000417792
     1361.0000000000        0.0000482187
     1362.0000000000        0.0000813674
     1363.0000000000        0.0000747264
     1364.0000000000        0.0000849000
     1365.0000000000        0.0001255036
     1366.0000000000        0.0001287551
     1367.0000000000        0.0000867574
     1368.0000000000        0.0000948555
     1369.0000000000        0.0001116612
     1370.0000000000        0.0001043363
     1371.0000000000        0.0001288266
     1372.0000000000        0.0001602908
     1373.0000000000        0.0001654041
     1374.0000000000        0.0001622007
     1375.0000000000        0.0001293826
     1376.0000000000        0.0001332188
     1377.0000000000        0.0001344054
     1378.0000000000        0.0001526077
     1379.0000000000        0.0001488504
     1380.0000000000        0.0001548788
     1381.0000000000        0.0001592563
     1382.0000000000        0.0001633350
     1383.0000000000        0.0001555195
     1384.0000000000        0.0002075765
     1385.0000000000        0.0001780470
     1386.0000000000        0.0001511098
     1387.0000000000        0.0001307349
     1388.0000000000        0.0001031269
     1389.0000000000        0.0001309395
     1390.0000000000        0.0001000006
     1391.0000000000        0.0000929577
     1392.0000000000        0.0000876297
     1393.0000000000        0.0001045762
     1394.0000000000        0.0001486861
     1395.0000000000        0.0001560229
     1396.0000000000        0.0001606319
     1397.0000000000        0.0001603131
     1398.0000000000        0.0001847758
     1399.0000000000        0.0001826029
     1400.0000000000        0.0001741469
     1401.0000000000        0.0001815100
     1402.0000000000        0.0001834662
     1403.0000000000        0.0001525336
     1404.0000000000        0.0001478577
     1405.0000000000        0.0001666325
     1406.0000000000        0.0001556433
     1407.0000000000        0.0001695091
     1408.0000000000        0.0001358969
     1409.0000000000        0.0001097501
     1410.0000000000        0.0001299354
     1411.0000000000        0.0000963231
     1412.0000000000        0.0000601725
     1413.0000000000        0.0000272106
     1414.0000000000        0.0000377685
     1415.0000000000        0.0000418176
     1416.0000000000        0.0000409881
     1417.0000000000        0.0000414156
     1418.0000000000        0.0000424849
     1419.0000000000        0.0000640641
     1420.0000000000        0.0000551359
     1421.0000000000        0.0000779728
     1422.0000000000        0.0000942105
     1423.0000000000        0.0001099018
     1424.0000000000        0.0000756159
     1425.0000000000        0.0001008673
     1426.0000000000        0.0000777698
     1427.0000000000        0.0000765243
     1428.0000000000        0.0000489163
     1429.0000000000        0.0000386320
     1430.0000000000        0.0000528640
     1431.0000000000        0.0000622712
     1432.0000000000        0.0000619485
     1433.0000000000        0.0000511526
     1434.0000000000        0.0000592450
     1435.0000000000        0.0000066890
     1436.0000000000        0.0000072014
     1437.0000000000       -0.0000110255
     1438.0000000000        0.0000073486
     1439.0000000000        0.0000047387
     1440.0000000000        0.0000233164
     1441.0000000000        0.0000509918
     1442.0000000000        0.0000375370
     1443.0000000000        0.0000515903
     1444.0000000000        0.0000620622
     1445.0000000000        0.0000958695
     1446.0000000000        0.0001206512
     1447.0000000000        0.0001346032
     1448.0000000000        0.0001203727
     1449.0000000000        0.0000982231
     1450.0000000000        0.0001054914
     1451.0000000000        0.0001288111
     1452.0000000000        0.0001373076
     1453.0000000000        0.0001326803
     1454.0000000000        0.0001428875
     1455.0000000000        0.0001582127
     1456.0000000000        0.0001285765
     1457.0000000000        0.0001203917
     1458.0000000000        0.0001209001
     1459.0000000000        0.0001096909
     1460.0000000000        0.0001542801
     1461.0000000000        0.0001147971
     1462.0000000000        0.0000898948
     1463.0000000000        0.0000762274
     1464.0000000000        0.0000571322
     1465.0000000000        0.0000429412
     1466.0000000000        0.0000434762
     1467.0000000000        0.0000388672
     1468.0000000000        0.0000111105
     1469.0000000000        0.0000216227
     1470.0000000000        0.0000451617
     1471.0000000000        0.0000265266
     1472.0000000000       -0.0000047553
     1473.0000000000        0.0000288978
     1474.0000000000        0.0000553241
     1475.0000000000        0.0000507592
     1476.0000000000       -0.0000003712
     1477.0000000000        0.0000154568
     1478.0000000000        0.0000599424
     1479.0000000000        0.0000159176
     1480.0000000000        0.0000021390
     1481.0000000000       -0.0000063365
     1482.0000000000       -0.0000141438
     1483.0000000000        0.0000063378
     1484.0000000000       -0.0000034323
     1485.0000000000        0.0000282070
     1486.0000000000        0.0000439411
     1487.0000000000       -0.0000032769
     1488.0000000000        0.0000075785
     1489.0000000000        0.0000199825
     1490.0000000000        0.0000195027
     1491.0000000000       -0.0000158529
     1492.0000000000       -0.0000205566
     1493.0000000000       -0.0000019633
     1494.0000000000        0.0000134934
     1495.0000000000       -0.0000297824
     1496.0000000000        0.0000159224
     1497.0000000000       -0.0000355556
     1498.0000000000       -0.0000570483
     1499.0000000000       -0.0000205079
     1500.0000000000        0.0000091979
     1501.0000000000       -0.0000044306
     1502.0000000000        0.0000107865
     1503.0000000000        0.0000241460
     1504.0000000000        0.0000308712
     1505.0000000000        0.0000422038
     1506.0000000000        0.0000440531
     1507.0000000000        0.0000368715
     1508.0000000000        0.0000593300
     1509.0000000000        0.0000541918
     1510.0000000000        0.0000388388
     1511.0000000000        0.0000494514
     1512.0000000000        0.0000460009
     1513.0000000000        0.0000582214
     1514.0000000000        0.0000640972
     1515.0000000000        0.0000322944
     1516.0000000000        0.0000248383
     1517.0000000000        0.0000160755
     1518.0000000000        0.0000363621
     1519.0000000000       -0.0000038484
     1520.0000000000       -0.0000113530
     1521.0000000000       -0.0000013991
     1522.0000000000       -0.0000308727
     1523.0000000000       -0.0000308612
     1524.0000000000       -0.0000100317
     1525.0000000000       -0.0000334184
     1526.0000000000       -0.0000471560
     1527.0000000000       -0.0000100063
     1528.0000000000       -0.0000024205
     1529.0000000000        0.0000206566
     1530.0000000000        0.0000063948
     1531.0000000000        0.0000288745
     1532.0000000000        0.0000812088
     1533.0000000000        0.0000843264
     1534.0000000000        0.0000816877
     1535.0000000000        0.0000604707
     1536.0000000000        0.0000694620
     1537.0000000000        0.0000355663
     1538.0000000000        0.0000228383
     1539.0000000000       -0.0000027376
     1540.0000000000        0.0000134915
     1541.0000000000        0.0000236718
     1542.0000000000        0.0000049959
     1543.0000000000        0.0000197366
     1544.0000000000       -0.0000284599
     1545.0000000000       -0.0000147440
     1546.0000000000        0.0000113343
     1547.0000000000        0.0000113967
     1548.0000000000        0.0000785063
     1549.0000000000        0.0000610505
     1550.0000000000        0.0000117410
     1551.0000000000        0.0000270473
     1552.0000000000        0.0000393072
     1553.0000000000        0.0000643487
     1554.0000000000        0.0000746761
     1555.0000000000        0.0000356887
     1556.0000000000        0.0000005134
     1557.0000000000       -0.0000059192
     1558.0000000000        0.0000182043
     1559.0000000000        0.0000067230
     1560.0000000000       -0.0000001161
     1561.0000000000        0.0000000497
     1562.0000000000       -0.0000188895
     1563.0000000000        0.0000378612
     1564.0000000000        0.0000450701
     1565.0000000000        0.0001197400
     1566.0000000000        0.0001178508
     1567.0000000000        0.0001258180
     1568.0000000000        0.0000947879
     1569.0000000000        0.0000891712
     1570.0000000000        0.0001097193
     1571.0000000000        0.0000565970
     1572.0000000000        0.0000502511
     1573.0000000000        0.0000170803
     1574.0000000000        0.0000069443
     1575.0000000000        0.0000083300
     1576.0000000000        0.0000419923
     1577.0000000000        0.0000826265
     1578.0000000000        0.0001369402
     1579.0000000000        0.0001402717
     1580.0000000000        0.0000912139
     1581.0000000000        0.0000861453
     1582.0000000000        0.0001057757
     1583.0000000000        0.0001040116
     1584.0000000000        0.0000817698
     1585.0000000000        0.0000607373
     1586.0000000000        0.0000769493
     1587.0000000000        0.0000588889
     1588.0000000000        0.0000329384
     1589.0000000000        0.0000256834
     1590.0000000000        0.0000401596
     1591.0000000000        0.0000249519
     1592.0000000000        0.0000554017
     1593.0000000000        0.0000628548
     1594.0000000000        0.0000381201
     1595.0000000000       -0.0000036536
     1596.0000000000        0.0000294193
     1597.0000000000        0.0000144443
     1598.0000000000       -0.0000322966
     1599.0000000000       -0.0000388884
     1600.0000000000       -0.0000203378
     1601.0000000000       -0.0000071278
     1602.0000000000       -0.0000066458
     1603.0000000000        0.0000181397
     1604.0000000000        0.0000078778
     1605.0000000000        0.0000186405
     1606.0000000000        0.0000566554
     1607.0000000000        0.0000371295
     1608.0000000000        0.0000208349
     1609.0000000000        0.0000342455
     1610.0000000000        0.0000321407
     1611.0000000000        0.0000077811
     1612.0000000000        0.0000652335
     1613.0000000000        0.0000964485
     1614.0000000000        0.0000883955
     1615.0000000000        0.0001091806
     1616.0000000000        0.0001131330
     1617.0000000000        0.0000643510
     1618.0000000000        0.0000789012
     1619.0000000000        0.0000826999
     1620.0000000000        0.0000863330
     1621.0000000000        0.0000576987
     1622.0000000000        0.0001083332
     1623.0000000000        0.0001163117
     1624.0000000000        0.0001363572
     1625.0000000000        0.0000839815
     1626.0000000000        0.0000675995
     1627.0000000000        0.0000664552
     1628.0000000000        0.0000514040
     1629.0000000000        0.0000145246
     1630.0000000000        0.0000072259
     1631.0000000000       -0.0000065059
     1632.0000000000       -0.0000157145
     1633.0000000000        0.0000239897
     1634.0000000000        0.0000257652
     1635.0000000000        0.0000339640
     1636.0000000000       -0.0000023968
     1637.0000000000        0.0000140764
     1638.0000000000       -0.0000106688
     1639.0000000000       -0.0000254744
     1640.0000000000       -0.0000727303
     1641.0000000000       -0.0000389033
     1642.0000000000       -0.0000568379
     1643.0000000000       -0.0000749159
     1644.0000000000       -0.0000431574
     1645.0000000000       -0.0000294160
     1646.0000000000       -0.0000542732
     1647.0000000000       -0.0000660325
     1648.0000000000       -0.0000484625
     1649.0000000000       -0.0000621727
     1650.0000000000       -0.0000505633
     1651.0000000000       -0.0000519207
     1652.0000000000       -0.0000479390
     1653.0000000000       -0.0000496938
     1654.0000000000       -0.0000221326
     1655.0000000000       -0.0000620148
     1656.0000000000       -0.0000768971
     1657.0000000000       -0.0000683321
     1658.0000000000       -0.0000701348
     1659.0000000000       -0.0000562278
     1660.0000000000       -0.0000844122
     1661.0000000000       -0.0000747862
     1662.0000000000       -0.0001141219
     1663.0000000000       -0.0001414247
     1664.0000000000       -0.0001121559
     1665.0000000000       -0.0001070927
     1666.0000000000       -0.0000853648
     1667.0000000000       -0.0000570743
     1668.0000000000       -0.0000311251
     1669.0000000000       -0.0000271382
     1670.0000000000       -0.0000374429
     1671.0000000000       -0.0000234975
     1672.0000000000       -0.0000158690
     1673.0000000000        0.0000128748
     1674.0000000000       -0.0000267858
     1675.0000000000        0.0000144046
     1676.0000000000        0.0000100495
     1677.0000000000        0.0000473106
     1678.0000000000        0.0000229216
     1679.0000000000        0.0000014196
     1680.0000000000       -0.0000077725
     1681.0000000000       -0.0000272136
     1682.0000000000       -0.0000274185
     1683.0000000000       -0.0000248975
     1684.0000000000       -0.0000296994
     1685.0000000000       -0.0000387331
     1686.0000000000       -0.0000317360
     1687.0000000000       -0.0000225124
     1688.0000000000       -0.0000352201
     1689.0000000000        0.0000002588
     1690.0000000000        0.0000066467
     1691.0000000000        0.0000122909
     1692.0000000000       -0.0000111510
     1693.0000000000        0.0000164455
     1694.0000000000       -0.0000307071
     1695.0000000000       -0.0000621078
     1696.0000000000       -0.0000903010
     1697.0000000000       -0.0000388944
     1698.0000000000       -0.0000197636
     1699.0000000000       -0.0000156264
     1700.0000000000        0.0000163234
     1701.0000000000        0.0000067854
     1702.0000000000       -0.0000102932
     1703.0000000000       -0.0000359215
     1704.0000000000       -0.0000407619
     1705.0000000000       -0.0000146891
     1706.0000000000       -0.0000018525
     1707.0000000000       -0.0000100331
     1708.0000000000       -0.0000389993
     1709.0000000000       -0.0000586032
     1710.0000000000       -0.0000891070
     1711.0000000000       -0.0000345041
     1712.0000000000       -0.0000423591
     1713.0000000000       -0.0000303892
     1714.0000000000       -0.0000263638
     1715.0000000000       -0.0000317627
     1716.0000000000       -0.0000338244
     1717.0000000000       -0.0000505461
     1718.0000000000       -0.0000301406
     1719.0000000000       -0.0000356466
     1720.0000000000        0.0000013366
     1721.0000000000       -0.0000057804
     1722.0000000000       -0.0000443559
     1723.0000000000       -0.0000331658
     1724.0000000000       -0.0000242674
     1725.0000000000        0.0000253326
     1726.0000000000        0.0000436330
     1727.0000000000        0.0000041531
     1728.0000000000        0.0000068340
     1729.0000000000        0.0000361057
     1730.0000000000        0.0000674333
     1731.0000000000        0.0000720170
     1732.0000000000        0.0000666869
     1733.0000000000        0.0000485914
     1734.0000000000        0.0000416744
     1735.0000000000        0.0000236081
     1736.0000000000        0.0000244682
     1737.0000000000        0.0000095227
     1738.0000000000        0.0000155660
     1739.0000000000        0.0000242794
     1740.0000000000        0.0000608320
     1741.0000000000        0.0000669560
     1742.0000000000        0.0000970454
     1743.0000000000        0.0001058895
     1744.0000000000        0.0001308410
     1745.0000000000        0.0001209546
     1746.0000000000        0.0001139984
     1747.0000000000        0.0000901615
     1748.0000000000        0.0000846304
     1749.0000000000        0.0000574961
     1750.0000000000        0.0000709919
     1751.0000000000        0.0000399740
     1752.0000000000        0.0000287814
     1753.0000000000        0.0000476700
     1754.0000000000        0.0000247221
     1755.0000000000        0.0000551926
     1756.0000000000        0.0000864740
     1757.0000000000        0.0000778494
     1758.0000000000        0.0000887790
     1759.0000000000        0.0001152106
     1760.0000000000        0.0001030448
     1761.0000000000        0.0000790311
     1762.0000000000        0.0000866413
     1763.0000000000        0.0000682135
     1764.0000000000        0.0000653513
     1765.0000000000        0.0000936999
     1766.0000000000        0.0000736554
     1767.0000000000        0.0000584628
     1768.0000000000        0.0000702777
     1769.0000000000        0.0001073473
     1770.0000000000        0.0001258261
     1771.0000000000        0.0001446162
     1772.0000000000        0.0001224246
     1773.0000000000        0.0000987321
     1774.0000000000        0.0000800485
     1775.0000000000        0.0000879420
     1776.0000000000        0.0000875185
     1777.0000000000        0.0000890509
     1778.0000000000        0.0000802107
     1779.0000000000        0.0000857826
     1780.0000000000        0.0000811576
     1781.0000000000        0.0000854593
     1782.0000000000        0.0001169154
     1783.0000000000        0.0001262690
     1784.0000000000        0.0001231759
     1785.0000000000        0.0001228268
     1786.0000000000        0.0000915859
     1787.0000000000        0.0000760335
     1788.0000000000        0.0000935072
     1789.0000000000        0.0000824611
     1790.0000000000        0.0001375883
     1791.0000000000        0.0001234893
     1792.0000000000        0.0001101387
     1793.0000000000        0.0001664957
     1794.0000000000        0.0001571978
     1795.0000000000        0.0001405534
     1796.0000000000        0.0001290173
     1797.0000000000        0.0000814032
     1798.0000000000        0.0001035426
     1799.0000000000        0.0001057854
     1800.0000000000        0.0001165283
     1801.0000000000        0.0001331897
     1802.0000000000        0.0000883079
     1803.0000000000        0.0001062007
     1804.0000000000        0.0001249461
     1805.0000000000        0.0000821692
     1806.0000000000        0.0000837830
     1807.0000000000        0.0000843918
     1808.0000000000        0.0000898904
     1809.0000000000        0.0000726372
     1810.0000000000        0.0000543651
     1811.0000000000        0.0000974843
     1812.0000000000        0.0001142908
     1813.0000000000        0.0001328777
     1814.0000000000        0.0000863666
     1815.0000000000        0.0000816259
     1816.0000000000        0.0000868672
     1817.0000000000        0.0000862027
     1818.0000000000        0.0000786650
     1819.0000000000        0.0000798853
     1820.0000000000        0.0000867504
     1821.0000000000        0.0000573871
     1822.0000000000        0.0000403236
     1823.0000000000        0.0000254386
     1824.0000000000        0.0000168724
     1825.0000000000        0.0000284745
     1826.0000000000        0.0000257676
     1827.0000000000        0.0000287195
     1828.0000000000        0.0000348876
     1829.0000000000        0.0000284705
     1830.0000000000        0.0000142849
     1831.0000000000        0.0000501942
     1832.0000000000        0.0000596269
     1833.0000000000        0.0000772984
     1834.0000000000        0.0000947942
     1835.0000000000        0.0000798818
     1836.0000000000        0.0000859358
     1837.0000000000        0.0000835370
     1838.0000000000        0.0000775871
     1839.0000000000        0.0000573271
     1840.0000000000        0.0000792200
     1841.0000000000        0.0000834462
     1842.0000000000        0.0000815914
     1843.0000000000        0.0001029837
     1844.0000000000        0.0000864541
     1845.0000000000        0.0000650079
     1846.0000000000        0.0000988892
     1847.0000000000        0.0001072653
     1848.0000000000        0.0001337136
     1849.0000000000        0.0001757539
     1850.0000000000        0.0001650071
     1851.0000000000        0.0001168589
     1852.0000000000        0.0000692338
     1853.0000000000        0.0000546936
     1854.0000000000        0.0000512216
     1855.0000000000        0.0000237479
     1856.0000000000        0.0000181475
     1857.0000000000        0.0000530943
     1858.0000000000        0.0000283495
     1859.0000000000        0.0000519114
     1860.0000000000        0.0000526394
     1861.0000000000        0.0000469730
     1862.0000000000        0.0000598987
     1863.0000000000        0.0000172870
     1864.0000000000       -0.0000035585
     1865.0000000000        0.0000356743
     1866.0000000000        0.0000508472
     1867.0000000000        0.0000501382
     1868.0000000000        0.0000806279
     1869.0000000000        0.0000884897
     1870.0000000000        0.0001135330
     1871.0000000000        0.0000918450
     1872.0000000000        0.0001067340
     1873.0000000000        0.0000717157
     1874.0000000000        0.0000681239
     1875.0000000000        0.0000803686
     1876.0000000000        0.0000871123
     1877.0000000000        0.0000501869
     1878.0000000000        0.0000562420
     1879.0000000000        0.0000328493
     1880.0000000000        0.0000353480
     1881.0000000000        0.0000707418
     1882.0000000000        0.0001491171
     1883.0000000000        0.0001591421
     1884.0000000000        0.0001301947
     1885.0000000000        0.0001332931
     1886.0000000000        0.0001142439
     1887.0000000000        0.0001175449
     1888.0000000000        0.0001138420
     1889.0000000000        0.0000870801
     1890.0000000000        0.0000749405
     1891.0000000000        0.0000666032
     1892.0000000000        0.0000139465
     1893.0000000000       -0.0000038399
     1894.0000000000       -0.0000088274
     1895.0000000000       -0.0000101804
     1896.0000000000       -0.0000340964
     1897.0000000000       -0.0000162015
     1898.0000000000        0.0000128333
     1899.0000000000       -0.0000087342
     1900.0000000000       -0.0000576984
     1901.0000000000       -0.0000708084
     1902.0000000000       -0.0000440426
     1903.0000000000        0.0000087849
     1904.0000000000        0.0000239095
     1905.0000000000        0.0000248586
     1906.0000000000        0.0001023598
     1907.0000000000        0.0000735737
     1908.0000000000        0.0000517893
     1909.0000000000        0.0000435476
     1910.0000000000        0.0000502903
     1911.0000000000        0.0000806930
     1912.0000000000        0.0000568241
     1913.0000000000        0.0000304711
     1914.0000000000        0.0000628064
     1915.0000000000        0.0000277848
     1916.0000000000        0.0000676798
     1917.0000000000        0.0000479557
     1918.0000000000        0.0000573991
     1919.0000000000        0.0000854478
     1920.0000000000        0.0000752466
     1921.0000000000        0.0000481100
     1922.0000000000        0.0000533318
     1923.0000000000        0.0000670303
     1924.0000000000        0.0000803379
     1925.0000000000        0.0001095214
     1926.0000000000        0.0001144201
     1927.0000000000        0.0000620190
     1928.0000000000        0.0000114933
     1929.0000000000        0.0000380150
     1930.0000000000        0.0000076404
     1931.0000000000        0.0000103645
     1932.0000000000        0.0000244322
     1933.0000000000        0.0000369982
     1934.0000000000       -0.0000026235
     1935.0000000000       -0.0000397120
     1936.0000000000       -0.0000305823
     1937.0000000000       -0.0000005060
     1938.0000000000       -0.0000380236
     1939.0000000000       -0.0000379802
     1940.0000000000       -0.0000135469
     1941.0000000000       -0.0000729486
     1942.0000000000       -0.0000519643
     1943.0000000000       -0.0000491166
     1944.0000000000       -0.0000237057
     1945.0000000000       -0.0000292255
     1946.0000000000        0.0000218906
     1947.0000000000       -0.0000041555
     1948.0000000000       -0.0000369005
     1949.0000000000       -0.0000243602
     1950.0000000000       -0.0000247290
     1951.0000000000       -0.0000329186
     1952.0000000000       -0.0000524052
     1953.0000000000       -0.0000690463
     1954.0000000000       -0.0000610628
     1955.0000000000       -0.0000434055
     1956.0000000000       -0.0000584175
     1957.0000000000       -0.0000291389
     1958.0000000000       -0.0000122585
     1959.0000000000        0.0000091987
     1960.0000000000        0.0000646417
     1961.0000000000        0.0000443824
     1962.0000000000        0.0000256649
     1963.0000000000       -0.0000092821
     1964.0000000000       -0.0000116473
     1965.0000000000       -0.0000279764
     1966.0000000000       -0.0000364200
     1967.0000000000       -0.0000025268
     1968.0000000000        0.0000021423
     1969.0000000000       -0.0000082104
     1970.0000000000        0.0000046486
     1971.0000000000        0.0000168498
     1972.0000000000        0.0000310079
     1973.0000000000        0.0000099197
     1974.0000000000        0.0000278452
     1975.0000000000        0.0000415378
     1976.0000000000        0.0000457779
     1977.0000000000        0.0000847485
     1978.0000000000        0.0001096852
     1979.0000000000        0.0000939037
     1980.0000000000        0.0000931951
     1981.0000000000        0.0000838700
     1982.0000000000        0.0000972164
     1983.0000000000        0.0001061131
     1984.0000000000        0.0000983197
     1985.0000000000        0.0000715836
     1986.0000000000        0.0000733583
     1987.0000000000        0.0000996086
     1988.0000000000        0.0000753572
     1989.0000000000        0.0000711341
     1990.0000000000        0.0000279193
     1991.0000000000        0.0000367727
     1992.0000000000        0.0000681047
     1993.0000000000        0.0000559210
     1994.0000000000        0.0000549206
     1995.0000000000        0.0000420398
     1996.0000000000        0.0000510955
     1997.0000000000        0.0000263337
     1998.0000000000        0.0000322417
     1999.0000000000        0.0000298286
     2000.0000000000        0.0000103349
     2001.0000000000        0.0000420925
     2002.0000000000        0.0000102495
     2003.0000000000        0.0000475238
     2004.0000000000        0.0000514629
     2005.0000000000        0.0000537096
     2006.0000000000        0.0000536573
     2007.0000000000        0.0000687517
     2008.0000000000        0.0000378851
     2009.0000000000        0.0000165065
     2010.0000000000       -0.0000053140
     2011.0000000000       -0.0000141155
     2012.0000000000       -0.0000456556
     2013.0000000000       -0.0000185868
     2014.0000000000       -0.0000377225
     2015.0000000000       -0.0000443014
     2016.0000000000        0.0000034384
     2017.0000000000       -0.0000035546
     2018.0000000000       -0.0000191842
     2019.0000000000       -0.0000052559
     2020.0000000000       -0.0000053424
     2021.0000000000       -0.0000214496
     2022.0000000000       -0.0000276736
     2023.0000000000       -0.0000304795
     2024.0000000000        0.0000234997
     2025.0000000000        0.0000433570
     2026.0000000000        0.0000254617
     2027.0000000000        0.0000248816
     2028.0000000000        0.0000483854
     2029.0000000000        0.0000342055
     2030.0000000000        0.0000382457
     2031.0000000000        0.0000361440
     2032.0000000000        0.0000429555
     2033.0000000000        0.0000728952
     2034.0000000000        0.0000789058
     2035.0000000000        0.0000624229
     2036.0000000000        0.0000471183
     2037.0000000000        0.0000678421
     2038.0000000000        0.0000738243
     2039.0000000000        0.0001031362
     2040.0000000000        0.0000835024
     2041.0000000000        0.0000757534
     2042.0000000000        0.0000512944
     2043.0000000000        0.0000613708
     2044.0000000000        0.0000167616
     2045.0000000000        0.0000201778
     2046.0000000000        0.0000183143
     2047.0000000000        0.0000109354
     2048.0000000000       -0.0000031973
