        0.0000000000        0.1315873016
        1.0000000000        0.0571610739
        2.0000000000        0.0394995742
        3.0000000000        0.0312960812
        4.0000000000        0.0263973664
        5.0000000000        0.0230819643
        6.0000000000        0.0206634933
        7.0000000000        0.0188025622
        8.0000000000        0.0173205736
        9.0000000000        0.0160984870
       10.0000000000        0.0150741890
       11.0000000000        0.0142023478
       12.0000000000        0.0134500498
       13.0000000000        0.0127799288
       14.0000000000        0.0121971173
       15.0000000000        0.0116701091
       16.0000000000        0.0111999838
       17.0000000000        0.0107714459
       18.0000000000        0.0103721126
       19.0000000000        0.0100107176
       20.0000000000        0.0096845779
       21.0000000000        0.0093803048
       22.0000000000        0.0091032168
       23.0000000000        0.0088339024
       24.0000000000        0.0085916563
       25.0000000000        0.0083632791
       26.0000000000        0.0081461338
       27.0000000000        0.0079400201
       28.0000000000        0.0077457487
       29.0000000000        0.0075740185
       30.0000000000        0.0074082067
       31.0000000000        0.0072375129
       32.0000000000        0.0070827072
       33.0000000000        0.0069398983
       34.0000000000        0.0067980852
       35.0000000000        0.0066644753
       36.0000000000        0.0065365942
       37.0000000000        0.0064110184
       38.0000000000        0.0063007345
       39.0000000000        0.0061834724
       40.0000000000        0.0060697573
       41.0000000000        0.0059689943
       42.0000000000        0.0058672448
       43.0000000000        0.0057753220
       44.0000000000        0.0056886802
       45.0000000000        0.0055972453
       46.0000000000        0.0055096300
       47.0000000000        0.0054358632
       48.0000000000        0.0053532844
       49.0000000000        0.0052817719
       50.0000000000        0.0052114755
       51.0000000000        0.0051329561
       52.0000000000        0.0050590498
       53.0000000000        0.0049856486
       54.0000000000        0.0049145975
       55.0000000000        0.0048483453
       56.0000000000        0.0047862909
       57.0000000000        0.0047253900
       58.0000000000        0.0046582123
       59.0000000000        0.0046091826
       60.0000000000        0.0045539421
       61.0000000000        0.0044977198
       62.0000000000        0.0044450810
       63.0000000000        0.0043920832
       64.0000000000        0.0043396799
       65.0000000000        0.0042976924
       66.0000000000        0.0042454358
       67.0000000000        0.0041968963
       68.0000000000        0.0041494876
       69.0000000000        0.0041050615
       70.0000000000        0.0040612976
       71.0000000000        0.0040158029
       72.0000000000        0.0039788263
       73.0000000000        0.0039321582
       74.0000000000        0.0038962152
       75.0000000000        0.0038625318
       76.0000000000        0.0038224293
       77.0000000000        0.0037811538
       78.0000000000        0.0037490940
       79.0000000000        0.0037092886
       80.0000000000        0.0036797744
       81.0000000000        0.0036410313
       82.0000000000        0.0036025790
       83.0000000000        0.0035760187
       84.0000000000        0.0035332891
       85.0000000000        0.0035026860
       86.0000000000        0.0034739318
       87.0000000000        0.0034374582
       88.0000000000        0.0034059569
       89.0000000000        0.0033755117
       90.0000000000        0.0033463725
       91.0000000000        0.0033173629
       92.0000000000        0.0032855682
       93.0000000000        0.0032571724
       94.0000000000        0.0032288259
       95.0000000000        0.0032098759
       96.0000000000        0.0031871478
       97.0000000000        0.0031536255
       98.0000000000        0.0031273346
       99.0000000000        0.0031098698
      100.0000000000        0.0030802149
      101.0000000000        0.0030646360
      102.0000000000        0.0030349719
      103.0000000000        0.0030179061
      104.0000000000        0.0029955011
      105.0000000000        0.0029677347
      106.0000000000        0.0029453178
      107.0000000000        0.0029252844
      108.0000000000        0.0029090603
      109.0000000000        0.0028817229
      110.0000000000        0.0028624927
      111.0000000000        0.0028439181
      112.0000000000        0.0028206917
      113.0000000000        0.0027935419
      114.0000000000        0.0027726495
      115.0000000000        0.0027463298
      116.0000000000        0.0027327864
      117.0000000000        0.0027188842
      118.0000000000        0.0027036143
      119.0000000000        0.0026844703
      120.0000000000        0.0026635516
      121.0000000000        0.0026456956
      122.0000000000        0.0026296291
      123.0000000000        0.0026148177
      124.0000000000        0.0025886538
      125.0000000000        0.0025781005
      126.0000000000        0.0025619424
      127.0000000000        0.0025461763
      128.0000000000        0.0025305036
      129.0000000000        0.0025154305
      130.0000000000        0.0025008518
      131.0000000000        0.0024857187
      132.0000000000        0.0024635261
      133.0000000000        0.0024464600
      134.0000000000        0.0024307214
      135.0000000000        0.0024149826
      136.0000000000        0.0024106923
      137.0000000000        0.0023978369
      138.0000000000        0.0023733881
      139.0000000000        0.0023539211
      140.0000000000        0.0023421702
      141.0000000000        0.0023370628
      142.0000000000        0.0023203299
      143.0000000000        0.0023087122
      144.0000000000        0.0022901005
      145.0000000000        0.0022706249
      146.0000000000        0.0022570524
      147.0000000000        0.0022379421
      148.0000000000        0.0022279057
      149.0000000000        0.0022163059
      150.0000000000        0.0021967010
      151.0000000000        0.0021834894
      152.0000000000        0.0021683091
      153.0000000000        0.0021596388
      154.0000000000        0.0021474859
      155.0000000000        0.0021378032
      156.0000000000        0.0021338843
      157.0000000000        0.0021288560
      158.0000000000        0.0021240764
      159.0000000000        0.0021073268
      160.0000000000        0.0020832246
      161.0000000000        0.0020759680
      162.0000000000        0.0020708844
      163.0000000000        0.0020531812
      164.0000000000        0.0020395822
      165.0000000000        0.0020254286
      166.0000000000        0.0020099168
      167.0000000000        0.0020011563
      168.0000000000        0.0019777534
      169.0000000000        0.0019737449
      170.0000000000        0.0019691553
      171.0000000000        0.0019515138
      172.0000000000        0.0019383458
      173.0000000000        0.0019361154
      174.0000000000        0.0019266593
      175.0000000000        0.0019258634
      176.0000000000        0.0019235387
      177.0000000000        0.0019056436
      178.0000000000        0.0018967905
      179.0000000000        0.0018852309
      180.0000000000        0.0018678866
      181.0000000000        0.0018604590
      182.0000000000        0.0018511645
      183.0000000000        0.0018497569
      184.0000000000        0.0018425966
      185.0000000000        0.0018397153
      186.0000000000        0.0018246335
      187.0000000000        0.0018192318
      188.0000000000        0.0018092440
      189.0000000000        0.0017983312
      190.0000000000        0.0017846875
      191.0000000000        0.0017769723
      192.0000000000        0.0017680961
      193.0000000000        0.0017533895
      194.0000000000        0.0017505620
      195.0000000000        0.0017422596
      196.0000000000        0.0017337351
      197.0000000000        0.0017221946
      198.0000000000        0.0017151719
      199.0000000000        0.0017035372
      200.0000000000        0.0016999909
      201.0000000000        0.0016886336
      202.0000000000        0.0016758336
      203.0000000000        0.0016754246
      204.0000000000        0.0016741741
      205.0000000000        0.0016562683
      206.0000000000        0.0016590386
      207.0000000000        0.0016530560
      208.0000000000        0.0016421490
      209.0000000000        0.0016369135
      210.0000000000        0.0016195436
      211.0000000000        0.0016164776
      212.0000000000        0.0016076997
      213.0000000000        0.0016062536
      214.0000000000        0.0015952387
      215.0000000000        0.0015762770
      216.0000000000        0.0015630831
      217.0000000000        0.0015580415
      218.0000000000        0.0015518790
      219.0000000000        0.0015503651
      220.0000000000        0.0015438341
      221.0000000000        0.0015405689
      222.0000000000        0.0015370880
      223.0000000000        0.0015254307
      224.0000000000        0.0015180265
      225.0000000000        0.0015119104
      226.0000000000        0.0015010611
      227.0000000000        0.0014990474
      228.0000000000        0.0014924040
      229.0000000000        0.0014919946
      230.0000000000        0.0014802939
      231.0000000000        0.0014712883
      232.0000000000        0.0014659489
      233.0000000000        0.0014580390
      234.0000000000        0.0014525182
      235.0000000000        0.0014423749
      236.0000000000        0.0014368684
      237.0000000000        0.0014262666
      238.0000000000        0.0014170754
      239.0000000000        0.0014144073
      240.0000000000        0.0014145222
      241.0000000000        0.0014076762
      242.0000000000        0.0014029944
      243.0000000000        0.0014005275
      244.0000000000        0.0013942538
      245.0000000000        0.0013844180
      246.0000000000        0.0013801800
      247.0000000000        0.0013694231
      248.0000000000        0.0013695619
      249.0000000000        0.0013674487
      250.0000000000        0.0013681858
      251.0000000000        0.0013584813
      252.0000000000        0.0013554638
      253.0000000000        0.0013401039
      254.0000000000        0.0013328243
      255.0000000000        0.0013298054
      256.0000000000        0.0013243323
      257.0000000000        0.0013182086
      258.0000000000        0.0013238224
      259.0000000000        0.0013169263
      260.0000000000        0.0013090805
      261.0000000000        0.0013064995
      262.0000000000        0.0013033347
      263.0000000000        0.0012991642
      264.0000000000        0.0012885629
      265.0000000000        0.0012899543
      266.0000000000        0.0012794717
      267.0000000000        0.0012605845
      268.0000000000        0.0012556544
      269.0000000000        0.0012511094
      270.0000000000        0.0012460491
      271.0000000000        0.0012416161
      272.0000000000        0.0012355395
      273.0000000000        0.0012317730
      274.0000000000        0.0012339533
      275.0000000000        0.0012303218
      276.0000000000        0.0012237557
      277.0000000000        0.0012183784
      278.0000000000        0.0012209595
      279.0000000000        0.0012350597
      280.0000000000        0.0012191333
      281.0000000000        0.0012072721
      282.0000000000        0.0012077380
      283.0000000000        0.0012046732
      284.0000000000        0.0011955469
      285.0000000000        0.0011885657
      286.0000000000        0.0011848142
      287.0000000000        0.0011811126
      288.0000000000        0.0011670991
      289.0000000000        0.0011708149
      290.0000000000        0.0011746688
      291.0000000000        0.0011713458
      292.0000000000        0.0011667305
      293.0000000000        0.0011569839
      294.0000000000        0.0011481052
      295.0000000000        0.0011391017
      296.0000000000        0.0011391829
      297.0000000000        0.0011342367
      298.0000000000        0.0011294708
      299.0000000000        0.0011262271
      300.0000000000        0.0011240825
      301.0000000000        0.0011260022
      302.0000000000        0.0011197517
      303.0000000000        0.0011135392
      304.0000000000        0.0011080443
      305.0000000000        0.0011102263
      306.0000000000        0.0011030506
      307.0000000000        0.0011017765
      308.0000000000        0.0010991844
      309.0000000000        0.0011001336
      310.0000000000        0.0010891093
      311.0000000000        0.0010846750
      312.0000000000        0.0010798145
      313.0000000000        0.0010710503
      314.0000000000        0.0010661981
      315.0000000000        0.0010555550
      316.0000000000        0.0010527358
      317.0000000000        0.0010546199
      318.0000000000        0.0010485189
      319.0000000000        0.0010467659
      320.0000000000        0.0010454826
      321.0000000000        0.0010446360
      322.0000000000        0.0010414198
      323.0000000000        0.0010410810
      324.0000000000        0.0010310942
      325.0000000000        0.0010267467
      326.0000000000        0.0010263073
      327.0000000000        0.0010263837
      328.0000000000        0.0010218202
      329.0000000000        0.0010243016
      330.0000000000        0.0010202531
      331.0000000000        0.0010177685
      332.0000000000        0.0010094471
      333.0000000000        0.0010057855
      334.0000000000        0.0010010524
      335.0000000000        0.0010052916
      336.0000000000        0.0010034831
      337.0000000000        0.0009973709
      338.0000000000        0.0009946945
      339.0000000000        0.0009892100
      340.0000000000        0.0009762859
      341.0000000000        0.0009771637
      342.0000000000        0.0009760138
      343.0000000000        0.0009711889
      344.0000000000        0.0009597607
      345.0000000000        0.0009682426
      346.0000000000        0.0009702074
      347.0000000000        0.0009654729
      348.0000000000        0.0009574320
      349.0000000000        0.0009605919
      350.0000000000        0.0009580150
      351.0000000000        0.0009492022
      352.0000000000        0.0009445305
      353.0000000000        0.0009340524
      354.0000000000        0.0009239276
      355.0000000000        0.0009257765
      356.0000000000        0.0009202649
      357.0000000000        0.0009209582
      358.0000000000        0.0009206615
      359.0000000000        0.0009155944
      360.0000000000        0.0009119386
      361.0000000000        0.0009102685
      362.0000000000        0.0009079285
      363.0000000000        0.0009090604
      364.0000000000        0.0008994866
      365.0000000000        0.0009070720
      366.0000000000        0.0009011179
      367.0000000000        0.0008914966
      368.0000000000        0.0008830036
      369.0000000000        0.0008803236
      370.0000000000        0.0008778811
      371.0000000000        0.0008726852
      372.0000000000        0.0008771405
      373.0000000000        0.0008694158
      374.0000000000        0.0008646477
      375.0000000000        0.0008677755
      376.0000000000        0.0008625577
      377.0000000000        0.0008668385
      378.0000000000        0.0008695871
      379.0000000000        0.0008684048
      380.0000000000        0.0008660115
      381.0000000000        0.0008533961
      382.0000000000        0.0008534430
      383.0000000000        0.0008471020
      384.0000000000        0.0008427887
      385.0000000000        0.0008366607
      386.0000000000        0.0008386765
      387.0000000000        0.0008419752
      388.0000000000        0.0008350569
      389.0000000000        0.0008316053
      390.0000000000        0.0008273758
      391.0000000000        0.0008234021
      392.0000000000        0.0008268959
      393.0000000000        0.0008222528
      394.0000000000        0.0008150637
      395.0000000000        0.0008184000
      396.0000000000        0.0008177561
      397.0000000000        0.0008130833
      398.0000000000        0.0008084647
      399.0000000000        0.0008064317
      400.0000000000        0.0008048634
      401.0000000000        0.0008012985
      402.0000000000        0.0008045793
      403.0000000000        0.0008102481
      404.0000000000        0.0008010418
      405.0000000000        0.0007993743
      406.0000000000        0.0007952107
      407.0000000000        0.0007893756
      408.0000000000        0.0007868123
      409.0000000000        0.0007901054
      410.0000000000        0.0007778149
      411.0000000000        0.0007778059
      412.0000000000        0.0007711734
      413.0000000000        0.0007694846
      414.0000000000        0.0007716050
      415.0000000000        0.0007642133
      416.0000000000        0.0007682807
      417.0000000000        0.0007684337
      418.0000000000        0.0007622495
      419.0000000000        0.0007649549
      420.0000000000        0.0007592497
      421.0000000000        0.0007552275
      422.0000000000        0.0007570781
      423.0000000000        0.0007505548
      424.0000000000        0.0007516488
      425.0000000000        0.0007554922
      426.0000000000        0.0007408445
      427.0000000000        0.0007418675
      428.0000000000        0.0007380553
      429.0000000000        0.0007379774
      430.0000000000        0.0007372229
      431.0000000000        0.0007344749
      432.0000000000        0.0007337654
      433.0000000000        0.0007363087
      434.0000000000        0.0007250846
      435.0000000000        0.0007332160
      436.0000000000        0.0007294458
      437.0000000000        0.0007206018
      438.0000000000        0.0007181492
      439.0000000000        0.0007149798
      440.0000000000        0.0007176529
      441.0000000000        0.0007152173
      442.0000000000        0.0007099689
      443.0000000000        0.0007002597
      444.0000000000        0.0007011413
      445.0000000000        0.0007010903
      446.0000000000        0.0007004364
      447.0000000000        0.0006956977
      448.0000000000        0.0006954207
      449.0000000000        0.0006837098
      450.0000000000        0.0006873648
      451.0000000000        0.0006875900
      452.0000000000        0.0006837513
      453.0000000000        0.0006804429
      454.0000000000        0.0006772272
      455.0000000000        0.0006757728
      456.0000000000        0.0006785301
      457.0000000000        0.0006774367
      458.0000000000        0.0006844115
      459.0000000000        0.0006761558
      460.0000000000        0.0006680572
      461.0000000000        0.0006660567
      462.0000000000        0.0006646955
      463.0000000000        0.0006609354
      464.0000000000        0.0006536601
      465.0000000000        0.0006516975
      466.0000000000        0.0006510771
      467.0000000000        0.0006497986
      468.0000000000        0.0006556371
      469.0000000000        0.0006524765
      470.0000000000        0.0006558564
      471.0000000000        0.0006486675
      472.0000000000        0.0006458197
      473.0000000000        0.0006470023
      474.0000000000        0.0006446397
      475.0000000000        0.0006481980
      476.0000000000        0.0006450727
      477.0000000000        0.0006388581
      478.0000000000        0.0006390633
      479.0000000000        0.0006288834
      480.0000000000        0.0006362388
      481.0000000000        0.0006335640
      482.0000000000        0.0006251804
      483.0000000000        0.0006177575
      484.0000000000        0.0006265240
      485.0000000000        0.0006214442
      486.0000000000        0.0006273031
      487.0000000000        0.0006312637
      488.0000000000        0.0006272196
      489.0000000000        0.0006246730
      490.0000000000        0.0006209823
      491.0000000000        0.0006194970
      492.0000000000        0.0006120789
      493.0000000000        0.0006119478
      494.0000000000        0.0006094278
      495.0000000000        0.0006072855
      496.0000000000        0.0006000668
      497.0000000000        0.0006028992
      498.0000000000        0.0006071995
      499.0000000000        0.0006061494
      500.0000000000        0.0006017375
      501.0000000000        0.0006000868
      502.0000000000        0.0006064170
      503.0000000000        0.0006006203
      504.0000000000        0.0006031474
      505.0000000000        0.0005938199
      506.0000000000        0.0005925632
      507.0000000000        0.0005890191
      508.0000000000        0.0005904141
      509.0000000000        0.0005892744
      510.0000000000        0.0005840300
      511.0000000000        0.0005745399
      512.0000000000        0.0005746327
      513.0000000000        0.0005741974
      514.0000000000        0.0005735493
      515.0000000000        0.0005790400
      516.0000000000        0.0005752950
      517.0000000000        0.0005747430
      518.0000000000        0.0005670690
      519.0000000000        0.0005614817
      520.0000000000        0.0005671344
      521.0000000000        0.0005646181
      522.0000000000        0.0005619720
      523.0000000000        0.0005635093
      524.0000000000        0.0005543895
      525.0000000000        0.0005521105
      526.0000000000        0.0005556911
      527.0000000000        0.0005542994
      528.0000000000        0.0005533162
      529.0000000000        0.0005439600
      530.0000000000        0.0005478261
      531.0000000000        0.0005491406
      532.0000000000        0.0005437167
      533.0000000000        0.0005471521
      534.0000000000        0.0005532518
      535.0000000000        0.0005533922
      536.0000000000        0.0005484729
      537.0000000000        0.0005453972
      538.0000000000        0.0005417917
      539.0000000000        0.0005416844
      540.0000000000        0.0005366592
      541.0000000000        0.0005275451
      542.0000000000        0.0005344372
      543.0000000000        0.0005349396
      544.0000000000        0.0005334725
      545.0000000000        0.0005329047
      546.0000000000        0.0005393817
      547.0000000000        0.0005305803
      548.0000000000        0.0005281348
      549.0000000000        0.0005220775
      550.0000000000        0.0005269670
      551.0000000000        0.0005195576
      552.0000000000        0.0005167423
      553.0000000000        0.0005151712
      554.0000000000        0.0005211822
      555.0000000000        0.0005110715
      556.0000000000        0.0005154911
      557.0000000000        0.0005125718
      558.0000000000        0.0005079239
      559.0000000000        0.0005067570
      560.0000000000        0.0005080132
      561.0000000000        0.0005033591
      562.0000000000        0.0005055398
      563.0000000000        0.0005018687
      564.0000000000        0.0005011464
      565.0000000000        0.0004942243
      566.0000000000        0.0004970719
      567.0000000000        0.0004919367
      568.0000000000        0.0004927625
      569.0000000000        0.0004907569
      570.0000000000        0.0004875440
      571.0000000000        0.0004857998
      572.0000000000        0.0004799072
      573.0000000000        0.0004846235
      574.0000000000        0.0004855760
      575.0000000000        0.0004882807
      576.0000000000        0.0004898846
      577.0000000000        0.0004950593
      578.0000000000        0.0004938818
      579.0000000000        0.0004958199
      580.0000000000        0.0004910776
      581.0000000000        0.0004817746
      582.0000000000        0.0004741981
      583.0000000000        0.0004746754
      584.0000000000        0.0004712781
      585.0000000000        0.0004682209
      586.0000000000        0.0004753667
      587.0000000000        0.0004710624
      588.0000000000        0.0004640994
      589.0000000000        0.0004641609
      590.0000000000        0.0004726739
      591.0000000000        0.0004697690
      592.0000000000        0.0004724113
      593.0000000000        0.0004715673
      594.0000000000        0.0004700783
      595.0000000000        0.0004686119
      596.0000000000        0.0004629339
      597.0000000000        0.0004559456
      598.0000000000        0.0004567803
      599.0000000000        0.0004600012
      600.0000000000        0.0004600923
      601.0000000000        0.0004627946
      602.0000000000        0.0004654576
      603.0000000000        0.0004658738
      604.0000000000        0.0004613181
      605.0000000000        0.0004623624
      606.0000000000        0.0004632324
      607.0000000000        0.0004541802
      608.0000000000        0.0004503449
      609.0000000000        0.0004411981
      610.0000000000        0.0004464574
      611.0000000000        0.0004526373
      612.0000000000        0.0004505742
      613.0000000000        0.0004427245
      614.0000000000        0.0004391003
      615.0000000000        0.0004412443
      616.0000000000        0.0004413485
      617.0000000000        0.0004443847
      618.0000000000        0.0004438245
      619.0000000000        0.0004465971
      620.0000000000        0.0004399472
      621.0000000000        0.0004349317
      622.0000000000        0.0004347924
      623.0000000000        0.0004243337
      624.0000000000        0.0004260760
      625.0000000000        0.0004162813
      626.0000000000        0.0004221074
      627.0000000000        0.0004261198
      628.0000000000        0.0004223919
      629.0000000000        0.0004257748
      630.0000000000        0.0004257667
      631.0000000000        0.0004131421
      632.0000000000        0.0004107507
      633.0000000000        0.0004045350
      634.0000000000        0.0004076914
      635.0000000000        0.0004030347
      636.0000000000        0.0004047259
      637.0000000000        0.0004065381
      638.0000000000        0.0004085375
      639.0000000000        0.0004005805
      640.0000000000        0.0004034440
      641.0000000000        0.0003995711
      642.0000000000        0.0003951666
      643.0000000000        0.0003919435
      644.0000000000        0.0003969247
      645.0000000000        0.0003935486
      646.0000000000        0.0003933145
      647.0000000000        0.0004057035
      648.0000000000        0.0003951683
      649.0000000000        0.0003895586
      650.0000000000        0.0003841594
      651.0000000000        0.0003834553
      652.0000000000        0.0003800634
      653.0000000000        0.0003820330
      654.0000000000        0.0003918881
      655.0000000000        0.0003864728
      656.0000000000        0.0003893734
      657.0000000000        0.0003867983
      658.0000000000        0.0003896266
      659.0000000000        0.0003778166
      660.0000000000        0.0003802490
      661.0000000000        0.0003844464
      662.0000000000        0.0003900883
      663.0000000000        0.0003810170
      664.0000000000        0.0003854383
      665.0000000000        0.0003799103
      666.0000000000        0.0003799244
      667.0000000000        0.0003804605
      668.0000000000        0.0003781827
      669.0000000000        0.0003806800
      670.0000000000        0.0003718415
      671.0000000000        0.0003750835
      672.0000000000        0.0003771828
      673.0000000000        0.0003796218
      674.0000000000        0.0003743968
      675.0000000000        0.0003713100
      676.0000000000        0.0003674910
      677.0000000000        0.0003711216
      678.0000000000        0.0003670467
      679.0000000000        0.0003655598
      680.0000000000        0.0003620841
      681.0000000000        0.0003695774
      682.0000000000        0.0003673447
      683.0000000000        0.0003692713
      684.0000000000        0.0003667756
      685.0000000000        0.0003669570
      686.0000000000        0.0003578780
      687.0000000000        0.0003538765
      688.0000000000        0.0003594416
      689.0000000000        0.0003578836
      690.0000000000        0.0003575164
      691.0000000000        0.0003545720
      692.0000000000        0.0003550377
      693.0000000000        0.0003639123
      694.0000000000        0.0003583819
      695.0000000000        0.0003588075
      696.0000000000        0.0003528120
      697.0000000000        0.0003582825
      698.0000000000        0.0003579765
      699.0000000000        0.0003568670
      700.0000000000        0.0003570425
      701.0000000000        0.0003597286
      702.0000000000        0.0003652949
      703.0000000000        0.0003620665
      704.0000000000        0.0003647474
      705.0000000000        0.0003579701
      706.0000000000        0.0003547342
      707.0000000000        0.0003497736
      708.0000000000        0.0003559499
      709.0000000000        0.0003548534
      710.0000000000        0.0003490698
      711.0000000000        0.0003448554
      712.0000000000        0.0003390239
      713.0000000000        0.0003424856
      714.0000000000        0.0003355383
      715.0000000000        0.0003354278
      716.0000000000        0.0003382029
      717.0000000000        0.0003367338
      718.0000000000        0.0003351373
      719.0000000000        0.0003358903
      720.0000000000        0.0003362058
      721.0000000000        0.0003425649
      722.0000000000        0.0003391856
      723.0000000000        0.0003385313
      724.0000000000        0.0003318152
      725.0000000000        0.0003278532
      726.0000000000        0.0003339434
      727.0000000000        0.0003336619
      728.0000000000        0.0003362301
      729.0000000000        0.0003280975
      730.0000000000        0.0003237303
      731.0000000000        0.0003251421
      732.0000000000        0.0003286857
      733.0000000000        0.0003245059
      734.0000000000        0.0003321928
      735.0000000000        0.0003295192
      736.0000000000        0.0003302144
      737.0000000000        0.0003383294
      738.0000000000        0.0003250353
      739.0000000000        0.0003252885
      740.0000000000        0.0003171798
      741.0000000000        0.0003208040
      742.0000000000        0.0003229635
      743.0000000000        0.0003200419
      744.0000000000        0.0003187514
      745.0000000000        0.0003211542
      746.0000000000        0.0003176019
      747.0000000000        0.0003144421
      748.0000000000        0.0003174188
      749.0000000000        0.0003205540
      750.0000000000        0.0003170646
      751.0000000000        0.0003062298
      752.0000000000        0.0003065132
      753.0000000000        0.0003101177
      754.0000000000        0.0003140925
      755.0000000000        0.0003031570
      756.0000000000        0.0003076995
      757.0000000000        0.0003060685
      758.0000000000        0.0003073993
      759.0000000000        0.0002901825
      760.0000000000        0.0002986636
      761.0000000000        0.0003005147
      762.0000000000        0.0003010066
      763.0000000000        0.0003041866
      764.0000000000        0.0003126269
      765.0000000000        0.0003018505
      766.0000000000        0.0003034508
      767.0000000000        0.0003103418
      768.0000000000        0.0003088213
      769.0000000000        0.0003010131
      770.0000000000        0.0002938500
      771.0000000000        0.0003013299
      772.0000000000        0.0003035473
      773.0000000000        0.0003072822
      774.0000000000        0.0002941082
      775.0000000000        0.0002899190
      776.0000000000        0.0002939242
      777.0000000000        0.0002876948
      778.0000000000        0.0002964633
      779.0000000000        0.0002896361
      780.0000000000        0.0002891572
      781.0000000000        0.0002890580
      782.0000000000        0.0002872675
      783.0000000000        0.0002927334
      784.0000000000        0.0002893043
      785.0000000000        0.0002903412
      786.0000000000        0.0002874380
      787.0000000000        0.0002815175
      788.0000000000        0.0002742225
      789.0000000000        0.0002745851
      790.0000000000        0.0002737768
      791.0000000000        0.0002770300
      792.0000000000        0.0002836775
      793.0000000000        0.0002816535
      794.0000000000        0.0002758858
      795.0000000000        0.0002762040
      796.0000000000        0.0002747901
      797.0000000000        0.0002812789
      798.0000000000        0.0002753740
      799.0000000000        0.0002787069
      800.0000000000        0.0002696839
      801.0000000000        0.0002699185
      802.0000000000        0.0002712980
      803.0000000000        0.0002711167
      804.0000000000        0.0002738200
      805.0000000000        0.0002734755
      806.0000000000        0.0002686414
      807.0000000000        0.0002661337
      808.0000000000        0.0002667513
      809.0000000000        0.0002671566
      810.0000000000        0.0002596995
      811.0000000000        0.0002541557
      812.0000000000        0.0002506165
      813.0000000000        0.0002468925
      814.0000000000        0.0002533613
      815.0000000000        0.0002591229
      816.0000000000        0.0002618053
      817.0000000000        0.0002697711
      818.0000000000        0.0002651421
      819.0000000000        0.0002625399
      820.0000000000        0.0002616927
      821.0000000000        0.0002606055
      822.0000000000        0.0002550127
      823.0000000000        0.0002577985
      824.0000000000        0.0002556140
      825.0000000000        0.0002493470
      826.0000000000        0.0002531607
      827.0000000000        0.0002529579
      828.0000000000        0.0002546818
      829.0000000000        0.0002589446
      830.0000000000        0.0002562671
      831.0000000000        0.0002528810
      832.0000000000        0.0002563813
      833.0000000000        0.0002576498
      834.0000000000        0.0002550505
      835.0000000000        0.0002498413
      836.0000000000        0.0002559898
      837.0000000000        0.0002521740
      838.0000000000        0.0002487027
      839.0000000000        0.0002485370
      840.0000000000        0.0002435471
      841.0000000000        0.0002438796
      842.0000000000        0.0002375592
      843.0000000000        0.0002389785
      844.0000000000        0.0002431695
      845.0000000000        0.0002443722
      846.0000000000        0.0002379502
      847.0000000000        0.0002372176
      848.0000000000        0.0002475061
      849.0000000000        0.0002453840
      850.0000000000        0.0002438348
      851.0000000000        0.0002486988
      852.0000000000        0.0002491260
      853.0000000000        0.0002437684
      854.0000000000        0.0002458286
      855.0000000000        0.0002454216
      856.0000000000        0.0002455221
      857.0000000000        0.0002419924
      858.0000000000        0.0002421659
      859.0000000000        0.0002382223
      860.0000000000        0.0002462912
      861.0000000000        0.0002357094
      862.0000000000        0.0002353483
      863.0000000000        0.0002318781
      864.0000000000        0.0002293397
      865.0000000000        0.0002278786
      866.0000000000        0.0002227065
      867.0000000000        0.0002235181
      868.0000000000        0.0002197825
      869.0000000000        0.0002237011
      870.0000000000        0.0002236908
      871.0000000000        0.0002205456
      872.0000000000        0.0002275233
      873.0000000000        0.0002222346
      874.0000000000        0.0002259356
      875.0000000000        0.0002241852
      876.0000000000        0.0002198101
      877.0000000000        0.0002237025
      878.0000000000        0.0002271649
      879.0000000000        0.0002182049
      880.0000000000        0.0002153695
      881.0000000000        0.0002253428
      882.0000000000        0.0002282234
      883.0000000000        0.0002283184
      884.0000000000        0.0002263301
      885.0000000000        0.0002203854
      886.0000000000        0.0002196463
      887.0000000000        0.0002170175
      888.0000000000        0.0002166073
      889.0000000000        0.0002197039
      890.0000000000        0.0002227953
      891.0000000000        0.0002230175
      892.0000000000        0.0002201975
      893.0000000000        0.0002298984
      894.0000000000        0.0002252200
      895.0000000000        0.0002259855
      896.0000000000        0.0002180857
      897.0000000000        0.0002184196
      898.0000000000        0.0002210476
      899.0000000000        0.0002197737
      900.0000000000        0.0002163831
      901.0000000000        0.0002181764
      902.0000000000        0.0002165896
      903.0000000000        0.0002172041
      904.0000000000        0.0002102059
      905.0000000000        0.0002126882
      906.0000000000        0.0002054112
      907.0000000000        0.0002037816
      908.0000000000        0.0001990563
      909.0000000000        0.0002046909
      910.0000000000        0.0002031945
      911.0000000000        0.0002052614
      912.0000000000        0.0002008755
      913.0000000000        0.0001988823
      914.0000000000        0.0002035679
      915.0000000000        0.0002011870
      916.0000000000        0.0002038746
      917.0000000000        0.0002084459
      918.0000000000        0.0002041888
      919.0000000000        0.0002071629
      920.0000000000        0.0001959811
      921.0000000000        0.0001953208
      922.0000000000        0.0001981540
      923.0000000000        0.0001956281
      924.0000000000        0.0002019307
      925.0000000000        0.0001926366
      926.0000000000        0.0001862277
      927.0000000000        0.0001872972
      928.0000000000        0.0001901474
      929.0000000000        0.0001904398
      930.0000000000        0.0001939371
      931.0000000000        0.0001909471
      932.0000000000        0.0001942594
      933.0000000000        0.0001880401
      934.0000000000        0.0001917342
      935.0000000000        0.0001899246
      936.0000000000        0.0001882656
      937.0000000000        0.0001898607
      938.0000000000        0.0001835068
      939.0000000000        0.0001904723
      940.0000000000        0.0001964885
      941.0000000000        0.0001927257
      942.0000000000        0.0001921618
      943.0000000000        0.0001920675
      944.0000000000        0.0001911943
      945.0000000000        0.0001940424
      946.0000000000        0.0001959668
      947.0000000000        0.0001902021
      948.0000000000        0.0001834254
      949.0000000000        0.0001836454
      950.0000000000        0.0001876817
      951.0000000000        0.0001905601
      952.0000000000        0.0001868941
      953.0000000000        0.0001838807
      954.0000000000        0.0001810034
      955.0000000000        0.0001759669
      956.0000000000        0.0001819966
      957.0000000000        0.0001812502
      958.0000000000        0.0001813277
      959.0000000000        0.0001840917
      960.0000000000        0.0001868279
      961.0000000000        0.0001877437
      962.0000000000        0.0001823161
      963.0000000000        0.0001843690
      964.0000000000        0.0001813983
      965.0000000000        0.0001751314
      966.0000000000        0.0001803850
      967.0000000000        0.0001782442
      968.0000000000        0.0001773040
      969.0000000000        0.0001771845
      970.0000000000        0.0001728523
      971.0000000000        0.0001718039
      972.0000000000        0.0001744417
      973.0000000000        0.0001671180
      974.0000000000        0.0001731685
      975.0000000000        0.0001774862
      976.0000000000        0.0001763805
      977.0000000000        0.0001747624
      978.0000000000        0.0001765567
      979.0000000000        0.0001819574
      980.0000000000        0.0001806691
      981.0000000000        0.0001798777
      982.0000000000        0.0001788470
      983.0000000000        0.0001722604
      984.0000000000        0.0001680241
      985.0000000000        0.0001624176
      986.0000000000        0.0001604903
      987.0000000000        0.0001655373
      988.0000000000        0.0001658571
      989.0000000000        0.0001790719
      990.0000000000        0.0001765726
      991.0000000000        0.0001706434
      992.0000000000        0.0001694018
      993.0000000000        0.0001710654
      994.0000000000        0.0001704853
      995.0000000000        0.0001701418
      996.0000000000        0.0001631330
      997.0000000000        0.0001611350
      998.0000000000        0.0001710061
      999.0000000000        0.0001726250
     1000.0000000000        0.0001702087
     1001.0000000000        0.0001676175
     1002.0000000000        0.0001669776
     1003.0000000000        0.0001673133
     1004.0000000000        0.0001669525
     1005.0000000000        0.0001631498
     1006.0000000000        0.0001659539
     1007.0000000000        0.0001637117
     1008.0000000000        0.0001665642
     1009.0000000000        0.0001677103
     1010.0000000000        0.0001650117
     1011.0000000000        0.0001643401
     1012.0000000000        0.0001657600
     1013.0000000000        0.0001678119
     1014.0000000000        0.0001752710
     1015.0000000000        0.0001657083
     1016.0000000000        0.0001669535
     1017.0000000000        0.0001676713
     1018.0000000000        0.0001636943
     1019.0000000000        0.0001665502
     1020.0000000000        0.0001723233
     1021.0000000000        0.0001674383
     1022.0000000000        0.0001612002
     1023.0000000000        0.0001654925
     1024.0000000000        0.0001662165
     1025.0000000000        0.0001619483
     1026.0000000000        0.0001505315
     1027.0000000000        0.0001560018
     1028.0000000000        0.0001629452
     1029.0000000000        0.0001521830
     1030.0000000000        0.0001522129
     1031.0000000000        0.0001589037
     1032.0000000000        0.0001668361
     1033.0000000000        0.0001541571
     1034.0000000000        0.0001529862
     1035.0000000000        0.0001592837
     1036.0000000000        0.0001507831
     1037.0000000000        0.0001496363
     1038.0000000000        0.0001530628
     1039.0000000000        0.0001548290
     1040.0000000000        0.0001603413
     1041.0000000000        0.0001509866
     1042.0000000000        0.0001535803
     1043.0000000000        0.0001580076
     1044.0000000000        0.0001574910
     1045.0000000000        0.0001544671
     1046.0000000000        0.0001559434
     1047.0000000000        0.0001557403
     1048.0000000000        0.0001535030
     1049.0000000000        0.0001469269
     1050.0000000000        0.0001503628
     1051.0000000000        0.0001531056
     1052.0000000000        0.0001529368
     1053.0000000000        0.0001567072
     1054.0000000000        0.0001450255
     1055.0000000000        0.0001442165
     1056.0000000000        0.0001431662
     1057.0000000000        0.0001394467
     1058.0000000000        0.0001456201
     1059.0000000000        0.0001449880
     1060.0000000000        0.0001485803
     1061.0000000000        0.0001545800
     1062.0000000000        0.0001564252
     1063.0000000000        0.0001525636
     1064.0000000000        0.0001573695
     1065.0000000000        0.0001451135
     1066.0000000000        0.0001368686
     1067.0000000000        0.0001424080
     1068.0000000000        0.0001454267
     1069.0000000000        0.0001457438
     1070.0000000000        0.0001460902
     1071.0000000000        0.0001469657
     1072.0000000000        0.0001531765
     1073.0000000000        0.0001430176
     1074.0000000000        0.0001412461
     1075.0000000000        0.0001383146
     1076.0000000000        0.0001339373
     1077.0000000000        0.0001382939
     1078.0000000000        0.0001410228
     1079.0000000000        0.0001437889
     1080.0000000000        0.0001468966
     1081.0000000000        0.0001430259
     1082.0000000000        0.0001517466
     1083.0000000000        0.0001469253
     1084.0000000000        0.0001523588
     1085.0000000000        0.0001507865
     1086.0000000000        0.0001450433
     1087.0000000000        0.0001386032
     1088.0000000000        0.0001423746
     1089.0000000000        0.0001447273
     1090.0000000000        0.0001356662
     1091.0000000000        0.0001312776
     1092.0000000000        0.0001416229
     1093.0000000000        0.0001313985
     1094.0000000000        0.0001342353
     1095.0000000000        0.0001303483
     1096.0000000000        0.0001286412
     1097.0000000000        0.0001353270
     1098.0000000000        0.0001319850
     1099.0000000000        0.0001290321
     1100.0000000000        0.0001271928
     1101.0000000000        0.0001192897
     1102.0000000000        0.0001221963
     1103.0000000000        0.0001246987
     1104.0000000000        0.0001250179
     1105.0000000000        0.0001356823
     1106.0000000000        0.0001316956
     1107.0000000000        0.0001220405
     1108.0000000000        0.0001223339
     1109.0000000000        0.0001250530
     1110.0000000000        0.0001245190
     1111.0000000000        0.0001205583
     1112.0000000000        0.0001143127
     1113.0000000000        0.0001149621
     1114.0000000000        0.0001158303
     1115.0000000000        0.0001226109
     1116.0000000000        0.0001276939
     1117.0000000000        0.0001266766
     1118.0000000000        0.0001224440
     1119.0000000000        0.0001222276
     1120.0000000000        0.0001241903
     1121.0000000000        0.0001138962
     1122.0000000000        0.0001210108
     1123.0000000000        0.0001163747
     1124.0000000000        0.0001157840
     1125.0000000000        0.0001243064
     1126.0000000000        0.0001212150
     1127.0000000000        0.0001189761
     1128.0000000000        0.0001207142
     1129.0000000000        0.0001176714
     1130.0000000000        0.0001205307
     1131.0000000000        0.0001219550
     1132.0000000000        0.0001171488
     1133.0000000000        0.0001186784
     1134.0000000000        0.0001091523
     1135.0000000000        0.0001114954
     1136.0000000000        0.0001027519
     1137.0000000000        0.0001065137
     1138.0000000000        0.0001040148
     1139.0000000000        0.0001024536
     1140.0000000000        0.0001038534
     1141.0000000000        0.0001026615
     1142.0000000000        0.0001061790
     1143.0000000000        0.0001114637
     1144.0000000000        0.0001083564
     1145.0000000000        0.0001112951
     1146.0000000000        0.0001038039
     1147.0000000000        0.0001065244
     1148.0000000000        0.0001034554
     1149.0000000000        0.0001084676
     1150.0000000000        0.0001036059
     1151.0000000000        0.0001016774
     1152.0000000000        0.0001084965
     1153.0000000000        0.0001079452
     1154.0000000000        0.0001153477
     1155.0000000000        0.0001107016
     1156.0000000000        0.0001099213
     1157.0000000000        0.0001029313
     1158.0000000000        0.0001034144
     1159.0000000000        0.0001009432
     1160.0000000000        0.0001009149
     1161.0000000000        0.0001035584
     1162.0000000000        0.0001035521
     1163.0000000000        0.0001027604
     1164.0000000000        0.0001117143
     1165.0000000000        0.0001114194
     1166.0000000000        0.0001105236
     1167.0000000000        0.0001094000
     1168.0000000000        0.0001005097
     1169.0000000000        0.0001093180
     1170.0000000000        0.0001030898
     1171.0000000000        0.0001067483
     1172.0000000000        0.0001052911
     1173.0000000000        0.0001002289
     1174.0000000000        0.0001021368
     1175.0000000000        0.0001045956
     1176.0000000000        0.0001079676
     1177.0000000000        0.0001029643
     1178.0000000000        0.0001040462
     1179.0000000000        0.0001057331
     1180.0000000000        0.0001005957
     1181.0000000000        0.0001067087
     1182.0000000000        0.0001029291
     1183.0000000000        0.0001040652
     1184.0000000000        0.0001055927
     1185.0000000000        0.0001016755
     1186.0000000000        0.0001033612
     1187.0000000000        0.0001014273
     1188.0000000000        0.0000974125
     1189.0000000000        0.0000916950
     1190.0000000000        0.0000926003
     1191.0000000000        0.0000962245
     1192.0000000000        0.0000946349
     1193.0000000000        0.0000954074
     1194.0000000000        0.0000967354
     1195.0000000000        0.0001013557
     1196.0000000000        0.0001017019
     1197.0000000000        0.0000947309
     1198.0000000000        0.0000995355
     1199.0000000000        0.0001029364
     1200.0000000000        0.0000992924
     1201.0000000000        0.0000996824
     1202.0000000000        0.0001027905
     1203.0000000000        0.0001059756
     1204.0000000000        0.0001061879
     1205.0000000000        0.0001028543
     1206.0000000000        0.0000966204
     1207.0000000000        0.0000870389
     1208.0000000000        0.0000957550
     1209.0000000000        0.0000934666
     1210.0000000000        0.0000926557
     1211.0000000000        0.0000933503
     1212.0000000000        0.0000948602
     1213.0000000000        0.0000884691
     1214.0000000000        0.0000858299
     1215.0000000000        0.0000923584
     1216.0000000000        0.0000874286
     1217.0000000000        0.0000927033
     1218.0000000000        0.0000867391
     1219.0000000000        0.0000903106
     1220.0000000000        0.0000865086
     1221.0000000000        0.0000882225
     1222.0000000000        0.0000910361
     1223.0000000000        0.0000903795
     1224.0000000000        0.0000945359
     1225.0000000000        0.0000889971
     1226.0000000000        0.0000935442
     1227.0000000000        0.0000917623
     1228.0000000000        0.0000909596
     1229.0000000000        0.0000901414
     1230.0000000000        0.0000936202
     1231.0000000000        0.0000946682
     1232.0000000000        0.0000950882
     1233.0000000000        0.0000946508
     1234.0000000000        0.0001007550
     1235.0000000000        0.0000976027
     1236.0000000000        0.0001018934
     1237.0000000000        0.0000980583
     1238.0000000000        0.0000953034
     1239.0000000000        0.0000953695
     1240.0000000000        0.0000916177
     1241.0000000000        0.0000958356
     1242.0000000000        0.0000902559
     1243.0000000000        0.0000811020
     1244.0000000000        0.0000886183
     1245.0000000000        0.0000871279
     1246.0000000000        0.0000939157
     1247.0000000000        0.0000842556
     1248.0000000000        0.0000919418
     1249.0000000000        0.0000921608
     1250.0000000000        0.0000887560
     1251.0000000000        0.0000947395
     1252.0000000000        0.0000941735
     1253.0000000000        0.0000911669
     1254.0000000000        0.0000874093
     1255.0000000000        0.0000905323
     1256.0000000000        0.0000882759
     1257.0000000000        0.0000962777
     1258.0000000000        0.0000911951
     1259.0000000000        0.0000914084
     1260.0000000000        0.0000886394
     1261.0000000000        0.0000840028
     1262.0000000000        0.0000842335
     1263.0000000000        0.0000850015
     1264.0000000000        0.0000893806
     1265.0000000000        0.0000845451
     1266.0000000000        0.0000887499
     1267.0000000000        0.0000857529
     1268.0000000000        0.0000784998
     1269.0000000000        0.0000864037
     1270.0000000000        0.0000846147
     1271.0000000000        0.0000851402
     1272.0000000000        0.0000834346
     1273.0000000000        0.0000874932
     1274.0000000000        0.0000946370
     1275.0000000000        0.0000931159
     1276.0000000000        0.0000861515
     1277.0000000000        0.0000835328
     1278.0000000000        0.0000805477
     1279.0000000000        0.0000846138
     1280.0000000000        0.0000793495
     1281.0000000000        0.0000845270
     1282.0000000000        0.0000895116
     1283.0000000000        0.0000811336
     1284.0000000000        0.0000788191
     1285.0000000000        0.0000799815
     1286.0000000000        0.0000829413
     1287.0000000000        0.0000853028
     1288.0000000000        0.0000872064
     1289.0000000000        0.0000811863
     1290.0000000000        0.0000746261
     1291.0000000000        0.0000762096
     1292.0000000000        0.0000763345
     1293.0000000000        0.0000739734
     1294.0000000000        0.0000764606
     1295.0000000000        0.0000723427
     1296.0000000000        0.0000684639
     1297.0000000000        0.0000671614
     1298.0000000000        0.0000691567
     1299.0000000000        0.0000732634
     1300.0000000000        0.0000705503
     1301.0000000000        0.0000732672
     1302.0000000000        0.0000832813
     1303.0000000000        0.0000744236
     1304.0000000000        0.0000766635
     1305.0000000000        0.0000797420
     1306.0000000000        0.0000811863
     1307.0000000000        0.0000819157
     1308.0000000000        0.0000744295
     1309.0000000000        0.0000701241
     1310.0000000000        0.0000647962
     1311.0000000000        0.0000709499
     1312.0000000000        0.0000690844
     1313.0000000000        0.0000677554
     1314.0000000000        0.0000691082
     1315.0000000000        0.0000642644
     1316.0000000000        0.0000543244
     1317.0000000000        0.0000635786
     1318.0000000000        0.0000651282
     1319.0000000000        0.0000640815
     1320.0000000000        0.0000684163
     1321.0000000000        0.0000760196
     1322.0000000000        0.0000710421
     1323.0000000000        0.0000760436
     1324.0000000000        0.0000703063
     1325.0000000000        0.0000713564
     1326.0000000000        0.0000719514
     1327.0000000000        0.0000697796
     1328.0000000000        0.0000758121
     1329.0000000000        0.0000732628
     1330.0000000000        0.0000754374
     1331.0000000000        0.0000769260
     1332.0000000000        0.0000742883
     1333.0000000000        0.0000687034
     1334.0000000000        0.0000759899
     1335.0000000000        0.0000636768
     1336.0000000000        0.0000691695
     1337.0000000000        0.0000701331
     1338.0000000000        0.0000680448
     1339.0000000000        0.0000623100
     1340.0000000000        0.0000634443
     1341.0000000000        0.0000616946
     1342.0000000000        0.0000623416
     1343.0000000000        0.0000596189
     1344.0000000000        0.0000660372
     1345.0000000000        0.0000679773
     1346.0000000000        0.0000574756
     1347.0000000000        0.0000624774
     1348.0000000000        0.0000593195
     1349.0000000000        0.0000640040
     1350.0000000000        0.0000652802
     1351.0000000000        0.0000568599
     1352.0000000000        0.0000508999
     1353.0000000000        0.0000536529
     1354.0000000000        0.0000547424
     1355.0000000000        0.0000586576
     1356.0000000000        0.0000606317
     1357.0000000000        0.0000652975
     1358.0000000000        0.0000641041
     1359.0000000000        0.0000570027
     1360.0000000000        0.0000583530
     1361.0000000000        0.0000608445
     1362.0000000000        0.0000595619
     1363.0000000000        0.0000576841
     1364.0000000000        0.0000646806
     1365.0000000000        0.0000633979
     1366.0000000000        0.0000672651
     1367.0000000000        0.0000622644
     1368.0000000000        0.0000717611
     1369.0000000000        0.0000672531
     1370.0000000000        0.0000707266
     1371.0000000000        0.0000711717
     1372.0000000000        0.0000765763
     1373.0000000000        0.0000704641
     1374.0000000000        0.0000659463
     1375.0000000000        0.0000685695
     1376.0000000000        0.0000693727
     1377.0000000000        0.0000540859
     1378.0000000000        0.0000524500
     1379.0000000000        0.0000580307
     1380.0000000000        0.0000596592
     1381.0000000000        0.0000556529
     1382.0000000000        0.0000600868
     1383.0000000000        0.0000571333
     1384.0000000000        0.0000560984
     1385.0000000000        0.0000614884
     1386.0000000000        0.0000576712
     1387.0000000000        0.0000562194
     1388.0000000000        0.0000580342
     1389.0000000000        0.0000491558
     1390.0000000000        0.0000548037
     1391.0000000000        0.0000447822
     1392.0000000000        0.0000415565
     1393.0000000000        0.0000458713
     1394.0000000000        0.0000411152
     1395.0000000000        0.0000493999
     1396.0000000000        0.0000506516
     1397.0000000000        0.0000471823
     1398.0000000000        0.0000482240
     1399.0000000000        0.0000473906
     1400.0000000000        0.0000516299
     1401.0000000000        0.0000431846
     1402.0000000000        0.0000463463
     1403.0000000000        0.0000519837
     1404.0000000000        0.0000424819
     1405.0000000000        0.0000446480
     1406.0000000000        0.0000495495
     1407.0000000000        0.0000530264
     1408.0000000000        0.0000592535
     1409.0000000000        0.0000531391
     1410.0000000000        0.0000537882
     1411.0000000000        0.0000456191
     1412.0000000000        0.0000564647
     1413.0000000000        0.0000533569
     1414.0000000000        0.0000486914
     1415.0000000000        0.0000476834
     1416.0000000000        0.0000446122
     1417.0000000000        0.0000380877
     1418.0000000000        0.0000320975
     1419.0000000000        0.0000369770
     1420.0000000000        0.0000411618
     1421.0000000000        0.0000496189
     1422.0000000000        0.0000496933
     1423.0000000000        0.0000440163
     1424.0000000000        0.0000470313
     1425.0000000000        0.0000439100
     1426.0000000000        0.0000407432
     1427.0000000000        0.0000393619
     1428.0000000000        0.0000384941
     1429.0000000000        0.0000411061
     1430.0000000000        0.0000415121
     1431.0000000000        0.0000402502
     1432.0000000000        0.0000393626
     1433.0000000000        0.0000412423
     1434.0000000000        0.0000466395
     1435.0000000000        0.0000506842
     1436.0000000000        0.0000439512
     1437.0000000000        0.0000369382
     1438.0000000000        0.0000381186
     1439.0000000000        0.0000436703
     1440.0000000000        0.0000419623
     1441.0000000000        0.0000370473
     1442.0000000000        0.0000370724
     1443.0000000000        0.0000401613
     1444.0000000000        0.0000382995
     1445.0000000000        0.0000418654
     1446.0000000000        0.0000358679
     1447.0000000000        0.0000318464
     1448.0000000000        0.0000259974
     1449.0000000000        0.0000348906
     1450.0000000000        0.0000339909
     1451.0000000000        0.0000419917
     1452.0000000000        0.0000410633
     1453.0000000000        0.0000383437
     1454.0000000000        0.0000374853
     1455.0000000000        0.0000403925
     1456.0000000000        0.0000399848
     1457.0000000000        0.0000322274
     1458.0000000000        0.0000392964
     1459.0000000000        0.0000361163
     1460.0000000000        0.0000424924
     1461.0000000000        0.0000435601
     1462.0000000000        0.0000460269
     1463.0000000000        0.0000466037
     1464.0000000000        0.0000488789
     1465.0000000000        0.0000419177
     1466.0000000000        0.0000423593
     1467.0000000000        0.0000391332
     1468.0000000000        0.0000361239
     1469.0000000000        0.0000353110
     1470.0000000000        0.0000357797
     1471.0000000000        0.0000343220
     1472.0000000000        0.0000330211
     1473.0000000000        0.0000341570
     1474.0000000000        0.0000394304
     1475.0000000000        0.0000356665
     1476.0000000000        0.0000373701
     1477.0000000000        0.0000360662
     1478.0000000000        0.0000338229
     1479.0000000000        0.0000271692
     1480.0000000000        0.0000306176
     1481.0000000000        0.0000238940
     1482.0000000000        0.0000258827
     1483.0000000000        0.0000243307
     1484.0000000000        0.0000278479
     1485.0000000000        0.0000233886
     1486.0000000000        0.0000309742
     1487.0000000000        0.0000327718
     1488.0000000000        0.0000328760
     1489.0000000000        0.0000369274
     1490.0000000000        0.0000385320
     1491.0000000000        0.0000376367
     1492.0000000000        0.0000444914
     1493.0000000000        0.0000374586
     1494.0000000000        0.0000290289
     1495.0000000000        0.0000356567
     1496.0000000000        0.0000410624
     1497.0000000000        0.0000460987
     1498.0000000000        0.0000510138
     1499.0000000000        0.0000467821
     1500.0000000000        0.0000429686
     1501.0000000000        0.0000383358
     1502.0000000000        0.0000361358
     1503.0000000000        0.0000312224
     1504.0000000000        0.0000329995
     1505.0000000000        0.0000355240
     1506.0000000000        0.0000400015
     1507.0000000000        0.0000418448
     1508.0000000000        0.0000352139
     1509.0000000000        0.0000366003
     1510.0000000000        0.0000324715
     1511.0000000000        0.0000373998
     1512.0000000000        0.0000350102
     1513.0000000000        0.0000421337
     1514.0000000000        0.0000455203
     1515.0000000000        0.0000447184
     1516.0000000000        0.0000464167
     1517.0000000000        0.0000419861
     1518.0000000000        0.0000344770
     1519.0000000000        0.0000339770
     1520.0000000000        0.0000347766
     1521.0000000000        0.0000455347
     1522.0000000000        0.0000454282
     1523.0000000000        0.0000416765
     1524.0000000000        0.0000386292
     1525.0000000000        0.0000431038
     1526.0000000000        0.0000398471
     1527.0000000000        0.0000389379
     1528.0000000000        0.0000420553
     1529.0000000000        0.0000443179
     1530.0000000000        0.0000486523
     1531.0000000000        0.0000399873
     1532.0000000000        0.0000424456
     1533.0000000000        0.0000424862
     1534.0000000000        0.0000411450
     1535.0000000000        0.0000412712
     1536.0000000000        0.0000360720
     1537.0000000000        0.0000428384
     1538.0000000000        0.0000398182
     1539.0000000000        0.0000403115
     1540.0000000000        0.0000347078
     1541.0000000000        0.0000343543
     1542.0000000000        0.0000372194
     1543.0000000000        0.0000374240
     1544.0000000000        0.0000387408
     1545.0000000000        0.0000351943
     1546.0000000000        0.0000269697
     1547.0000000000        0.0000334981
     1548.0000000000        0.0000431013
     1549.0000000000        0.0000369459
     1550.0000000000        0.0000264196
     1551.0000000000        0.0000333193
     1552.0000000000        0.0000369105
     1553.0000000000        0.0000357130
     1554.0000000000        0.0000456763
     1555.0000000000        0.0000405257
     1556.0000000000        0.0000501896
     1557.0000000000        0.0000423056
     1558.0000000000        0.0000401383
     1559.0000000000        0.0000453605
     1560.0000000000        0.0000424198
     1561.0000000000        0.0000348571
     1562.0000000000        0.0000356047
     1563.0000000000        0.0000269311
     1564.0000000000        0.0000307510
     1565.0000000000        0.0000299116
     1566.0000000000        0.0000340471
     1567.0000000000        0.0000382142
     1568.0000000000        0.0000315213
     1569.0000000000        0.0000261964
     1570.0000000000        0.0000282560
     1571.0000000000        0.0000258730
     1572.0000000000        0.0000276524
     1573.0000000000        0.0000297157
     1574.0000000000        0.0000289780
     1575.0000000000        0.0000309078
     1576.0000000000        0.0000210069
     1577.0000000000        0.0000261742
     1578.0000000000        0.0000277405
     1579.0000000000        0.0000277432
     1580.0000000000        0.0000275951
     1581.0000000000        0.0000257620
     1582.0000000000        0.0000206480
     1583.0000000000        0.0000216726
     1584.0000000000        0.0000273133
     1585.0000000000        0.0000137207
     1586.0000000000        0.0000243960
     1587.0000000000        0.0000093533
     1588.0000000000        0.0000097172
     1589.0000000000        0.0000071151
     1590.0000000000        0.0000106604
     1591.0000000000        0.0000063681
     1592.0000000000        0.0000070204
     1593.0000000000        0.0000117829
     1594.0000000000        0.0000112702
     1595.0000000000        0.0000120278
     1596.0000000000        0.0000195048
     1597.0000000000        0.0000162042
     1598.0000000000        0.0000162907
     1599.0000000000        0.0000208444
     1600.0000000000        0.0000247251
     1601.0000000000        0.0000329561
     1602.0000000000        0.0000334056
     1603.0000000000        0.0000269448
     1604.0000000000        0.0000284965
     1605.0000000000        0.0000239818
     1606.0000000000        0.0000170197
     1607.0000000000        0.0000204662
     1608.0000000000        0.0000219412
     1609.0000000000        0.0000164524
     1610.0000000000        0.0000180256
     1611.0000000000        0.0000231037
     1612.0000000000        0.0000194041
     1613.0000000000        0.0000239291
     1614.0000000000        0.0000159382
     1615.0000000000        0.0000123035
     1616.0000000000        0.0000151346
     1617.0000000000        0.0000210610
     1618.0000000000        0.0000178163
     1619.0000000000        0.0000083415
     1620.0000000000        0.0000121057
     1621.0000000000        0.0000076818
     1622.0000000000        0.0000129593
     1623.0000000000        0.0000121057
     1624.0000000000        0.0000169983
     1625.0000000000        0.0000163858
     1626.0000000000        0.0000057623
     1627.0000000000        0.0000093925
     1628.0000000000        0.0000112810
     1629.0000000000        0.0000117776
     1630.0000000000        0.0000093156
     1631.0000000000        0.0000155452
     1632.0000000000        0.0000206354
     1633.0000000000        0.0000231454
     1634.0000000000        0.0000192159
     1635.0000000000        0.0000230659
     1636.0000000000        0.0000287215
     1637.0000000000        0.0000279456
     1638.0000000000        0.0000303669
     1639.0000000000        0.0000253745
     1640.0000000000        0.0000276902
     1641.0000000000        0.0000242480
     1642.0000000000        0.0000238557
     1643.0000000000        0.0000150274
     1644.0000000000        0.0000244949
     1645.0000000000        0.0000179573
     1646.0000000000        0.0000130766
     1647.0000000000        0.0000123504
     1648.0000000000        0.0000149599
     1649.0000000000        0.0000200448
     1650.0000000000        0.0000253101
     1651.0000000000        0.0000232920
     1652.0000000000        0.0000261073
     1653.0000000000        0.0000257230
     1654.0000000000        0.0000233160
     1655.0000000000        0.0000212729
     1656.0000000000        0.0000275778
     1657.0000000000        0.0000294088
     1658.0000000000        0.0000311267
     1659.0000000000        0.0000299969
     1660.0000000000        0.0000260391
     1661.0000000000        0.0000238160
     1662.0000000000        0.0000204015
     1663.0000000000        0.0000158261
     1664.0000000000        0.0000159153
     1665.0000000000        0.0000086896
     1666.0000000000        0.0000093511
     1667.0000000000        0.0000139321
     1668.0000000000        0.0000170238
     1669.0000000000        0.0000086280
     1670.0000000000        0.0000142611
     1671.0000000000        0.0000125024
     1672.0000000000        0.0000175335
     1673.0000000000        0.0000156328
     1674.0000000000        0.0000170280
     1675.0000000000        0.0000196103
     1676.0000000000        0.0000196610
     1677.0000000000        0.0000108699
     1678.0000000000        0.0000139861
     1679.0000000000        0.0000137629
     1680.0000000000        0.0000104122
     1681.0000000000        0.0000104303
     1682.0000000000        0.0000009846
     1683.0000000000        0.0000043256
     1684.0000000000        0.0000130065
     1685.0000000000        0.0000093195
     1686.0000000000        0.0000139687
     1687.0000000000        0.0000155052
     1688.0000000000        0.0000117531
     1689.0000000000        0.0000148261
     1690.0000000000        0.0000035845
     1691.0000000000        0.0000015279
     1692.0000000000        0.0000047153
     1693.0000000000        0.0000110056
     1694.0000000000        0.0000092537
     1695.0000000000        0.0000092082
     1696.0000000000        0.0000072600
     1697.0000000000        0.0000160995
     1698.0000000000        0.0000173692
     1699.0000000000        0.0000215896
     1700.0000000000        0.0000216549
     1701.0000000000        0.0000187570
     1702.0000000000        0.0000191442
     1703.0000000000        0.0000144902
     1704.0000000000        0.0000159594
     1705.0000000000        0.0000195753
     1706.0000000000        0.0000292844
     1707.0000000000        0.0000349179
     1708.0000000000        0.0000282040
     1709.0000000000        0.0000201517
     1710.0000000000        0.0000083476
     1711.0000000000        0.0000091637
     1712.0000000000        0.0000150689
     1713.0000000000        0.0000183269
     1714.0000000000        0.0000186716
     1715.0000000000        0.0000181521
     1716.0000000000        0.0000147762
     1717.0000000000        0.0000113485
     1718.0000000000        0.0000160586
     1719.0000000000        0.0000077638
     1720.0000000000        0.0000055474
     1721.0000000000        0.0000058420
     1722.0000000000        0.0000073556
     1723.0000000000        0.0000052996
     1724.0000000000        0.0000056568
     1725.0000000000        0.0000084710
     1726.0000000000        0.0000048681
     1727.0000000000        0.0000014482
     1728.0000000000        0.0000045824
     1729.0000000000        0.0000054743
     1730.0000000000        0.0000068918
     1731.0000000000        0.0000055647
     1732.0000000000        0.0000131378
     1733.0000000000        0.0000044112
     1734.0000000000        0.0000049327
     1735.0000000000        0.0000109936
     1736.0000000000        0.0000060000
     1737.0000000000        0.0000109732
     1738.0000000000        0.0000101403
     1739.0000000000        0.0000159070
     1740.0000000000        0.0000187077
     1741.0000000000        0.0000208827
     1742.0000000000        0.0000158177
     1743.0000000000        0.0000115743
     1744.0000000000        0.0000133469
     1745.0000000000        0.0000127751
     1746.0000000000        0.0000209806
     1747.0000000000        0.0000205096
     1748.0000000000        0.0000218011
     1749.0000000000        0.0000214566
     1750.0000000000        0.0000231122
     1751.0000000000        0.0000151669
     1752.0000000000        0.0000167700
     1753.0000000000        0.0000198287
     1754.0000000000        0.0000206200
     1755.0000000000        0.0000245398
     1756.0000000000        0.0000255259
     1757.0000000000        0.0000297632
     1758.0000000000        0.0000272216
     1759.0000000000        0.0000205818
     1760.0000000000        0.0000265876
     1761.0000000000        0.0000236956
     1762.0000000000        0.0000296692
     1763.0000000000        0.0000225722
     1764.0000000000        0.0000161328
     1765.0000000000        0.0000152505
     1766.0000000000        0.0000169027
     1767.0000000000        0.0000144106
     1768.0000000000        0.0000172317
     1769.0000000000        0.0000153371
     1770.0000000000        0.0000129757
     1771.0000000000        0.0000148449
     1772.0000000000        0.0000104442
     1773.0000000000        0.0000181318
     1774.0000000000        0.0000160063
     1775.0000000000        0.0000152969
     1776.0000000000        0.0000107955
     1777.0000000000        0.0000078091
     1778.0000000000        0.0000066313
     1779.0000000000        0.0000119277
     1780.0000000000        0.0000236429
     1781.0000000000        0.0000205328
     1782.0000000000        0.0000190058
     1783.0000000000        0.0000156729
     1784.0000000000        0.0000125409
     1785.0000000000        0.0000123946
     1786.0000000000        0.0000066829
     1787.0000000000        0.0000208607
     1788.0000000000        0.0000155502
     1789.0000000000        0.0000031278
     1790.0000000000        0.0000045884
     1791.0000000000       -0.0000006414
     1792.0000000000       -0.0000016925
     1793.0000000000       -0.0000043342
     1794.0000000000       -0.0000085537
     1795.0000000000       -0.0000032267
     1796.0000000000       -0.0000031559
     1797.0000000000       -0.0000075784
     1798.0000000000       -0.0000044630
     1799.0000000000        0.0000010055
     1800.0000000000        0.0000003573
     1801.0000000000        0.0000004264
     1802.0000000000       -0.0000001115
     1803.0000000000       -0.0000045361
     1804.0000000000       -0.0000043792
     1805.0000000000       -0.0000069089
     1806.0000000000       -0.0000025808
     1807.0000000000        0.0000005704
     1808.0000000000        0.0000005059
     1809.0000000000        0.0000058996
     1810.0000000000        0.0000068119
     1811.0000000000        0.0000038079
     1812.0000000000       -0.0000025891
     1813.0000000000        0.0000036781
     1814.0000000000        0.0000003036
     1815.0000000000        0.0000024928
     1816.0000000000       -0.0000048583
     1817.0000000000       -0.0000039590
     1818.0000000000        0.0000000241
     1819.0000000000        0.0000005403
     1820.0000000000        0.0000064852
     1821.0000000000        0.0000057399
     1822.0000000000        0.0000036531
     1823.0000000000        0.0000039547
     1824.0000000000        0.0000087044
     1825.0000000000        0.0000070897
     1826.0000000000        0.0000018422
     1827.0000000000       -0.0000008442
     1828.0000000000        0.0000013857
     1829.0000000000        0.0000000347
     1830.0000000000        0.0000053254
     1831.0000000000        0.0000021813
     1832.0000000000        0.0000023608
     1833.0000000000       -0.0000025662
     1834.0000000000        0.0000064124
     1835.0000000000        0.0000003713
     1836.0000000000        0.0000020322
     1837.0000000000        0.0000024180
     1838.0000000000        0.0000059674
     1839.0000000000        0.0000075038
     1840.0000000000        0.0000071540
     1841.0000000000        0.0000048696
     1842.0000000000        0.0000004538
     1843.0000000000        0.0000060341
     1844.0000000000        0.0000057534
     1845.0000000000        0.0000128814
     1846.0000000000        0.0000159036
     1847.0000000000        0.0000109459
     1848.0000000000        0.0000113530
     1849.0000000000        0.0000072572
     1850.0000000000        0.0000081717
     1851.0000000000        0.0000101704
     1852.0000000000        0.0000047089
     1853.0000000000        0.0000032204
     1854.0000000000        0.0000039016
     1855.0000000000        0.0000019284
     1856.0000000000        0.0000004790
     1857.0000000000       -0.0000040434
     1858.0000000000        0.0000047308
     1859.0000000000        0.0000027198
     1860.0000000000       -0.0000001754
     1861.0000000000       -0.0000021376
     1862.0000000000       -0.0000006356
     1863.0000000000        0.0000026637
     1864.0000000000        0.0000005043
     1865.0000000000        0.0000060995
     1866.0000000000        0.0000092492
     1867.0000000000       -0.0000012821
     1868.0000000000        0.0000027057
     1869.0000000000        0.0000056107
     1870.0000000000        0.0000031715
     1871.0000000000        0.0000086907
     1872.0000000000        0.0000083747
     1873.0000000000        0.0000097714
     1874.0000000000        0.0000069501
     1875.0000000000        0.0000080922
     1876.0000000000        0.0000074426
     1877.0000000000        0.0000092735
     1878.0000000000        0.0000044058
     1879.0000000000        0.0000062484
     1880.0000000000        0.0000118969
     1881.0000000000        0.0000095918
     1882.0000000000        0.0000000986
     1883.0000000000        0.0000030274
     1884.0000000000       -0.0000014179
     1885.0000000000       -0.0000049109
     1886.0000000000       -0.0000004357
     1887.0000000000       -0.0000073683
     1888.0000000000       -0.0000052819
     1889.0000000000        0.0000054938
     1890.0000000000        0.0000083095
     1891.0000000000        0.0000036597
     1892.0000000000        0.0000025765
     1893.0000000000       -0.0000034521
     1894.0000000000        0.0000045753
     1895.0000000000       -0.0000011212
     1896.0000000000        0.0000029716
     1897.0000000000        0.0000078061
     1898.0000000000        0.0000043993
     1899.0000000000       -0.0000002079
     1900.0000000000        0.0000077062
     1901.0000000000        0.0000124552
     1902.0000000000        0.0000174504
     1903.0000000000        0.0000143815
     1904.0000000000        0.0000102928
     1905.0000000000        0.0000086288
     1906.0000000000        0.0000068019
     1907.0000000000        0.0000085206
     1908.0000000000        0.0000063639
     1909.0000000000        0.0000093529
     1910.0000000000        0.0000129862
     1911.0000000000        0.0000121831
     1912.0000000000        0.0000162204
     1913.0000000000        0.0000157517
     1914.0000000000        0.0000067341
     1915.0000000000        0.0000090380
     1916.0000000000        0.0000085476
     1917.0000000000        0.0000086442
     1918.0000000000       -0.0000000219
     1919.0000000000       -0.0000061347
     1920.0000000000       -0.0000143079
     1921.0000000000       -0.0000044082
     1922.0000000000       -0.0000086771
     1923.0000000000       -0.0000025089
     1924.0000000000        0.0000007618
     1925.0000000000        0.0000017876
     1926.0000000000       -0.0000014376
     1927.0000000000        0.0000014870
     1928.0000000000       -0.0000012626
     1929.0000000000        0.0000070489
     1930.0000000000        0.0000097845
     1931.0000000000        0.0000060717
     1932.0000000000        0.0000051154
     1933.0000000000        0.0000005224
     1934.0000000000        0.0000018845
     1935.0000000000        0.0000120454
     1936.0000000000        0.0000129706
     1937.0000000000        0.0000113188
     1938.0000000000        0.0000074423
     1939.0000000000        0.0000098429
     1940.0000000000        0.0000047179
     1941.0000000000        0.0000017425
     1942.0000000000        0.0000021132
     1943.0000000000        0.0000019998
     1944.0000000000       -0.0000021232
     1945.0000000000       -0.0000024448
     1946.0000000000       -0.0000053719
     1947.0000000000       -0.0000027124
     1948.0000000000        0.0000092894
     1949.0000000000        0.0000078798
     1950.0000000000        0.0000109653
     1951.0000000000        0.0000140425
     1952.0000000000        0.0000196326
     1953.0000000000        0.0000077863
     1954.0000000000        0.0000069125
     1955.0000000000        0.0000047013
     1956.0000000000        0.0000096906
     1957.0000000000        0.0000015495
     1958.0000000000        0.0000022411
     1959.0000000000        0.0000101865
     1960.0000000000        0.0000057186
     1961.0000000000        0.0000097761
     1962.0000000000        0.0000148183
     1963.0000000000        0.0000116350
     1964.0000000000        0.0000104395
     1965.0000000000        0.0000142523
     1966.0000000000        0.0000072598
     1967.0000000000        0.0000042779
     1968.0000000000        0.0000099125
     1969.0000000000        0.0000122024
     1970.0000000000        0.0000091962
     1971.0000000000        0.0000084365
     1972.0000000000        0.0000004889
     1973.0000000000       -0.0000038092
     1974.0000000000       -0.0000063895
     1975.0000000000        0.0000007582
     1976.0000000000       -0.0000004001
     1977.0000000000       -0.0000005823
     1978.0000000000        0.0000007983
     1979.0000000000        0.0000027556
     1980.0000000000        0.0000056037
     1981.0000000000        0.0000061491
     1982.0000000000        0.0000103551
     1983.0000000000        0.0000147883
     1984.0000000000        0.0000114456
     1985.0000000000        0.0000083651
     1986.0000000000        0.0000126532
     1987.0000000000        0.0000145178
     1988.0000000000        0.0000159105
     1989.0000000000        0.0000152064
     1990.0000000000        0.0000139063
     1991.0000000000        0.0000023704
     1992.0000000000       -0.0000004940
     1993.0000000000        0.0000060344
     1994.0000000000        0.0000101090
     1995.0000000000        0.0000049502
     1996.0000000000        0.0000056208
     1997.0000000000        0.0000037823
     1998.0000000000        0.0000083002
     1999.0000000000        0.0000167524
     2000.0000000000        0.0000176262
     2001.0000000000        0.0000086652
     2002.0000000000        0.0000043226
     2003.0000000000        0.0000065721
     2004.0000000000        0.0000080558
     2005.0000000000        0.0000073804
     2006.0000000000        0.0000112243
     2007.0000000000        0.0000099053
     2008.0000000000        0.0000134182
     2009.0000000000        0.0000185489
     2010.0000000000        0.0000125930
     2011.0000000000        0.0000193542
     2012.0000000000        0.0000134419
     2013.0000000000        0.0000087314
     2014.0000000000        0.0000114366
     2015.0000000000        0.0000047617
     2016.0000000000        0.0000008387
     2017.0000000000       -0.0000062424
     2018.0000000000       -0.0000004226
     2019.0000000000        0.0000035340
     2020.0000000000        0.0000033500
     2021.0000000000       -0.0000009660
     2022.0000000000       -0.0000033433
     2023.0000000000       -0.0000015506
     2024.0000000000        0.0000004412
     2025.0000000000        0.0000033299
     2026.0000000000        0.0000065609
     2027.0000000000        0.0000122245
     2028.0000000000        0.0000145458
     2029.0000000000        0.0000125878
     2030.0000000000        0.0000154913
     2031.0000000000        0.0000131140
     2032.0000000000        0.0000142865
     2033.0000000000        0.0000097475
     2034.0000000000        0.0000148791
     2035.0000000000        0.0000188652
     2036.0000000000        0.0000176838
     2037.0000000000        0.0000112092
     2038.0000000000        0.0000108449
     2039.0000000000        0.0000065177
     2040.0000000000        0.0000112550
     2041.0000000000        0.0000042362
     2042.0000000000        0.0000045615
     2043.0000000000        0.0000055696
     2044.0000000000        0.0000017914
     2045.0000000000       -0.0000058202
     2046.0000000000        0.0000004979
     2047.0000000000       -0.0000002935
     2048.0000000000        0.0000022394
