        0.0000000000        0.2037232330
        1.0000000000        0.1811268975
        2.0000000000        0.1702104468
        3.0000000000        0.1623695328
        4.0000000000        0.1559278646
        5.0000000000        0.1504009721
        6.0000000000        0.1454982788
        7.0000000000        0.1410267998
        8.0000000000        0.1369478977
        9.0000000000        0.1332572733
       10.0000000000        0.1297409512
       11.0000000000        0.1264490581
       12.0000000000        0.1234009637
       13.0000000000        0.1205250107
       14.0000000000        0.1178424261
       15.0000000000        0.1152680173
       16.0000000000        0.1127663393
       17.0000000000        0.1104492143
       18.0000000000        0.1081934329
       19.0000000000        0.1060423889
       20.0000000000        0.1040687928
       21.0000000000        0.1021220440
       22.0000000000        0.1002872644
       23.0000000000        0.0985477785
       24.0000000000        0.0968674285
       25.0000000000        0.0952481202
       26.0000000000        0.0937846579
       27.0000000000        0.0923118524
       28.0000000000        0.0908783844
       29.0000000000        0.0895357335
       30.0000000000        0.0882240287
       31.0000000000        0.0869483458
       32.0000000000        0.0857144450
       33.0000000000        0.0844768206
       34.0000000000        0.0833155332
       35.0000000000        0.0822086973
       36.0000000000        0.0811084364
       37.0000000000        0.0800227112
       38.0000000000        0.0789927342
       39.0000000000        0.0780911445
       40.0000000000        0.0771669298
       41.0000000000        0.0762343276
       42.0000000000        0.0753599240
       43.0000000000        0.0745090825
       44.0000000000        0.0736193594
       45.0000000000        0.0728269625
       46.0000000000        0.0719625059
       47.0000000000        0.0711675198
       48.0000000000        0.0704088468
       49.0000000000        0.0696232886
       50.0000000000        0.0688630540
       51.0000000000        0.0680895042
       52.0000000000        0.0673552859
       53.0000000000        0.0666378874
       54.0000000000        0.0659331586
       55.0000000000        0.0653127054
       56.0000000000        0.0646228144
       57.0000000000        0.0640352066
       58.0000000000        0.0633436040
       59.0000000000        0.0626422465
       60.0000000000        0.0620373703
       61.0000000000        0.0614299408
       62.0000000000        0.0608431891
       63.0000000000        0.0602746918
       64.0000000000        0.0597036541
       65.0000000000        0.0591451209
       66.0000000000        0.0585144860
       67.0000000000        0.0579368690
       68.0000000000        0.0573747862
       69.0000000000        0.0568817957
       70.0000000000        0.0563468424
       71.0000000000        0.0558698246
       72.0000000000        0.0554255977
       73.0000000000        0.0549136267
       74.0000000000        0.0544817591
       75.0000000000        0.0540491670
       76.0000000000        0.0536433309
       77.0000000000        0.0532537397
       78.0000000000        0.0528340504
       79.0000000000        0.0523753686
       80.0000000000        0.0519592345
       81.0000000000        0.0514861137
       82.0000000000        0.0510380478
       83.0000000000        0.0506221901
       84.0000000000        0.0502260449
       85.0000000000        0.0498381022
       86.0000000000        0.0495215129
       87.0000000000        0.0491450343
       88.0000000000        0.0487502396
       89.0000000000        0.0484026446
       90.0000000000        0.0480779442
       91.0000000000        0.0477274907
       92.0000000000        0.0472684130
       93.0000000000        0.0468815282
       94.0000000000        0.0464929283
       95.0000000000        0.0461216525
       96.0000000000        0.0457175082
       97.0000000000        0.0453611452
       98.0000000000        0.0450375223
       99.0000000000        0.0446951301
      100.0000000000        0.0443990422
      101.0000000000        0.0440621602
      102.0000000000        0.0437905595
      103.0000000000        0.0434702810
      104.0000000000        0.0431306797
      105.0000000000        0.0428535159
      106.0000000000        0.0425687518
      107.0000000000        0.0422613255
      108.0000000000        0.0419510034
      109.0000000000        0.0416185425
      110.0000000000        0.0413655865
      111.0000000000        0.0409854820
      112.0000000000        0.0406865014
      113.0000000000        0.0403887429
      114.0000000000        0.0401130861
      115.0000000000        0.0398361704
      116.0000000000        0.0395986719
      117.0000000000        0.0394117407
      118.0000000000        0.0392128539
      119.0000000000        0.0389488351
      120.0000000000        0.0387214505
      121.0000000000        0.0384345045
      122.0000000000        0.0382259411
      123.0000000000        0.0380356956
      124.0000000000        0.0378601773
      125.0000000000        0.0376316847
      126.0000000000        0.0373989150
      127.0000000000        0.0372045730
      128.0000000000        0.0370013718
      129.0000000000        0.0368051634
      130.0000000000        0.0366441032
      131.0000000000        0.0364386858
      132.0000000000        0.0361741390
      133.0000000000        0.0359937814
      134.0000000000        0.0358042067
      135.0000000000        0.0355683085
      136.0000000000        0.0352945910
      137.0000000000        0.0350500731
      138.0000000000        0.0348175555
      139.0000000000        0.0346048302
      140.0000000000        0.0344149689
      141.0000000000        0.0341388182
      142.0000000000        0.0339315605
      143.0000000000        0.0337121329
      144.0000000000        0.0335421718
      145.0000000000        0.0333363603
      146.0000000000        0.0331908313
      147.0000000000        0.0330540686
      148.0000000000        0.0328201705
      149.0000000000        0.0326737432
      150.0000000000        0.0325572149
      151.0000000000        0.0323992306
      152.0000000000        0.0322803060
      153.0000000000        0.0321196935
      154.0000000000        0.0319219188
      155.0000000000        0.0317500858
      156.0000000000        0.0315122077
      157.0000000000        0.0313569446
      158.0000000000        0.0311831459
      159.0000000000        0.0310084722
      160.0000000000        0.0308589662
      161.0000000000        0.0306236968
      162.0000000000        0.0304485591
      163.0000000000        0.0302284683
      164.0000000000        0.0299517221
      165.0000000000        0.0297456587
      166.0000000000        0.0295735912
      167.0000000000        0.0293996514
      168.0000000000        0.0292015200
      169.0000000000        0.0290158022
      170.0000000000        0.0288442875
      171.0000000000        0.0287152503
      172.0000000000        0.0285761960
      173.0000000000        0.0284103060
      174.0000000000        0.0282095748
      175.0000000000        0.0280426508
      176.0000000000        0.0278583961
      177.0000000000        0.0276789762
      178.0000000000        0.0274896172
      179.0000000000        0.0272927012
      180.0000000000        0.0271250348
      181.0000000000        0.0269563668
      182.0000000000        0.0267704337
      183.0000000000        0.0265995303
      184.0000000000        0.0264308770
      185.0000000000        0.0262967089
      186.0000000000        0.0260856344
      187.0000000000        0.0259125778
      188.0000000000        0.0257862662
      189.0000000000        0.0256271376
      190.0000000000        0.0254271182
      191.0000000000        0.0252780251
      192.0000000000        0.0250878014
      193.0000000000        0.0248773386
      194.0000000000        0.0247507299
      195.0000000000        0.0245894028
      196.0000000000        0.0244811788
      197.0000000000        0.0243761653
      198.0000000000        0.0242724611
      199.0000000000        0.0241383585
      200.0000000000        0.0240011677
      201.0000000000        0.0239109134
      202.0000000000        0.0237840010
      203.0000000000        0.0236486482
      204.0000000000        0.0235135806
      205.0000000000        0.0234389003
      206.0000000000        0.0233283902
      207.0000000000        0.0231259420
      208.0000000000        0.0229956322
      209.0000000000        0.0228307366
      210.0000000000        0.0227480540
      211.0000000000        0.0226560552
      212.0000000000        0.0225273470
      213.0000000000        0.0223993284
      214.0000000000        0.0222705257
      215.0000000000        0.0221681570
      216.0000000000        0.0220551868
      217.0000000000        0.0219643062
      218.0000000000        0.0218983725
      219.0000000000        0.0217887711
      220.0000000000        0.0216944739
      221.0000000000        0.0215960649
      222.0000000000        0.0214991511
      223.0000000000        0.0214065093
      224.0000000000        0.0212418231
      225.0000000000        0.0211390977
      226.0000000000        0.0210291082
      227.0000000000        0.0209458087
      228.0000000000        0.0208576612
      229.0000000000        0.0207321898
      230.0000000000        0.0205995013
      231.0000000000        0.0204624237
      232.0000000000        0.0203637862
      233.0000000000        0.0202396508
      234.0000000000        0.0200878167
      235.0000000000        0.0199498963
      236.0000000000        0.0198003633
      237.0000000000        0.0196098276
      238.0000000000        0.0195205470
      239.0000000000        0.0194526355
      240.0000000000        0.0193302126
      241.0000000000        0.0192145462
      242.0000000000        0.0191307550
      243.0000000000        0.0190167569
      244.0000000000        0.0189121927
      245.0000000000        0.0188118168
      246.0000000000        0.0186998276
      247.0000000000        0.0185918531
      248.0000000000        0.0184818836
      249.0000000000        0.0184398839
      250.0000000000        0.0183780998
      251.0000000000        0.0182769033
      252.0000000000        0.0181845774
      253.0000000000        0.0181184535
      254.0000000000        0.0180638003
      255.0000000000        0.0179775162
      256.0000000000        0.0179060227
      257.0000000000        0.0177762785
      258.0000000000        0.0177060570
      259.0000000000        0.0176836566
      260.0000000000        0.0176376453
      261.0000000000        0.0175472043
      262.0000000000        0.0174519547
      263.0000000000        0.0173183935
      264.0000000000        0.0172434659
      265.0000000000        0.0171894131
      266.0000000000        0.0171621590
      267.0000000000        0.0170760470
      268.0000000000        0.0170039199
      269.0000000000        0.0168823604
      270.0000000000        0.0167554517
      271.0000000000        0.0166792573
      272.0000000000        0.0165931657
      273.0000000000        0.0164179933
      274.0000000000        0.0163017164
      275.0000000000        0.0162065390
      276.0000000000        0.0161758617
      277.0000000000        0.0161531266
      278.0000000000        0.0160072359
      279.0000000000        0.0159655322
      280.0000000000        0.0159139301
      281.0000000000        0.0158548867
      282.0000000000        0.0158187992
      283.0000000000        0.0157332773
      284.0000000000        0.0156735590
      285.0000000000        0.0155575767
      286.0000000000        0.0154812010
      287.0000000000        0.0154113033
      288.0000000000        0.0153249232
      289.0000000000        0.0152643025
      290.0000000000        0.0151495851
      291.0000000000        0.0150809658
      292.0000000000        0.0149968784
      293.0000000000        0.0149043106
      294.0000000000        0.0147680647
      295.0000000000        0.0146815195
      296.0000000000        0.0145216902
      297.0000000000        0.0144796053
      298.0000000000        0.0143939921
      299.0000000000        0.0143447364
      300.0000000000        0.0142937603
      301.0000000000        0.0142025845
      302.0000000000        0.0140615866
      303.0000000000        0.0139666044
      304.0000000000        0.0138581445
      305.0000000000        0.0137612094
      306.0000000000        0.0136752060
      307.0000000000        0.0136451984
      308.0000000000        0.0135978490
      309.0000000000        0.0135176685
      310.0000000000        0.0134437351
      311.0000000000        0.0133698422
      312.0000000000        0.0133208863
      313.0000000000        0.0132086174
      314.0000000000        0.0131839295
      315.0000000000        0.0131454620
      316.0000000000        0.0131412483
      317.0000000000        0.0130564373
      318.0000000000        0.0129930773
      319.0000000000        0.0130753069
      320.0000000000        0.0130461857
      321.0000000000        0.0129900727
      322.0000000000        0.0128877529
      323.0000000000        0.0127998758
      324.0000000000        0.0127233197
      325.0000000000        0.0126563624
      326.0000000000        0.0125617928
      327.0000000000        0.0125049666
      328.0000000000        0.0125769726
      329.0000000000        0.0125054830
      330.0000000000        0.0124713835
      331.0000000000        0.0123892965
      332.0000000000        0.0123081159
      333.0000000000        0.0122673739
      334.0000000000        0.0122367200
      335.0000000000        0.0121731401
      336.0000000000        0.0121457744
      337.0000000000        0.0120509956
      338.0000000000        0.0119536874
      339.0000000000        0.0119284652
      340.0000000000        0.0119756620
      341.0000000000        0.0119507757
      342.0000000000        0.0118099274
      343.0000000000        0.0117274023
      344.0000000000        0.0117218361
      345.0000000000        0.0116928318
      346.0000000000        0.0116844709
      347.0000000000        0.0115934171
      348.0000000000        0.0115715891
      349.0000000000        0.0115312837
      350.0000000000        0.0114999892
      351.0000000000        0.0114356157
      352.0000000000        0.0113400838
      353.0000000000        0.0112168304
      354.0000000000        0.0111886277
      355.0000000000        0.0111355603
      356.0000000000        0.0111004284
      357.0000000000        0.0110275665
      358.0000000000        0.0109464779
      359.0000000000        0.0108839270
      360.0000000000        0.0109029816
      361.0000000000        0.0108562481
      362.0000000000        0.0108317714
      363.0000000000        0.0107354150
      364.0000000000        0.0106842098
      365.0000000000        0.0106647769
      366.0000000000        0.0106612426
      367.0000000000        0.0106187370
      368.0000000000        0.0106175257
      369.0000000000        0.0105956225
      370.0000000000        0.0105417231
      371.0000000000        0.0104820601
      372.0000000000        0.0104743526
      373.0000000000        0.0104895761
      374.0000000000        0.0104912167
      375.0000000000        0.0104026713
      376.0000000000        0.0103042145
      377.0000000000        0.0102445546
      378.0000000000        0.0101869774
      379.0000000000        0.0101843549
      380.0000000000        0.0101148882
      381.0000000000        0.0101321133
      382.0000000000        0.0100942196
      383.0000000000        0.0100338028
      384.0000000000        0.0099406480
      385.0000000000        0.0099419529
      386.0000000000        0.0098481494
      387.0000000000        0.0097968848
      388.0000000000        0.0097575167
      389.0000000000        0.0096713832
      390.0000000000        0.0095618383
      391.0000000000        0.0095185870
      392.0000000000        0.0094256366
      393.0000000000        0.0094107988
      394.0000000000        0.0093423848
      395.0000000000        0.0092903903
      396.0000000000        0.0092477409
      397.0000000000        0.0092452000
      398.0000000000        0.0092355020
      399.0000000000        0.0091995941
      400.0000000000        0.0091710128
      401.0000000000        0.0091559599
      402.0000000000        0.0090206049
      403.0000000000        0.0089393416
      404.0000000000        0.0089146105
      405.0000000000        0.0089047401
      406.0000000000        0.0088730344
      407.0000000000        0.0087993907
      408.0000000000        0.0087334485
      409.0000000000        0.0087087454
      410.0000000000        0.0087138287
      411.0000000000        0.0086537456
      412.0000000000        0.0085913901
      413.0000000000        0.0085675715
      414.0000000000        0.0085380464
      415.0000000000        0.0085284896
      416.0000000000        0.0085590115
      417.0000000000        0.0085353807
      418.0000000000        0.0085750681
      419.0000000000        0.0085146944
      420.0000000000        0.0085218453
      421.0000000000        0.0085791933
      422.0000000000        0.0085416047
      423.0000000000        0.0086082126
      424.0000000000        0.0085860020
      425.0000000000        0.0085932976
      426.0000000000        0.0085125216
      427.0000000000        0.0084483520
      428.0000000000        0.0083590757
      429.0000000000        0.0082788606
      430.0000000000        0.0081813337
      431.0000000000        0.0081679092
      432.0000000000        0.0081124200
      433.0000000000        0.0080704779
      434.0000000000        0.0079230275
      435.0000000000        0.0078220324
      436.0000000000        0.0077850183
      437.0000000000        0.0077341162
      438.0000000000        0.0076961091
      439.0000000000        0.0076044074
      440.0000000000        0.0075701446
      441.0000000000        0.0075217496
      442.0000000000        0.0074675183
      443.0000000000        0.0074764664
      444.0000000000        0.0074530488
      445.0000000000        0.0073692588
      446.0000000000        0.0073613840
      447.0000000000        0.0073365148
      448.0000000000        0.0072048330
      449.0000000000        0.0071347381
      450.0000000000        0.0070604545
      451.0000000000        0.0070165002
      452.0000000000        0.0069538017
      453.0000000000        0.0068942785
      454.0000000000        0.0068529541
      455.0000000000        0.0067925959
      456.0000000000        0.0067239687
      457.0000000000        0.0066421779
      458.0000000000        0.0066139130
      459.0000000000        0.0065451538
      460.0000000000        0.0065057367
      461.0000000000        0.0065018170
      462.0000000000        0.0064963231
      463.0000000000        0.0064572602
      464.0000000000        0.0064680701
      465.0000000000        0.0064287191
      466.0000000000        0.0064148538
      467.0000000000        0.0063815545
      468.0000000000        0.0064205882
      469.0000000000        0.0064308661
      470.0000000000        0.0064320781
      471.0000000000        0.0063645725
      472.0000000000        0.0062498519
      473.0000000000        0.0062123216
      474.0000000000        0.0061936774
      475.0000000000        0.0061026846
      476.0000000000        0.0060113376
      477.0000000000        0.0059982485
      478.0000000000        0.0059782786
      479.0000000000        0.0059522912
      480.0000000000        0.0059943470
      481.0000000000        0.0059330058
      482.0000000000        0.0059173377
      483.0000000000        0.0058979115
      484.0000000000        0.0058814777
      485.0000000000        0.0058246703
      486.0000000000        0.0057613435
      487.0000000000        0.0056990573
      488.0000000000        0.0056743673
      489.0000000000        0.0056428772
      490.0000000000        0.0055975784
      491.0000000000        0.0054766953
      492.0000000000        0.0054031431
      493.0000000000        0.0053138814
      494.0000000000        0.0051773704
      495.0000000000        0.0051015484
      496.0000000000        0.0050806595
      497.0000000000        0.0050192944
      498.0000000000        0.0050608464
      499.0000000000        0.0050290253
      500.0000000000        0.0049306776
      501.0000000000        0.0048294802
      502.0000000000        0.0047779960
      503.0000000000        0.0047194245
      504.0000000000        0.0047464336
      505.0000000000        0.0046901033
      506.0000000000        0.0046517739
      507.0000000000        0.0045403420
      508.0000000000        0.0044795195
      509.0000000000        0.0043961310
      510.0000000000        0.0043563462
      511.0000000000        0.0043013556
      512.0000000000        0.0042387039
      513.0000000000        0.0041917316
      514.0000000000        0.0041635040
      515.0000000000        0.0041030239
      516.0000000000        0.0040519499
      517.0000000000        0.0040814157
      518.0000000000        0.0040267984
      519.0000000000        0.0039603559
      520.0000000000        0.0040065299
      521.0000000000        0.0039890171
      522.0000000000        0.0039463820
      523.0000000000        0.0039782040
      524.0000000000        0.0039771733
      525.0000000000        0.0039486287
      526.0000000000        0.0040040770
      527.0000000000        0.0040051864
      528.0000000000        0.0040051550
      529.0000000000        0.0039705951
      530.0000000000        0.0038984000
      531.0000000000        0.0037916612
      532.0000000000        0.0037422609
      533.0000000000        0.0037188027
      534.0000000000        0.0036681855
      535.0000000000        0.0036833469
      536.0000000000        0.0036697388
      537.0000000000        0.0036595166
      538.0000000000        0.0036582857
      539.0000000000        0.0036367537
      540.0000000000        0.0036009710
      541.0000000000        0.0035733117
      542.0000000000        0.0035777362
      543.0000000000        0.0035607853
      544.0000000000        0.0035796669
      545.0000000000        0.0035444081
      546.0000000000        0.0035400938
      547.0000000000        0.0035340929
      548.0000000000        0.0034958823
      549.0000000000        0.0035232568
      550.0000000000        0.0035236210
      551.0000000000        0.0034838737
      552.0000000000        0.0034884248
      553.0000000000        0.0034496285
      554.0000000000        0.0034491822
      555.0000000000        0.0034153995
      556.0000000000        0.0033880472
      557.0000000000        0.0033258790
      558.0000000000        0.0032589542
      559.0000000000        0.0033063689
      560.0000000000        0.0033201251
      561.0000000000        0.0033080621
      562.0000000000        0.0032843285
      563.0000000000        0.0032720230
      564.0000000000        0.0032475470
      565.0000000000        0.0032806387
      566.0000000000        0.0032601986
      567.0000000000        0.0032130208
      568.0000000000        0.0031299568
      569.0000000000        0.0030933057
      570.0000000000        0.0030358419
      571.0000000000        0.0030024623
      572.0000000000        0.0029316826
      573.0000000000        0.0028939713
      574.0000000000        0.0028983547
      575.0000000000        0.0028302177
      576.0000000000        0.0027942859
      577.0000000000        0.0027240480
      578.0000000000        0.0026993336
      579.0000000000        0.0026393036
      580.0000000000        0.0026357999
      581.0000000000        0.0025880178
      582.0000000000        0.0025855543
      583.0000000000        0.0025491494
      584.0000000000        0.0025046044
      585.0000000000        0.0024811946
      586.0000000000        0.0025014675
      587.0000000000        0.0025320046
      588.0000000000        0.0025298160
      589.0000000000        0.0025345882
      590.0000000000        0.0025225073
      591.0000000000        0.0025307813
      592.0000000000        0.0025317980
      593.0000000000        0.0025302265
      594.0000000000        0.0025344441
      595.0000000000        0.0025234338
      596.0000000000        0.0025645945
      597.0000000000        0.0025527593
      598.0000000000        0.0026139756
      599.0000000000        0.0026396432
      600.0000000000        0.0026589915
      601.0000000000        0.0026401298
      602.0000000000        0.0025766663
      603.0000000000        0.0025331556
      604.0000000000        0.0024769994
      605.0000000000        0.0024418955
      606.0000000000        0.0024335911
      607.0000000000        0.0024492283
      608.0000000000        0.0023869087
      609.0000000000        0.0023680068
      610.0000000000        0.0024021172
      611.0000000000        0.0024566204
      612.0000000000        0.0025222187
      613.0000000000        0.0024763583
      614.0000000000        0.0024529245
      615.0000000000        0.0024410183
      616.0000000000        0.0024241049
      617.0000000000        0.0023870418
      618.0000000000        0.0023828202
      619.0000000000        0.0023563771
      620.0000000000        0.0023433710
      621.0000000000        0.0023363683
      622.0000000000        0.0023292419
      623.0000000000        0.0023264830
      624.0000000000        0.0023262725
      625.0000000000        0.0023031553
      626.0000000000        0.0022775258
      627.0000000000        0.0022375953
      628.0000000000        0.0022266229
      629.0000000000        0.0021943271
      630.0000000000        0.0021509485
      631.0000000000        0.0021372083
      632.0000000000        0.0021587397
      633.0000000000        0.0021978869
      634.0000000000        0.0021756965
      635.0000000000        0.0022247363
      636.0000000000        0.0022115538
      637.0000000000        0.0022247855
      638.0000000000        0.0022844870
      639.0000000000        0.0023406792
      640.0000000000        0.0022906201
      641.0000000000        0.0023142017
      642.0000000000        0.0022914911
      643.0000000000        0.0023516856
      644.0000000000        0.0023288801
      645.0000000000        0.0023329339
      646.0000000000        0.0022605274
      647.0000000000        0.0022513362
      648.0000000000        0.0022220264
      649.0000000000        0.0022935493
      650.0000000000        0.0023108569
      651.0000000000        0.0023104345
      652.0000000000        0.0023278580
      653.0000000000        0.0023045112
      654.0000000000        0.0023083900
      655.0000000000        0.0023244083
      656.0000000000        0.0022996784
      657.0000000000        0.0022582803
      658.0000000000        0.0022370664
      659.0000000000        0.0022135789
      660.0000000000        0.0022203834
      661.0000000000        0.0022218943
      662.0000000000        0.0022663944
      663.0000000000        0.0022487052
      664.0000000000        0.0021849729
      665.0000000000        0.0022148014
      666.0000000000        0.0021839081
      667.0000000000        0.0021871394
      668.0000000000        0.0022210828
      669.0000000000        0.0022314296
      670.0000000000        0.0021744840
      671.0000000000        0.0021669239
      672.0000000000        0.0021302460
      673.0000000000        0.0021398808
      674.0000000000        0.0021419045
      675.0000000000        0.0021523257
      676.0000000000        0.0021692149
      677.0000000000        0.0021131150
      678.0000000000        0.0021267398
      679.0000000000        0.0021006761
      680.0000000000        0.0021465001
      681.0000000000        0.0020527096
      682.0000000000        0.0020793177
      683.0000000000        0.0020622647
      684.0000000000        0.0020651207
      685.0000000000        0.0020098003
      686.0000000000        0.0019683758
      687.0000000000        0.0019450922
      688.0000000000        0.0019082380
      689.0000000000        0.0018621188
      690.0000000000        0.0018569991
      691.0000000000        0.0018283863
      692.0000000000        0.0018323770
      693.0000000000        0.0018060626
      694.0000000000        0.0017430779
      695.0000000000        0.0017817798
      696.0000000000        0.0017379020
      697.0000000000        0.0017024060
      698.0000000000        0.0017164091
      699.0000000000        0.0017745070
      700.0000000000        0.0017494485
      701.0000000000        0.0017546006
      702.0000000000        0.0017395179
      703.0000000000        0.0017415703
      704.0000000000        0.0017396807
      705.0000000000        0.0017092456
      706.0000000000        0.0016970144
      707.0000000000        0.0017219928
      708.0000000000        0.0017097162
      709.0000000000        0.0016951399
      710.0000000000        0.0017183988
      711.0000000000        0.0016392873
      712.0000000000        0.0016202161
      713.0000000000        0.0015900257
      714.0000000000        0.0015501873
      715.0000000000        0.0015415133
      716.0000000000        0.0014879156
      717.0000000000        0.0015498424
      718.0000000000        0.0015187133
      719.0000000000        0.0015143779
      720.0000000000        0.0014991748
      721.0000000000        0.0015141738
      722.0000000000        0.0014808372
      723.0000000000        0.0014355356
      724.0000000000        0.0014475052
      725.0000000000        0.0014086489
      726.0000000000        0.0013666284
      727.0000000000        0.0013052710
      728.0000000000        0.0012925580
      729.0000000000        0.0013588084
      730.0000000000        0.0013124892
      731.0000000000        0.0012706868
      732.0000000000        0.0011921641
      733.0000000000        0.0011943191
      734.0000000000        0.0012120504
      735.0000000000        0.0012045276
      736.0000000000        0.0011993848
      737.0000000000        0.0012264331
      738.0000000000        0.0012577385
      739.0000000000        0.0012601490
      740.0000000000        0.0012490141
      741.0000000000        0.0012137496
      742.0000000000        0.0012098820
      743.0000000000        0.0011756445
      744.0000000000        0.0011781965
      745.0000000000        0.0012570001
      746.0000000000        0.0012619103
      747.0000000000        0.0012773523
      748.0000000000        0.0012993584
      749.0000000000        0.0012866184
      750.0000000000        0.0012998587
      751.0000000000        0.0013016368
      752.0000000000        0.0012754008
      753.0000000000        0.0012369963
      754.0000000000        0.0011956335
      755.0000000000        0.0011522565
      756.0000000000        0.0011535573
      757.0000000000        0.0011535343
      758.0000000000        0.0011759921
      759.0000000000        0.0011405301
      760.0000000000        0.0011088482
      761.0000000000        0.0010802024
      762.0000000000        0.0010519372
      763.0000000000        0.0011143697
      764.0000000000        0.0011760126
      765.0000000000        0.0011767447
      766.0000000000        0.0012019155
      767.0000000000        0.0012411129
      768.0000000000        0.0012257977
      769.0000000000        0.0012571913
      770.0000000000        0.0012290811
      771.0000000000        0.0012072735
      772.0000000000        0.0011895466
      773.0000000000        0.0011287519
      774.0000000000        0.0010536160
      775.0000000000        0.0010248510
      776.0000000000        0.0010366025
      777.0000000000        0.0010641788
      778.0000000000        0.0010297955
      779.0000000000        0.0010741740
      780.0000000000        0.0010965677
      781.0000000000        0.0010735620
      782.0000000000        0.0010902364
      783.0000000000        0.0010822469
      784.0000000000        0.0010113014
      785.0000000000        0.0010103225
      786.0000000000        0.0009877376
      787.0000000000        0.0009892193
      788.0000000000        0.0009842880
      789.0000000000        0.0009737048
      790.0000000000        0.0009769581
      791.0000000000        0.0009965958
      792.0000000000        0.0010063267
      793.0000000000        0.0010224051
      794.0000000000        0.0009777582
      795.0000000000        0.0009162658
      796.0000000000        0.0009474048
      797.0000000000        0.0008890432
      798.0000000000        0.0008353475
      799.0000000000        0.0007832779
      800.0000000000        0.0007891580
      801.0000000000        0.0008165989
      802.0000000000        0.0008328429
      803.0000000000        0.0008387630
      804.0000000000        0.0008086521
      805.0000000000        0.0007878486
      806.0000000000        0.0007865624
      807.0000000000        0.0007137133
      808.0000000000        0.0007601741
      809.0000000000        0.0007727253
      810.0000000000        0.0008270743
      811.0000000000        0.0008551940
      812.0000000000        0.0009450475
      813.0000000000        0.0009849855
      814.0000000000        0.0009954875
      815.0000000000        0.0010213638
      816.0000000000        0.0010088854
      817.0000000000        0.0010435966
      818.0000000000        0.0010597428
      819.0000000000        0.0011045228
      820.0000000000        0.0011420072
      821.0000000000        0.0011667903
      822.0000000000        0.0011861731
      823.0000000000        0.0011684029
      824.0000000000        0.0012447996
      825.0000000000        0.0012635976
      826.0000000000        0.0013042393
      827.0000000000        0.0013113420
      828.0000000000        0.0013281034
      829.0000000000        0.0013300627
      830.0000000000        0.0013262430
      831.0000000000        0.0013715804
      832.0000000000        0.0013522073
      833.0000000000        0.0013518303
      834.0000000000        0.0013462115
      835.0000000000        0.0013296239
      836.0000000000        0.0013107424
      837.0000000000        0.0013145039
      838.0000000000        0.0013467848
      839.0000000000        0.0013472488
      840.0000000000        0.0014286627
      841.0000000000        0.0014264477
      842.0000000000        0.0014049200
      843.0000000000        0.0014580992
      844.0000000000        0.0014141614
      845.0000000000        0.0013671424
      846.0000000000        0.0013937568
      847.0000000000        0.0013846361
      848.0000000000        0.0013893011
      849.0000000000        0.0013531138
      850.0000000000        0.0013665023
      851.0000000000        0.0013402455
      852.0000000000        0.0013744863
      853.0000000000        0.0014072489
      854.0000000000        0.0013813401
      855.0000000000        0.0014292708
      856.0000000000        0.0014295608
      857.0000000000        0.0013801289
      858.0000000000        0.0013386420
      859.0000000000        0.0014109582
      860.0000000000        0.0014282892
      861.0000000000        0.0014303316
      862.0000000000        0.0014160761
      863.0000000000        0.0013504611
      864.0000000000        0.0013243786
      865.0000000000        0.0013241656
      866.0000000000        0.0012523692
      867.0000000000        0.0012676284
      868.0000000000        0.0011915164
      869.0000000000        0.0011578021
      870.0000000000        0.0010950313
      871.0000000000        0.0010760955
      872.0000000000        0.0009891567
      873.0000000000        0.0009905817
      874.0000000000        0.0009909045
      875.0000000000        0.0010573876
      876.0000000000        0.0010787558
      877.0000000000        0.0010551811
      878.0000000000        0.0011040923
      879.0000000000        0.0010918857
      880.0000000000        0.0010187606
      881.0000000000        0.0010072273
      882.0000000000        0.0010309643
      883.0000000000        0.0010444866
      884.0000000000        0.0010836158
      885.0000000000        0.0010622916
      886.0000000000        0.0010637430
      887.0000000000        0.0010404791
      888.0000000000        0.0010286730
      889.0000000000        0.0010462162
      890.0000000000        0.0010242321
      891.0000000000        0.0009920729
      892.0000000000        0.0010101678
      893.0000000000        0.0010141389
      894.0000000000        0.0010199331
      895.0000000000        0.0010818188
      896.0000000000        0.0010523365
      897.0000000000        0.0010400998
      898.0000000000        0.0010233384
      899.0000000000        0.0010211205
      900.0000000000        0.0010002508
      901.0000000000        0.0009868186
      902.0000000000        0.0009653318
      903.0000000000        0.0009507167
      904.0000000000        0.0009138328
      905.0000000000        0.0009088689
      906.0000000000        0.0008434109
      907.0000000000        0.0008587595
      908.0000000000        0.0008806271
      909.0000000000        0.0008644481
      910.0000000000        0.0008971048
      911.0000000000        0.0008708679
      912.0000000000        0.0008246048
      913.0000000000        0.0008226006
      914.0000000000        0.0008906222
      915.0000000000        0.0008897325
      916.0000000000        0.0008789758
      917.0000000000        0.0008771296
      918.0000000000        0.0008964078
      919.0000000000        0.0008852185
      920.0000000000        0.0009284601
      921.0000000000        0.0009095309
      922.0000000000        0.0009097969
      923.0000000000        0.0008817186
      924.0000000000        0.0008614164
      925.0000000000        0.0009186155
      926.0000000000        0.0009073239
      927.0000000000        0.0009889439
      928.0000000000        0.0010929941
      929.0000000000        0.0010518469
      930.0000000000        0.0010751802
      931.0000000000        0.0011047391
      932.0000000000        0.0010834471
      933.0000000000        0.0011003473
      934.0000000000        0.0010671143
      935.0000000000        0.0010752337
      936.0000000000        0.0010767658
      937.0000000000        0.0010640009
      938.0000000000        0.0010380772
      939.0000000000        0.0010609700
      940.0000000000        0.0011158091
      941.0000000000        0.0011212758
      942.0000000000        0.0011498020
      943.0000000000        0.0011436903
      944.0000000000        0.0010943929
      945.0000000000        0.0010549312
      946.0000000000        0.0010486855
      947.0000000000        0.0010598612
      948.0000000000        0.0009887252
      949.0000000000        0.0009005000
      950.0000000000        0.0008462521
      951.0000000000        0.0008195496
      952.0000000000        0.0008342735
      953.0000000000        0.0007475876
      954.0000000000        0.0007501756
      955.0000000000        0.0007966691
      956.0000000000        0.0007688949
      957.0000000000        0.0007520785
      958.0000000000        0.0007258645
      959.0000000000        0.0007130204
      960.0000000000        0.0006925384
      961.0000000000        0.0007399060
      962.0000000000        0.0006946564
      963.0000000000        0.0006881177
      964.0000000000        0.0007514519
      965.0000000000        0.0007847533
      966.0000000000        0.0008053940
      967.0000000000        0.0008284389
      968.0000000000        0.0007883761
      969.0000000000        0.0007802475
      970.0000000000        0.0007759075
      971.0000000000        0.0007350145
      972.0000000000        0.0007328136
      973.0000000000        0.0007224018
      974.0000000000        0.0007154295
      975.0000000000        0.0007559132
      976.0000000000        0.0007914260
      977.0000000000        0.0007969004
      978.0000000000        0.0007937204
      979.0000000000        0.0007353160
      980.0000000000        0.0006823724
      981.0000000000        0.0005868027
      982.0000000000        0.0005841153
      983.0000000000        0.0005927808
      984.0000000000        0.0006156352
      985.0000000000        0.0006266895
      986.0000000000        0.0005685118
      987.0000000000        0.0005555808
      988.0000000000        0.0005378776
      989.0000000000        0.0004611459
      990.0000000000        0.0004118794
      991.0000000000        0.0004492345
      992.0000000000        0.0004490307
      993.0000000000        0.0004408792
      994.0000000000        0.0003588625
      995.0000000000        0.0003660345
      996.0000000000        0.0003471691
      997.0000000000        0.0003378037
      998.0000000000        0.0003624425
      999.0000000000        0.0003307767
     1000.0000000000        0.0003284334
     1001.0000000000        0.0003111869
     1002.0000000000        0.0002712220
     1003.0000000000        0.0002708476
     1004.0000000000        0.0003037868
     1005.0000000000        0.0002942235
     1006.0000000000        0.0002152832
     1007.0000000000        0.0002251885
     1008.0000000000        0.0002495296
     1009.0000000000        0.0001484019
     1010.0000000000        0.0001011499
     1011.0000000000        0.0000623675
     1012.0000000000        0.0000467615
     1013.0000000000        0.0000470063
     1014.0000000000       -0.0000150812
     1015.0000000000       -0.0000629648
     1016.0000000000       -0.0000789011
     1017.0000000000       -0.0000151154
     1018.0000000000       -0.0000150597
     1019.0000000000        0.0000612537
     1020.0000000000        0.0000810114
     1021.0000000000        0.0001298556
     1022.0000000000        0.0001190235
     1023.0000000000        0.0000001204
     1024.0000000000       -0.0000935517
