        0.0000000000        0.2649338616
        1.0000000000        0.1789679759
        2.0000000000        0.1500890966
        3.0000000000        0.1338228240
        4.0000000000        0.1227642939
        5.0000000000        0.1144760364
        6.0000000000        0.1079162536
        7.0000000000        0.1024938103
        8.0000000000        0.0979253812
        9.0000000000        0.0939827032
       10.0000000000        0.0905165624
       11.0000000000        0.0874360298
       12.0000000000        0.0846551107
       13.0000000000        0.0821345159
       14.0000000000        0.0798429761
       15.0000000000        0.0777050934
       16.0000000000        0.0757416609
       17.0000000000        0.0739217454
       18.0000000000        0.0722075457
       19.0000000000        0.0706026901
       20.0000000000        0.0691217210
       21.0000000000        0.0677107467
       22.0000000000        0.0663839833
       23.0000000000        0.0651230206
       24.0000000000        0.0639255117
       25.0000000000        0.0627895080
       26.0000000000        0.0616826333
       27.0000000000        0.0606632289
       28.0000000000        0.0596623107
       29.0000000000        0.0587062325
       30.0000000000        0.0578042946
       31.0000000000        0.0569228352
       32.0000000000        0.0560851305
       33.0000000000        0.0552674205
       34.0000000000        0.0544887134
       35.0000000000        0.0537399441
       36.0000000000        0.0530212816
       37.0000000000        0.0523111236
       38.0000000000        0.0516134578
       39.0000000000        0.0509397631
       40.0000000000        0.0502908656
       41.0000000000        0.0496709832
       42.0000000000        0.0490532626
       43.0000000000        0.0484781534
       44.0000000000        0.0479049646
       45.0000000000        0.0473385682
       46.0000000000        0.0467868163
       47.0000000000        0.0462563097
       48.0000000000        0.0457389875
       49.0000000000        0.0452331957
       50.0000000000        0.0447415368
       51.0000000000        0.0442619288
       52.0000000000        0.0437888852
       53.0000000000        0.0433385252
       54.0000000000        0.0428931334
       55.0000000000        0.0424549113
       56.0000000000        0.0420269213
       57.0000000000        0.0416149281
       58.0000000000        0.0412037055
       59.0000000000        0.0407999532
       60.0000000000        0.0404049879
       61.0000000000        0.0400100061
       62.0000000000        0.0396334550
       63.0000000000        0.0392737462
       64.0000000000        0.0389160032
       65.0000000000        0.0385645820
       66.0000000000        0.0382106621
       67.0000000000        0.0378686575
       68.0000000000        0.0375301806
       69.0000000000        0.0371968355
       70.0000000000        0.0368671158
       71.0000000000        0.0365623259
       72.0000000000        0.0362437632
       73.0000000000        0.0359278896
       74.0000000000        0.0356003334
       75.0000000000        0.0352954632
       76.0000000000        0.0349948978
       77.0000000000        0.0347087346
       78.0000000000        0.0344303524
       79.0000000000        0.0341547289
       80.0000000000        0.0338716748
       81.0000000000        0.0335935986
       82.0000000000        0.0333119913
       83.0000000000        0.0330508974
       84.0000000000        0.0327865475
       85.0000000000        0.0325168104
       86.0000000000        0.0322685522
       87.0000000000        0.0320177569
       88.0000000000        0.0317831492
       89.0000000000        0.0315476163
       90.0000000000        0.0313100783
       91.0000000000        0.0310818610
       92.0000000000        0.0308491201
       93.0000000000        0.0306189080
       94.0000000000        0.0303857396
       95.0000000000        0.0301716426
       96.0000000000        0.0299487420
       97.0000000000        0.0297430043
       98.0000000000        0.0295497780
       99.0000000000        0.0293373841
      100.0000000000        0.0291249953
      101.0000000000        0.0289177555
      102.0000000000        0.0287078062
      103.0000000000        0.0284991662
      104.0000000000        0.0282963826
      105.0000000000        0.0281011921
      106.0000000000        0.0278916340
      107.0000000000        0.0276843150
      108.0000000000        0.0274969622
      109.0000000000        0.0273067350
      110.0000000000        0.0271289214
      111.0000000000        0.0269445336
      112.0000000000        0.0267668945
      113.0000000000        0.0265884646
      114.0000000000        0.0264207926
      115.0000000000        0.0262219241
      116.0000000000        0.0260530794
      117.0000000000        0.0258699135
      118.0000000000        0.0257058084
      119.0000000000        0.0255325730
      120.0000000000        0.0253765779
      121.0000000000        0.0252074803
      122.0000000000        0.0250426932
      123.0000000000        0.0248853980
      124.0000000000        0.0247175550
      125.0000000000        0.0245659412
      126.0000000000        0.0244112124
      127.0000000000        0.0242595124
      128.0000000000        0.0241096676
      129.0000000000        0.0239575872
      130.0000000000        0.0238078827
      131.0000000000        0.0236550819
      132.0000000000        0.0235221520
      133.0000000000        0.0233734755
      134.0000000000        0.0232379679
      135.0000000000        0.0230844969
      136.0000000000        0.0229431631
      137.0000000000        0.0227940123
      138.0000000000        0.0226369903
      139.0000000000        0.0225118556
      140.0000000000        0.0223644431
      141.0000000000        0.0222289701
      142.0000000000        0.0220967857
      143.0000000000        0.0219558440
      144.0000000000        0.0218396819
      145.0000000000        0.0217281391
      146.0000000000        0.0215858391
      147.0000000000        0.0214632928
      148.0000000000        0.0213304773
      149.0000000000        0.0212013541
      150.0000000000        0.0210848119
      151.0000000000        0.0209591400
      152.0000000000        0.0208341730
      153.0000000000        0.0207086982
      154.0000000000        0.0205794158
      155.0000000000        0.0204738571
      156.0000000000        0.0203537612
      157.0000000000        0.0202377120
      158.0000000000        0.0201372708
      159.0000000000        0.0200059319
      160.0000000000        0.0198921178
      161.0000000000        0.0197747210
      162.0000000000        0.0196619031
      163.0000000000        0.0195482216
      164.0000000000        0.0194223120
      165.0000000000        0.0193154075
      166.0000000000        0.0192138327
      167.0000000000        0.0191102337
      168.0000000000        0.0190083177
      169.0000000000        0.0189062568
      170.0000000000        0.0187871001
      171.0000000000        0.0186760988
      172.0000000000        0.0185615055
      173.0000000000        0.0184620584
      174.0000000000        0.0183551066
      175.0000000000        0.0182534985
      176.0000000000        0.0181496075
      177.0000000000        0.0180500880
      178.0000000000        0.0179565031
      179.0000000000        0.0178644350
      180.0000000000        0.0177674389
      181.0000000000        0.0176654722
      182.0000000000        0.0175733880
      183.0000000000        0.0174702763
      184.0000000000        0.0173561297
      185.0000000000        0.0172598094
      186.0000000000        0.0171694127
      187.0000000000        0.0170638146
      188.0000000000        0.0169721368
      189.0000000000        0.0168772085
      190.0000000000        0.0167978649
      191.0000000000        0.0166994580
      192.0000000000        0.0166205675
      193.0000000000        0.0165384467
      194.0000000000        0.0164344228
      195.0000000000        0.0163429530
      196.0000000000        0.0162480146
      197.0000000000        0.0161726012
      198.0000000000        0.0160775761
      199.0000000000        0.0159953651
      200.0000000000        0.0158959980
      201.0000000000        0.0158138011
      202.0000000000        0.0157381458
      203.0000000000        0.0156597054
      204.0000000000        0.0155726015
      205.0000000000        0.0154834274
      206.0000000000        0.0154022412
      207.0000000000        0.0153317988
      208.0000000000        0.0152457160
      209.0000000000        0.0151589380
      210.0000000000        0.0150797421
      211.0000000000        0.0149946259
      212.0000000000        0.0149308508
      213.0000000000        0.0148364385
      214.0000000000        0.0147682398
      215.0000000000        0.0146818957
      216.0000000000        0.0146051569
      217.0000000000        0.0145288032
      218.0000000000        0.0144501305
      219.0000000000        0.0143862256
      220.0000000000        0.0143192850
      221.0000000000        0.0142444331
      222.0000000000        0.0141627351
      223.0000000000        0.0140889956
      224.0000000000        0.0140220761
      225.0000000000        0.0139407670
      226.0000000000        0.0138771850
      227.0000000000        0.0138120718
      228.0000000000        0.0137415029
      229.0000000000        0.0136622679
      230.0000000000        0.0135773647
      231.0000000000        0.0135221145
      232.0000000000        0.0134496149
      233.0000000000        0.0133861131
      234.0000000000        0.0133273020
      235.0000000000        0.0132616075
      236.0000000000        0.0131866423
      237.0000000000        0.0131115942
      238.0000000000        0.0130393752
      239.0000000000        0.0129797871
      240.0000000000        0.0129148833
      241.0000000000        0.0128565143
      242.0000000000        0.0127971285
      243.0000000000        0.0127291181
      244.0000000000        0.0126556621
      245.0000000000        0.0125972593
      246.0000000000        0.0125234793
      247.0000000000        0.0124580258
      248.0000000000        0.0123950815
      249.0000000000        0.0123222547
      250.0000000000        0.0122768319
      251.0000000000        0.0122295648
      252.0000000000        0.0121821447
      253.0000000000        0.0121159944
      254.0000000000        0.0120593997
      255.0000000000        0.0119999636
      256.0000000000        0.0119292544
      257.0000000000        0.0118677879
      258.0000000000        0.0117989270
      259.0000000000        0.0117388510
      260.0000000000        0.0116776024
      261.0000000000        0.0116242238
      262.0000000000        0.0115757884
      263.0000000000        0.0115181508
      264.0000000000        0.0114611254
      265.0000000000        0.0113853311
      266.0000000000        0.0113320381
      267.0000000000        0.0112759255
      268.0000000000        0.0112148346
      269.0000000000        0.0111563082
      270.0000000000        0.0110997129
      271.0000000000        0.0110477005
      272.0000000000        0.0109969359
      273.0000000000        0.0109510070
      274.0000000000        0.0109012368
      275.0000000000        0.0108524290
      276.0000000000        0.0107935667
      277.0000000000        0.0107494328
      278.0000000000        0.0106927456
      279.0000000000        0.0106420652
      280.0000000000        0.0105914868
      281.0000000000        0.0105560608
      282.0000000000        0.0105067416
      283.0000000000        0.0104414854
      284.0000000000        0.0103991779
      285.0000000000        0.0103383450
      286.0000000000        0.0102983787
      287.0000000000        0.0102444002
      288.0000000000        0.0102024325
      289.0000000000        0.0101449638
      290.0000000000        0.0100899818
      291.0000000000        0.0100365300
      292.0000000000        0.0100046334
      293.0000000000        0.0099522714
      294.0000000000        0.0099096918
      295.0000000000        0.0098635370
      296.0000000000        0.0098202188
      297.0000000000        0.0097756778
      298.0000000000        0.0097116473
      299.0000000000        0.0096664572
      300.0000000000        0.0096120692
      301.0000000000        0.0095612492
      302.0000000000        0.0095244633
      303.0000000000        0.0094989307
      304.0000000000        0.0094295950
      305.0000000000        0.0093735376
      306.0000000000        0.0093171418
      307.0000000000        0.0092717250
      308.0000000000        0.0092242002
      309.0000000000        0.0091777320
      310.0000000000        0.0091293829
      311.0000000000        0.0090911622
      312.0000000000        0.0090559315
      313.0000000000        0.0090161498
      314.0000000000        0.0089579427
      315.0000000000        0.0089070016
      316.0000000000        0.0088705193
      317.0000000000        0.0088073431
      318.0000000000        0.0087802346
      319.0000000000        0.0087473355
      320.0000000000        0.0086969989
      321.0000000000        0.0086445090
      322.0000000000        0.0085910597
      323.0000000000        0.0085581144
      324.0000000000        0.0085186039
      325.0000000000        0.0084709255
      326.0000000000        0.0084387622
      327.0000000000        0.0083936837
      328.0000000000        0.0083704464
      329.0000000000        0.0083251145
      330.0000000000        0.0082740634
      331.0000000000        0.0082221481
      332.0000000000        0.0081846812
      333.0000000000        0.0081512825
      334.0000000000        0.0080992230
      335.0000000000        0.0080645976
      336.0000000000        0.0080406817
      337.0000000000        0.0080041832
      338.0000000000        0.0079656336
      339.0000000000        0.0079251657
      340.0000000000        0.0078770340
      341.0000000000        0.0078222052
      342.0000000000        0.0077796195
      343.0000000000        0.0077310342
      344.0000000000        0.0076994150
      345.0000000000        0.0076539349
      346.0000000000        0.0076148813
      347.0000000000        0.0075657313
      348.0000000000        0.0075338755
      349.0000000000        0.0074984385
      350.0000000000        0.0074690968
      351.0000000000        0.0074261726
      352.0000000000        0.0073971131
      353.0000000000        0.0073461604
      354.0000000000        0.0073148773
      355.0000000000        0.0072951824
      356.0000000000        0.0072630022
      357.0000000000        0.0072273281
      358.0000000000        0.0071899351
      359.0000000000        0.0071640169
      360.0000000000        0.0071200944
      361.0000000000        0.0070760552
      362.0000000000        0.0070595737
      363.0000000000        0.0070247747
      364.0000000000        0.0070013592
      365.0000000000        0.0069658631
      366.0000000000        0.0069284345
      367.0000000000        0.0069073384
      368.0000000000        0.0068775683
      369.0000000000        0.0068482255
      370.0000000000        0.0068271014
      371.0000000000        0.0067916394
      372.0000000000        0.0067613940
      373.0000000000        0.0067321266
      374.0000000000        0.0066899405
      375.0000000000        0.0066657732
      376.0000000000        0.0066395451
      377.0000000000        0.0066210684
      378.0000000000        0.0065750859
      379.0000000000        0.0065397712
      380.0000000000        0.0064975467
      381.0000000000        0.0064596359
      382.0000000000        0.0064270063
      383.0000000000        0.0063931122
      384.0000000000        0.0063535275
      385.0000000000        0.0063194782
      386.0000000000        0.0062910313
      387.0000000000        0.0062645306
      388.0000000000        0.0062333203
      389.0000000000        0.0062100457
      390.0000000000        0.0061719456
      391.0000000000        0.0061392583
      392.0000000000        0.0061160307
      393.0000000000        0.0061001801
      394.0000000000        0.0060670492
      395.0000000000        0.0060437673
      396.0000000000        0.0060138965
      397.0000000000        0.0059756403
      398.0000000000        0.0059523234
      399.0000000000        0.0059408439
      400.0000000000        0.0059130601
      401.0000000000        0.0058799730
      402.0000000000        0.0058478537
      403.0000000000        0.0058238319
      404.0000000000        0.0057908758
      405.0000000000        0.0057665629
      406.0000000000        0.0057254092
      407.0000000000        0.0057048946
      408.0000000000        0.0056706499
      409.0000000000        0.0056428397
      410.0000000000        0.0056075741
      411.0000000000        0.0055802628
      412.0000000000        0.0055449731
      413.0000000000        0.0055180587
      414.0000000000        0.0054862986
      415.0000000000        0.0054507901
      416.0000000000        0.0054253423
      417.0000000000        0.0053993812
      418.0000000000        0.0053662405
      419.0000000000        0.0053355941
      420.0000000000        0.0053286020
      421.0000000000        0.0053210464
      422.0000000000        0.0052955964
      423.0000000000        0.0052789568
      424.0000000000        0.0052452428
      425.0000000000        0.0052189694
      426.0000000000        0.0051939815
      427.0000000000        0.0051539537
      428.0000000000        0.0051241143
      429.0000000000        0.0050870055
      430.0000000000        0.0050493525
      431.0000000000        0.0050243952
      432.0000000000        0.0049985842
      433.0000000000        0.0049789065
      434.0000000000        0.0049595938
      435.0000000000        0.0049376130
      436.0000000000        0.0049080627
      437.0000000000        0.0048955889
      438.0000000000        0.0048721546
      439.0000000000        0.0048519317
      440.0000000000        0.0048295800
      441.0000000000        0.0047994561
      442.0000000000        0.0047683824
      443.0000000000        0.0047451285
      444.0000000000        0.0047084064
      445.0000000000        0.0046835242
      446.0000000000        0.0046687453
      447.0000000000        0.0046481665
      448.0000000000        0.0046185351
      449.0000000000        0.0045962826
      450.0000000000        0.0045597666
      451.0000000000        0.0045267346
      452.0000000000        0.0045051429
      453.0000000000        0.0044787197
      454.0000000000        0.0044557252
      455.0000000000        0.0044301018
      456.0000000000        0.0044120580
      457.0000000000        0.0043823840
      458.0000000000        0.0043601580
      459.0000000000        0.0043418201
      460.0000000000        0.0043145711
      461.0000000000        0.0042945080
      462.0000000000        0.0042664825
      463.0000000000        0.0042378617
      464.0000000000        0.0042197277
      465.0000000000        0.0041868221
      466.0000000000        0.0041716917
      467.0000000000        0.0041475569
      468.0000000000        0.0041494522
      469.0000000000        0.0041334227
      470.0000000000        0.0041138560
      471.0000000000        0.0040927534
      472.0000000000        0.0040603382
      473.0000000000        0.0040428442
      474.0000000000        0.0040196798
      475.0000000000        0.0039897962
      476.0000000000        0.0039736029
      477.0000000000        0.0039513242
      478.0000000000        0.0039377093
      479.0000000000        0.0039089647
      480.0000000000        0.0038917718
      481.0000000000        0.0038713136
      482.0000000000        0.0038454293
      483.0000000000        0.0038074026
      484.0000000000        0.0037858350
      485.0000000000        0.0037519029
      486.0000000000        0.0037267934
      487.0000000000        0.0037090905
      488.0000000000        0.0036894567
      489.0000000000        0.0036616646
      490.0000000000        0.0036497374
      491.0000000000        0.0036357974
      492.0000000000        0.0036126926
      493.0000000000        0.0035942915
      494.0000000000        0.0035886654
      495.0000000000        0.0035811026
      496.0000000000        0.0035560332
      497.0000000000        0.0035392775
      498.0000000000        0.0035226711
      499.0000000000        0.0034915638
      500.0000000000        0.0034686850
      501.0000000000        0.0034439436
      502.0000000000        0.0034190806
      503.0000000000        0.0034062689
      504.0000000000        0.0033907993
      505.0000000000        0.0033741977
      506.0000000000        0.0033503907
      507.0000000000        0.0033217949
      508.0000000000        0.0032961954
      509.0000000000        0.0032812059
      510.0000000000        0.0032819739
      511.0000000000        0.0032524903
      512.0000000000        0.0032348841
      513.0000000000        0.0031991567
      514.0000000000        0.0031839692
      515.0000000000        0.0031585162
      516.0000000000        0.0031293269
      517.0000000000        0.0031100155
      518.0000000000        0.0030997402
      519.0000000000        0.0030854509
      520.0000000000        0.0030602629
      521.0000000000        0.0030694027
      522.0000000000        0.0030549515
      523.0000000000        0.0030486264
      524.0000000000        0.0030342085
      525.0000000000        0.0030357457
      526.0000000000        0.0030154285
      527.0000000000        0.0029830823
      528.0000000000        0.0029596700
      529.0000000000        0.0029391710
      530.0000000000        0.0029107454
      531.0000000000        0.0028938659
      532.0000000000        0.0028864193
      533.0000000000        0.0028681232
      534.0000000000        0.0028468140
      535.0000000000        0.0028367361
      536.0000000000        0.0028220305
      537.0000000000        0.0027983901
      538.0000000000        0.0027888301
      539.0000000000        0.0027726397
      540.0000000000        0.0027548861
      541.0000000000        0.0027322786
      542.0000000000        0.0027092694
      543.0000000000        0.0027023874
      544.0000000000        0.0027017960
      545.0000000000        0.0026762122
      546.0000000000        0.0026640063
      547.0000000000        0.0026361006
      548.0000000000        0.0026220808
      549.0000000000        0.0026151561
      550.0000000000        0.0025904077
      551.0000000000        0.0025799124
      552.0000000000        0.0025747480
      553.0000000000        0.0025505818
      554.0000000000        0.0025395534
      555.0000000000        0.0025458905
      556.0000000000        0.0025298714
      557.0000000000        0.0025135726
      558.0000000000        0.0024971492
      559.0000000000        0.0024747591
      560.0000000000        0.0024527527
      561.0000000000        0.0024440304
      562.0000000000        0.0024292659
      563.0000000000        0.0024158493
      564.0000000000        0.0024039825
      565.0000000000        0.0023897380
      566.0000000000        0.0023729842
      567.0000000000        0.0023507895
      568.0000000000        0.0023414584
      569.0000000000        0.0023316257
      570.0000000000        0.0023110427
      571.0000000000        0.0023010729
      572.0000000000        0.0022834272
      573.0000000000        0.0022746691
      574.0000000000        0.0022533755
      575.0000000000        0.0022423840
      576.0000000000        0.0022426403
      577.0000000000        0.0022253971
      578.0000000000        0.0022230612
      579.0000000000        0.0022161947
      580.0000000000        0.0021981429
      581.0000000000        0.0021819473
      582.0000000000        0.0021833695
      583.0000000000        0.0021732743
      584.0000000000        0.0021529453
      585.0000000000        0.0021353564
      586.0000000000        0.0021159164
      587.0000000000        0.0020940425
      588.0000000000        0.0020926714
      589.0000000000        0.0020858216
      590.0000000000        0.0020936621
      591.0000000000        0.0020819992
      592.0000000000        0.0020655870
      593.0000000000        0.0020492980
      594.0000000000        0.0020401723
      595.0000000000        0.0020249881
      596.0000000000        0.0020154359
      597.0000000000        0.0019979089
      598.0000000000        0.0019833170
      599.0000000000        0.0019653426
      600.0000000000        0.0019520506
      601.0000000000        0.0019363114
      602.0000000000        0.0019296672
      603.0000000000        0.0019190726
      604.0000000000        0.0019134572
      605.0000000000        0.0019111501
      606.0000000000        0.0018799242
      607.0000000000        0.0018590946
      608.0000000000        0.0018588318
      609.0000000000        0.0018487103
      610.0000000000        0.0018346497
      611.0000000000        0.0018278720
      612.0000000000        0.0018114123
      613.0000000000        0.0018065409
      614.0000000000        0.0017895406
      615.0000000000        0.0017647272
      616.0000000000        0.0017627410
      617.0000000000        0.0017422991
      618.0000000000        0.0017187289
      619.0000000000        0.0016981988
      620.0000000000        0.0016784234
      621.0000000000        0.0016696631
      622.0000000000        0.0016661148
      623.0000000000        0.0016605456
      624.0000000000        0.0016401670
      625.0000000000        0.0016218448
      626.0000000000        0.0016199915
      627.0000000000        0.0016180441
      628.0000000000        0.0016157741
      629.0000000000        0.0016190248
      630.0000000000        0.0016011080
      631.0000000000        0.0015925990
      632.0000000000        0.0015805161
      633.0000000000        0.0015566235
      634.0000000000        0.0015370139
      635.0000000000        0.0015280146
      636.0000000000        0.0015266342
      637.0000000000        0.0015218202
      638.0000000000        0.0015102929
      639.0000000000        0.0015010743
      640.0000000000        0.0015032097
      641.0000000000        0.0014843863
      642.0000000000        0.0014659091
      643.0000000000        0.0014557628
      644.0000000000        0.0014396161
      645.0000000000        0.0014306386
      646.0000000000        0.0014094409
      647.0000000000        0.0013851482
      648.0000000000        0.0013906372
      649.0000000000        0.0013795905
      650.0000000000        0.0013749011
      651.0000000000        0.0013633017
      652.0000000000        0.0013569622
      653.0000000000        0.0013573752
      654.0000000000        0.0013466818
      655.0000000000        0.0013220761
      656.0000000000        0.0013151803
      657.0000000000        0.0012972816
      658.0000000000        0.0012896785
      659.0000000000        0.0012784204
      660.0000000000        0.0012784047
      661.0000000000        0.0012707705
      662.0000000000        0.0012657840
      663.0000000000        0.0012490269
      664.0000000000        0.0012401844
      665.0000000000        0.0012213699
      666.0000000000        0.0011939773
      667.0000000000        0.0011922117
      668.0000000000        0.0011701785
      669.0000000000        0.0011734666
      670.0000000000        0.0011666728
      671.0000000000        0.0011608674
      672.0000000000        0.0011422406
      673.0000000000        0.0011437518
      674.0000000000        0.0011393550
      675.0000000000        0.0011283945
      676.0000000000        0.0011267804
      677.0000000000        0.0011165506
      678.0000000000        0.0010975941
      679.0000000000        0.0010812624
      680.0000000000        0.0010589085
      681.0000000000        0.0010373069
      682.0000000000        0.0010336468
      683.0000000000        0.0010320648
      684.0000000000        0.0010173853
      685.0000000000        0.0010049798
      686.0000000000        0.0009910913
      687.0000000000        0.0009817121
      688.0000000000        0.0009603509
      689.0000000000        0.0009629170
      690.0000000000        0.0009616504
      691.0000000000        0.0009558171
      692.0000000000        0.0009519792
      693.0000000000        0.0009389724
      694.0000000000        0.0009338977
      695.0000000000        0.0009367606
      696.0000000000        0.0009167557
      697.0000000000        0.0008924077
      698.0000000000        0.0008767045
      699.0000000000        0.0008720103
      700.0000000000        0.0008703903
      701.0000000000        0.0008585687
      702.0000000000        0.0008453176
      703.0000000000        0.0008580087
      704.0000000000        0.0008379508
      705.0000000000        0.0008275195
      706.0000000000        0.0008181459
      707.0000000000        0.0008023113
      708.0000000000        0.0008131361
      709.0000000000        0.0008076776
      710.0000000000        0.0008042508
      711.0000000000        0.0007978733
      712.0000000000        0.0007953088
      713.0000000000        0.0007846256
      714.0000000000        0.0007797816
      715.0000000000        0.0007722951
      716.0000000000        0.0007544250
      717.0000000000        0.0007302901
      718.0000000000        0.0007370698
      719.0000000000        0.0007328616
      720.0000000000        0.0007223213
      721.0000000000        0.0007129105
      722.0000000000        0.0007037233
      723.0000000000        0.0006906947
      724.0000000000        0.0006803591
      725.0000000000        0.0006701306
      726.0000000000        0.0006619099
      727.0000000000        0.0006618717
      728.0000000000        0.0006566039
      729.0000000000        0.0006501617
      730.0000000000        0.0006384452
      731.0000000000        0.0006289713
      732.0000000000        0.0006255292
      733.0000000000        0.0006233338
      734.0000000000        0.0006311866
      735.0000000000        0.0006351063
      736.0000000000        0.0006260845
      737.0000000000        0.0006108433
      738.0000000000        0.0005936937
      739.0000000000        0.0005872992
      740.0000000000        0.0005802342
      741.0000000000        0.0005804356
      742.0000000000        0.0005746343
      743.0000000000        0.0005654136
      744.0000000000        0.0005556347
      745.0000000000        0.0005465227
      746.0000000000        0.0005410457
      747.0000000000        0.0005253905
      748.0000000000        0.0005050381
      749.0000000000        0.0004967572
      750.0000000000        0.0004787238
      751.0000000000        0.0004755547
      752.0000000000        0.0004686703
      753.0000000000        0.0004520429
      754.0000000000        0.0004232792
      755.0000000000        0.0004325169
      756.0000000000        0.0004157181
      757.0000000000        0.0004112978
      758.0000000000        0.0003963970
      759.0000000000        0.0004130337
      760.0000000000        0.0003930561
      761.0000000000        0.0003906896
      762.0000000000        0.0003962206
      763.0000000000        0.0003928015
      764.0000000000        0.0003873682
      765.0000000000        0.0003892531
      766.0000000000        0.0003690508
      767.0000000000        0.0003758188
      768.0000000000        0.0003726815
      769.0000000000        0.0003735484
      770.0000000000        0.0003706118
      771.0000000000        0.0003528634
      772.0000000000        0.0003614343
      773.0000000000        0.0003550957
      774.0000000000        0.0003566874
      775.0000000000        0.0003515058
      776.0000000000        0.0003400237
      777.0000000000        0.0003284704
      778.0000000000        0.0003161683
      779.0000000000        0.0003203949
      780.0000000000        0.0003175019
      781.0000000000        0.0003154202
      782.0000000000        0.0003092577
      783.0000000000        0.0003063335
      784.0000000000        0.0002963223
      785.0000000000        0.0003122507
      786.0000000000        0.0003235400
      787.0000000000        0.0003169447
      788.0000000000        0.0003092879
      789.0000000000        0.0002988440
      790.0000000000        0.0002895392
      791.0000000000        0.0002893797
      792.0000000000        0.0002861490
      793.0000000000        0.0002934153
      794.0000000000        0.0002772486
      795.0000000000        0.0002724994
      796.0000000000        0.0002636795
      797.0000000000        0.0002526738
      798.0000000000        0.0002521774
      799.0000000000        0.0002470633
      800.0000000000        0.0002364459
      801.0000000000        0.0002368828
      802.0000000000        0.0002182001
      803.0000000000        0.0002090327
      804.0000000000        0.0002039046
      805.0000000000        0.0002067251
      806.0000000000        0.0002219728
      807.0000000000        0.0002080585
      808.0000000000        0.0002191473
      809.0000000000        0.0002078473
      810.0000000000        0.0002062663
      811.0000000000        0.0001955938
      812.0000000000        0.0001799235
      813.0000000000        0.0001817649
      814.0000000000        0.0001870398
      815.0000000000        0.0001967604
      816.0000000000        0.0001751797
      817.0000000000        0.0001705398
      818.0000000000        0.0001754330
      819.0000000000        0.0001820361
      820.0000000000        0.0001656096
      821.0000000000        0.0001483180
      822.0000000000        0.0001539328
      823.0000000000        0.0001497552
      824.0000000000        0.0001589587
      825.0000000000        0.0001556144
      826.0000000000        0.0001539469
      827.0000000000        0.0001433070
      828.0000000000        0.0001233568
      829.0000000000        0.0001243084
      830.0000000000        0.0001246874
      831.0000000000        0.0001431044
      832.0000000000        0.0001587003
      833.0000000000        0.0001582484
      834.0000000000        0.0001537109
      835.0000000000        0.0001538452
      836.0000000000        0.0001563189
      837.0000000000        0.0001349578
      838.0000000000        0.0001369303
      839.0000000000        0.0001430563
      840.0000000000        0.0001250631
      841.0000000000        0.0001209647
      842.0000000000        0.0001115574
      843.0000000000        0.0001273485
      844.0000000000        0.0001226172
      845.0000000000        0.0001078711
      846.0000000000        0.0001117215
      847.0000000000        0.0001084340
      848.0000000000        0.0000991190
      849.0000000000        0.0000895324
      850.0000000000        0.0000912144
      851.0000000000        0.0000823636
      852.0000000000        0.0000710200
      853.0000000000        0.0000586724
      854.0000000000        0.0000558025
      855.0000000000        0.0000583569
      856.0000000000        0.0000381875
      857.0000000000        0.0000389615
      858.0000000000        0.0000309129
      859.0000000000        0.0000344603
      860.0000000000        0.0000073287
      861.0000000000        0.0000061600
      862.0000000000        0.0000212099
      863.0000000000        0.0000201322
      864.0000000000        0.0000126666
      865.0000000000        0.0000038649
      866.0000000000       -0.0000018880
      867.0000000000       -0.0000220280
      868.0000000000       -0.0000112309
      869.0000000000       -0.0000059155
      870.0000000000       -0.0000039885
      871.0000000000       -0.0000105155
      872.0000000000       -0.0000111492
      873.0000000000       -0.0000272863
      874.0000000000       -0.0000286782
      875.0000000000       -0.0000375616
      876.0000000000       -0.0000346568
      877.0000000000       -0.0000322701
      878.0000000000       -0.0000281267
      879.0000000000       -0.0000234915
      880.0000000000       -0.0000122552
      881.0000000000       -0.0000169141
      882.0000000000       -0.0000231396
      883.0000000000       -0.0000213712
      884.0000000000       -0.0000252177
      885.0000000000       -0.0000350848
      886.0000000000       -0.0000482737
      887.0000000000       -0.0000440275
      888.0000000000       -0.0000597129
      889.0000000000       -0.0000564431
      890.0000000000       -0.0000660000
      891.0000000000       -0.0000542892
      892.0000000000       -0.0000590263
      893.0000000000       -0.0000680627
      894.0000000000       -0.0000607377
      895.0000000000       -0.0000690372
      896.0000000000       -0.0000627990
      897.0000000000       -0.0000577059
      898.0000000000       -0.0000603236
      899.0000000000       -0.0000732199
      900.0000000000       -0.0000750606
      901.0000000000       -0.0000683698
      902.0000000000       -0.0000764282
      903.0000000000       -0.0000616692
      904.0000000000       -0.0000588086
      905.0000000000       -0.0000732892
      906.0000000000       -0.0000647124
      907.0000000000       -0.0000806481
      908.0000000000       -0.0000919366
      909.0000000000       -0.0000910834
      910.0000000000       -0.0001012321
      911.0000000000       -0.0000967171
      912.0000000000       -0.0001057159
      913.0000000000       -0.0001179060
      914.0000000000       -0.0001173579
      915.0000000000       -0.0001193385
      916.0000000000       -0.0001231656
      917.0000000000       -0.0001159764
      918.0000000000       -0.0001178412
      919.0000000000       -0.0001125963
      920.0000000000       -0.0001241057
      921.0000000000       -0.0001207502
      922.0000000000       -0.0001215571
      923.0000000000       -0.0001287245
      924.0000000000       -0.0001167062
      925.0000000000       -0.0001293556
      926.0000000000       -0.0001310097
      927.0000000000       -0.0001284782
      928.0000000000       -0.0001434565
      929.0000000000       -0.0001572219
      930.0000000000       -0.0001609238
      931.0000000000       -0.0001448465
      932.0000000000       -0.0001599550
      933.0000000000       -0.0001684432
      934.0000000000       -0.0001672565
      935.0000000000       -0.0001725982
      936.0000000000       -0.0001763944
      937.0000000000       -0.0001801006
      938.0000000000       -0.0001802736
      939.0000000000       -0.0001803707
      940.0000000000       -0.0001743413
      941.0000000000       -0.0001715631
      942.0000000000       -0.0001790203
      943.0000000000       -0.0001896397
      944.0000000000       -0.0001859605
      945.0000000000       -0.0001878862
      946.0000000000       -0.0001842210
      947.0000000000       -0.0001804258
      948.0000000000       -0.0001718187
      949.0000000000       -0.0001656259
      950.0000000000       -0.0001618612
      951.0000000000       -0.0001673843
      952.0000000000       -0.0001705479
      953.0000000000       -0.0001874454
      954.0000000000       -0.0001802560
      955.0000000000       -0.0001831991
      956.0000000000       -0.0001808659
      957.0000000000       -0.0001867723
      958.0000000000       -0.0001903066
      959.0000000000       -0.0001802142
      960.0000000000       -0.0001888859
      961.0000000000       -0.0001943909
      962.0000000000       -0.0001971308
      963.0000000000       -0.0001882709
      964.0000000000       -0.0001948906
      965.0000000000       -0.0001933689
      966.0000000000       -0.0002016390
      967.0000000000       -0.0002030556
      968.0000000000       -0.0002005944
      969.0000000000       -0.0001956641
      970.0000000000       -0.0001852502
      971.0000000000       -0.0001872502
      972.0000000000       -0.0001915939
      973.0000000000       -0.0002008888
      974.0000000000       -0.0002048045
      975.0000000000       -0.0002057206
      976.0000000000       -0.0002042488
      977.0000000000       -0.0001972323
      978.0000000000       -0.0001995474
      979.0000000000       -0.0002032269
      980.0000000000       -0.0002062931
      981.0000000000       -0.0002012299
      982.0000000000       -0.0001890128
      983.0000000000       -0.0001870837
      984.0000000000       -0.0002084880
      985.0000000000       -0.0002203459
      986.0000000000       -0.0002193049
      987.0000000000       -0.0002327633
      988.0000000000       -0.0002405274
      989.0000000000       -0.0002496861
      990.0000000000       -0.0002594042
      991.0000000000       -0.0002514998
      992.0000000000       -0.0002605054
      993.0000000000       -0.0002596410
      994.0000000000       -0.0002581986
      995.0000000000       -0.0002686616
      996.0000000000       -0.0002739140
      997.0000000000       -0.0002902331
      998.0000000000       -0.0002940726
      999.0000000000       -0.0003006241
     1000.0000000000       -0.0002997364
     1001.0000000000       -0.0002802690
     1002.0000000000       -0.0002777449
     1003.0000000000       -0.0002816322
     1004.0000000000       -0.0002957043
     1005.0000000000       -0.0003056816
     1006.0000000000       -0.0003065883
     1007.0000000000       -0.0002976616
     1008.0000000000       -0.0003155976
     1009.0000000000       -0.0003220046
     1010.0000000000       -0.0003198821
     1011.0000000000       -0.0003082374
     1012.0000000000       -0.0002947324
     1013.0000000000       -0.0003043882
     1014.0000000000       -0.0003088502
     1015.0000000000       -0.0003158313
     1016.0000000000       -0.0003073241
     1017.0000000000       -0.0003196170
     1018.0000000000       -0.0003210993
     1019.0000000000       -0.0003162489
     1020.0000000000       -0.0003184440
     1021.0000000000       -0.0003382561
     1022.0000000000       -0.0003401888
     1023.0000000000       -0.0003389015
     1024.0000000000       -0.0003370179
