        0.0000000000        0.1267743816
        1.0000000000        0.0539260166
        2.0000000000        0.0368525411
        3.0000000000        0.0289642195
        4.0000000000        0.0242869479
        5.0000000000        0.0211330227
        6.0000000000        0.0188345282
        7.0000000000        0.0170714824
        8.0000000000        0.0156630884
        9.0000000000        0.0145092074
       10.0000000000        0.0135418539
       11.0000000000        0.0127180099
       12.0000000000        0.0120031436
       13.0000000000        0.0113783783
       14.0000000000        0.0108244128
       15.0000000000        0.0103296101
       16.0000000000        0.0098850958
       17.0000000000        0.0094836583
       18.0000000000        0.0091186781
       19.0000000000        0.0087817285
       20.0000000000        0.0084727835
       21.0000000000        0.0081889135
       22.0000000000        0.0079258731
       23.0000000000        0.0076808497
       24.0000000000        0.0074502463
       25.0000000000        0.0072371542
       26.0000000000        0.0070355959
       27.0000000000        0.0068471208
       28.0000000000        0.0066692199
       29.0000000000        0.0065011200
       30.0000000000        0.0063428689
       31.0000000000        0.0061907665
       32.0000000000        0.0060480460
       33.0000000000        0.0059117642
       34.0000000000        0.0057812073
       35.0000000000        0.0056571093
       36.0000000000        0.0055383454
       37.0000000000        0.0054257910
       38.0000000000        0.0053168966
       39.0000000000        0.0052125659
       40.0000000000        0.0051131306
       41.0000000000        0.0050172161
       42.0000000000        0.0049247159
       43.0000000000        0.0048356973
       44.0000000000        0.0047501047
       45.0000000000        0.0046674683
       46.0000000000        0.0045887435
       47.0000000000        0.0045120693
       48.0000000000        0.0044366453
       49.0000000000        0.0043652189
       50.0000000000        0.0042951519
       51.0000000000        0.0042283814
       52.0000000000        0.0041632785
       53.0000000000        0.0041003302
       54.0000000000        0.0040391222
       55.0000000000        0.0039802155
       56.0000000000        0.0039215273
       57.0000000000        0.0038651323
       58.0000000000        0.0038102765
       59.0000000000        0.0037559710
       60.0000000000        0.0037045337
       61.0000000000        0.0036550194
       62.0000000000        0.0036056906
       63.0000000000        0.0035567735
       64.0000000000        0.0035113635
       65.0000000000        0.0034657267
       66.0000000000        0.0034218961
       67.0000000000        0.0033776680
       68.0000000000        0.0033365198
       69.0000000000        0.0032971554
       70.0000000000        0.0032565994
       71.0000000000        0.0032169669
       72.0000000000        0.0031779159
       73.0000000000        0.0031401367
       74.0000000000        0.0031041279
       75.0000000000        0.0030675958
       76.0000000000        0.0030323829
       77.0000000000        0.0029981277
       78.0000000000        0.0029645646
       79.0000000000        0.0029297536
       80.0000000000        0.0028971900
       81.0000000000        0.0028662759
       82.0000000000        0.0028344791
       83.0000000000        0.0028030791
       84.0000000000        0.0027719523
       85.0000000000        0.0027430156
       86.0000000000        0.0027147515
       87.0000000000        0.0026863277
       88.0000000000        0.0026587714
       89.0000000000        0.0026323472
       90.0000000000        0.0026055712
       91.0000000000        0.0025793602
       92.0000000000        0.0025535282
       93.0000000000        0.0025289944
       94.0000000000        0.0025031766
       95.0000000000        0.0024781828
       96.0000000000        0.0024545830
       97.0000000000        0.0024305042
       98.0000000000        0.0024086332
       99.0000000000        0.0023860537
      100.0000000000        0.0023623809
      101.0000000000        0.0023399079
      102.0000000000        0.0023182871
      103.0000000000        0.0022973996
      104.0000000000        0.0022763354
      105.0000000000        0.0022557103
      106.0000000000        0.0022335557
      107.0000000000        0.0022147065
      108.0000000000        0.0021950263
      109.0000000000        0.0021758277
      110.0000000000        0.0021564477
      111.0000000000        0.0021367745
      112.0000000000        0.0021174581
      113.0000000000        0.0020988967
      114.0000000000        0.0020815532
      115.0000000000        0.0020635800
      116.0000000000        0.0020460476
      117.0000000000        0.0020285825
      118.0000000000        0.0020120652
      119.0000000000        0.0019951478
      120.0000000000        0.0019797997
      121.0000000000        0.0019619870
      122.0000000000        0.0019459912
      123.0000000000        0.0019296941
      124.0000000000        0.0019141525
      125.0000000000        0.0018987636
      126.0000000000        0.0018848904
      127.0000000000        0.0018689075
      128.0000000000        0.0018522880
      129.0000000000        0.0018384556
      130.0000000000        0.0018233765
      131.0000000000        0.0018094181
      132.0000000000        0.0017961433
      133.0000000000        0.0017807775
      134.0000000000        0.0017671084
      135.0000000000        0.0017537468
      136.0000000000        0.0017410195
      137.0000000000        0.0017279791
      138.0000000000        0.0017138191
      139.0000000000        0.0016994696
      140.0000000000        0.0016874767
      141.0000000000        0.0016756238
      142.0000000000        0.0016626940
      143.0000000000        0.0016501351
      144.0000000000        0.0016384700
      145.0000000000        0.0016269860
      146.0000000000        0.0016144152
      147.0000000000        0.0016026449
      148.0000000000        0.0015909974
      149.0000000000        0.0015794801
      150.0000000000        0.0015685954
      151.0000000000        0.0015561660
      152.0000000000        0.0015437879
      153.0000000000        0.0015318908
      154.0000000000        0.0015235090
      155.0000000000        0.0015110573
      156.0000000000        0.0014999957
      157.0000000000        0.0014889432
      158.0000000000        0.0014786592
      159.0000000000        0.0014690165
      160.0000000000        0.0014586918
      161.0000000000        0.0014475511
      162.0000000000        0.0014377327
      163.0000000000        0.0014271194
      164.0000000000        0.0014177319
      165.0000000000        0.0014092996
      166.0000000000        0.0013993016
      167.0000000000        0.0013910064
      168.0000000000        0.0013816132
      169.0000000000        0.0013729226
      170.0000000000        0.0013630208
      171.0000000000        0.0013541648
      172.0000000000        0.0013445635
      173.0000000000        0.0013349171
      174.0000000000        0.0013253676
      175.0000000000        0.0013162609
      176.0000000000        0.0013062636
      177.0000000000        0.0012991573
      178.0000000000        0.0012913067
      179.0000000000        0.0012821383
      180.0000000000        0.0012736981
      181.0000000000        0.0012656991
      182.0000000000        0.0012579034
      183.0000000000        0.0012484553
      184.0000000000        0.0012405393
      185.0000000000        0.0012336963
      186.0000000000        0.0012252000
      187.0000000000        0.0012175811
      188.0000000000        0.0012114742
      189.0000000000        0.0012018506
      190.0000000000        0.0011930012
      191.0000000000        0.0011847966
      192.0000000000        0.0011764852
      193.0000000000        0.0011690670
      194.0000000000        0.0011618965
      195.0000000000        0.0011556253
      196.0000000000        0.0011478804
      197.0000000000        0.0011410775
      198.0000000000        0.0011338148
      199.0000000000        0.0011273085
      200.0000000000        0.0011193124
      201.0000000000        0.0011127032
      202.0000000000        0.0011058307
      203.0000000000        0.0010977460
      204.0000000000        0.0010912343
      205.0000000000        0.0010851657
      206.0000000000        0.0010775343
      207.0000000000        0.0010714973
      208.0000000000        0.0010650619
      209.0000000000        0.0010591929
      210.0000000000        0.0010521255
      211.0000000000        0.0010450965
      212.0000000000        0.0010378918
      213.0000000000        0.0010320910
      214.0000000000        0.0010249415
      215.0000000000        0.0010196646
      216.0000000000        0.0010136735
      217.0000000000        0.0010070355
      218.0000000000        0.0010007555
      219.0000000000        0.0009948363
      220.0000000000        0.0009892782
      221.0000000000        0.0009838056
      222.0000000000        0.0009756753
      223.0000000000        0.0009711712
      224.0000000000        0.0009654942
      225.0000000000        0.0009603104
      226.0000000000        0.0009546427
      227.0000000000        0.0009486957
      228.0000000000        0.0009425871
      229.0000000000        0.0009358484
      230.0000000000        0.0009299717
      231.0000000000        0.0009249201
      232.0000000000        0.0009199664
      233.0000000000        0.0009149965
      234.0000000000        0.0009095352
      235.0000000000        0.0009036293
      236.0000000000        0.0008995523
      237.0000000000        0.0008931529
      238.0000000000        0.0008872572
      239.0000000000        0.0008824008
      240.0000000000        0.0008779339
      241.0000000000        0.0008727663
      242.0000000000        0.0008687149
      243.0000000000        0.0008623220
      244.0000000000        0.0008582237
      245.0000000000        0.0008527310
      246.0000000000        0.0008475175
      247.0000000000        0.0008427657
      248.0000000000        0.0008369578
      249.0000000000        0.0008324677
      250.0000000000        0.0008286602
      251.0000000000        0.0008231473
      252.0000000000        0.0008192756
      253.0000000000        0.0008142053
      254.0000000000        0.0008087419
      255.0000000000        0.0008050811
      256.0000000000        0.0007997585
      257.0000000000        0.0007955796
      258.0000000000        0.0007906563
      259.0000000000        0.0007868920
      260.0000000000        0.0007838634
      261.0000000000        0.0007792450
      262.0000000000        0.0007744260
      263.0000000000        0.0007696514
      264.0000000000        0.0007653456
      265.0000000000        0.0007605588
      266.0000000000        0.0007560569
      267.0000000000        0.0007514626
      268.0000000000        0.0007476800
      269.0000000000        0.0007447512
      270.0000000000        0.0007399720
      271.0000000000        0.0007354371
      272.0000000000        0.0007308869
      273.0000000000        0.0007279369
      274.0000000000        0.0007243220
      275.0000000000        0.0007208715
      276.0000000000        0.0007161026
      277.0000000000        0.0007116736
      278.0000000000        0.0007070664
      279.0000000000        0.0007040639
      280.0000000000        0.0006999355
      281.0000000000        0.0006951524
      282.0000000000        0.0006935465
      283.0000000000        0.0006896549
      284.0000000000        0.0006840428
      285.0000000000        0.0006814266
      286.0000000000        0.0006768750
      287.0000000000        0.0006734636
      288.0000000000        0.0006700942
      289.0000000000        0.0006669544
      290.0000000000        0.0006630907
      291.0000000000        0.0006606243
      292.0000000000        0.0006556576
      293.0000000000        0.0006517814
      294.0000000000        0.0006481395
      295.0000000000        0.0006456834
      296.0000000000        0.0006419000
      297.0000000000        0.0006376456
      298.0000000000        0.0006343894
      299.0000000000        0.0006316155
      300.0000000000        0.0006292914
      301.0000000000        0.0006252814
      302.0000000000        0.0006226132
      303.0000000000        0.0006193136
      304.0000000000        0.0006165770
      305.0000000000        0.0006127755
      306.0000000000        0.0006093187
      307.0000000000        0.0006045999
      308.0000000000        0.0006017862
      309.0000000000        0.0005987931
      310.0000000000        0.0005956434
      311.0000000000        0.0005927157
      312.0000000000        0.0005895816
      313.0000000000        0.0005865077
      314.0000000000        0.0005828765
      315.0000000000        0.0005800216
      316.0000000000        0.0005759377
      317.0000000000        0.0005730377
      318.0000000000        0.0005694633
      319.0000000000        0.0005679035
      320.0000000000        0.0005652692
      321.0000000000        0.0005631283
      322.0000000000        0.0005600704
      323.0000000000        0.0005563383
      324.0000000000        0.0005536029
      325.0000000000        0.0005508376
      326.0000000000        0.0005453217
      327.0000000000        0.0005421450
      328.0000000000        0.0005385823
      329.0000000000        0.0005369400
      330.0000000000        0.0005345591
      331.0000000000        0.0005317735
      332.0000000000        0.0005283926
      333.0000000000        0.0005248268
      334.0000000000        0.0005223468
      335.0000000000        0.0005210563
      336.0000000000        0.0005183072
      337.0000000000        0.0005156335
      338.0000000000        0.0005128640
      339.0000000000        0.0005089694
      340.0000000000        0.0005075747
      341.0000000000        0.0005057553
      342.0000000000        0.0005014303
      343.0000000000        0.0004986029
      344.0000000000        0.0004963509
      345.0000000000        0.0004933081
      346.0000000000        0.0004909107
      347.0000000000        0.0004884643
      348.0000000000        0.0004861883
      349.0000000000        0.0004842417
      350.0000000000        0.0004814422
      351.0000000000        0.0004795096
      352.0000000000        0.0004765763
      353.0000000000        0.0004742882
      354.0000000000        0.0004724632
      355.0000000000        0.0004687894
      356.0000000000        0.0004667657
      357.0000000000        0.0004636245
      358.0000000000        0.0004614566
      359.0000000000        0.0004601120
      360.0000000000        0.0004588151
      361.0000000000        0.0004567610
      362.0000000000        0.0004529717
      363.0000000000        0.0004509445
      364.0000000000        0.0004480376
      365.0000000000        0.0004447090
      366.0000000000        0.0004423011
      367.0000000000        0.0004403587
      368.0000000000        0.0004375061
      369.0000000000        0.0004352140
      370.0000000000        0.0004327745
      371.0000000000        0.0004301183
      372.0000000000        0.0004290699
      373.0000000000        0.0004275669
      374.0000000000        0.0004234540
      375.0000000000        0.0004226593
      376.0000000000        0.0004220591
      377.0000000000        0.0004202211
      378.0000000000        0.0004175526
      379.0000000000        0.0004138211
      380.0000000000        0.0004105891
      381.0000000000        0.0004087547
      382.0000000000        0.0004058202
      383.0000000000        0.0004047223
      384.0000000000        0.0004010176
      385.0000000000        0.0003990053
      386.0000000000        0.0003976635
      387.0000000000        0.0003953550
      388.0000000000        0.0003926824
      389.0000000000        0.0003907921
      390.0000000000        0.0003889459
      391.0000000000        0.0003875722
      392.0000000000        0.0003849325
      393.0000000000        0.0003834109
      394.0000000000        0.0003800131
      395.0000000000        0.0003777904
      396.0000000000        0.0003776488
      397.0000000000        0.0003746926
      398.0000000000        0.0003727702
      399.0000000000        0.0003700834
      400.0000000000        0.0003684283
      401.0000000000        0.0003678831
      402.0000000000        0.0003663714
      403.0000000000        0.0003636582
      404.0000000000        0.0003605875
      405.0000000000        0.0003591749
      406.0000000000        0.0003575248
      407.0000000000        0.0003562596
      408.0000000000        0.0003540718
      409.0000000000        0.0003522337
      410.0000000000        0.0003503451
      411.0000000000        0.0003492050
      412.0000000000        0.0003472367
      413.0000000000        0.0003455711
      414.0000000000        0.0003445830
      415.0000000000        0.0003417155
      416.0000000000        0.0003396675
      417.0000000000        0.0003390175
      418.0000000000        0.0003367413
      419.0000000000        0.0003359754
      420.0000000000        0.0003329849
      421.0000000000        0.0003313415
      422.0000000000        0.0003305730
      423.0000000000        0.0003276650
      424.0000000000        0.0003262138
      425.0000000000        0.0003242457
      426.0000000000        0.0003231817
      427.0000000000        0.0003207068
      428.0000000000        0.0003171689
      429.0000000000        0.0003168062
      430.0000000000        0.0003147857
      431.0000000000        0.0003129837
      432.0000000000        0.0003118156
      433.0000000000        0.0003090077
      434.0000000000        0.0003079854
      435.0000000000        0.0003072456
      436.0000000000        0.0003052275
      437.0000000000        0.0003033347
      438.0000000000        0.0003025156
      439.0000000000        0.0003011068
      440.0000000000        0.0002986021
      441.0000000000        0.0002961990
      442.0000000000        0.0002947247
      443.0000000000        0.0002928395
      444.0000000000        0.0002912359
      445.0000000000        0.0002901856
      446.0000000000        0.0002870210
      447.0000000000        0.0002862517
      448.0000000000        0.0002844647
      449.0000000000        0.0002855766
      450.0000000000        0.0002831837
      451.0000000000        0.0002806259
      452.0000000000        0.0002800137
      453.0000000000        0.0002780361
      454.0000000000        0.0002756360
      455.0000000000        0.0002739593
      456.0000000000        0.0002720803
      457.0000000000        0.0002714528
      458.0000000000        0.0002701721
      459.0000000000        0.0002685193
      460.0000000000        0.0002672718
      461.0000000000        0.0002664439
      462.0000000000        0.0002638235
      463.0000000000        0.0002633610
      464.0000000000        0.0002619457
      465.0000000000        0.0002609575
      466.0000000000        0.0002594023
      467.0000000000        0.0002584465
      468.0000000000        0.0002577415
      469.0000000000        0.0002558684
      470.0000000000        0.0002555427
      471.0000000000        0.0002532675
      472.0000000000        0.0002519599
      473.0000000000        0.0002512297
      474.0000000000        0.0002489261
      475.0000000000        0.0002473997
      476.0000000000        0.0002463025
      477.0000000000        0.0002457037
      478.0000000000        0.0002458786
      479.0000000000        0.0002448265
      480.0000000000        0.0002439037
      481.0000000000        0.0002421706
      482.0000000000        0.0002399121
      483.0000000000        0.0002380119
      484.0000000000        0.0002370273
      485.0000000000        0.0002367588
      486.0000000000        0.0002346532
      487.0000000000        0.0002335930
      488.0000000000        0.0002318570
      489.0000000000        0.0002306954
      490.0000000000        0.0002296491
      491.0000000000        0.0002280290
      492.0000000000        0.0002266847
      493.0000000000        0.0002260993
      494.0000000000        0.0002259670
      495.0000000000        0.0002244176
      496.0000000000        0.0002231559
      497.0000000000        0.0002221981
      498.0000000000        0.0002191905
      499.0000000000        0.0002181885
      500.0000000000        0.0002188559
      501.0000000000        0.0002176815
      502.0000000000        0.0002160857
      503.0000000000        0.0002146304
      504.0000000000        0.0002140933
      505.0000000000        0.0002135857
      506.0000000000        0.0002101161
      507.0000000000        0.0002087324
      508.0000000000        0.0002074030
      509.0000000000        0.0002056052
      510.0000000000        0.0002046496
      511.0000000000        0.0002022546
      512.0000000000        0.0001999723
      513.0000000000        0.0002001145
      514.0000000000        0.0001998893
      515.0000000000        0.0001975164
      516.0000000000        0.0001961081
      517.0000000000        0.0001942623
      518.0000000000        0.0001942725
      519.0000000000        0.0001931059
      520.0000000000        0.0001921538
      521.0000000000        0.0001909903
      522.0000000000        0.0001910021
      523.0000000000        0.0001894951
      524.0000000000        0.0001884052
      525.0000000000        0.0001876193
      526.0000000000        0.0001872571
      527.0000000000        0.0001853330
      528.0000000000        0.0001844061
      529.0000000000        0.0001835005
      530.0000000000        0.0001829022
      531.0000000000        0.0001807112
      532.0000000000        0.0001810255
      533.0000000000        0.0001801054
      534.0000000000        0.0001792109
      535.0000000000        0.0001785103
      536.0000000000        0.0001779933
      537.0000000000        0.0001771793
      538.0000000000        0.0001761131
      539.0000000000        0.0001750943
      540.0000000000        0.0001722408
      541.0000000000        0.0001703753
      542.0000000000        0.0001695149
      543.0000000000        0.0001688296
      544.0000000000        0.0001700102
      545.0000000000        0.0001686751
      546.0000000000        0.0001673594
      547.0000000000        0.0001665223
      548.0000000000        0.0001658399
      549.0000000000        0.0001644098
      550.0000000000        0.0001624138
      551.0000000000        0.0001620417
      552.0000000000        0.0001606955
      553.0000000000        0.0001597669
      554.0000000000        0.0001586654
      555.0000000000        0.0001586011
      556.0000000000        0.0001574571
      557.0000000000        0.0001558994
      558.0000000000        0.0001542200
      559.0000000000        0.0001542815
      560.0000000000        0.0001556189
      561.0000000000        0.0001542133
      562.0000000000        0.0001526129
      563.0000000000        0.0001504068
      564.0000000000        0.0001502909
      565.0000000000        0.0001497532
      566.0000000000        0.0001483972
      567.0000000000        0.0001487952
      568.0000000000        0.0001479027
      569.0000000000        0.0001457034
      570.0000000000        0.0001454699
      571.0000000000        0.0001430535
      572.0000000000        0.0001425974
      573.0000000000        0.0001421372
      574.0000000000        0.0001414145
      575.0000000000        0.0001404573
      576.0000000000        0.0001397008
      577.0000000000        0.0001377220
      578.0000000000        0.0001377453
      579.0000000000        0.0001380376
      580.0000000000        0.0001370302
      581.0000000000        0.0001363972
      582.0000000000        0.0001366925
      583.0000000000        0.0001348315
      584.0000000000        0.0001352337
      585.0000000000        0.0001353355
      586.0000000000        0.0001337635
      587.0000000000        0.0001319696
      588.0000000000        0.0001321113
      589.0000000000        0.0001307492
      590.0000000000        0.0001316198
      591.0000000000        0.0001302380
      592.0000000000        0.0001289033
      593.0000000000        0.0001286118
      594.0000000000        0.0001271082
      595.0000000000        0.0001263659
      596.0000000000        0.0001259446
      597.0000000000        0.0001240561
      598.0000000000        0.0001248248
      599.0000000000        0.0001229933
      600.0000000000        0.0001212726
      601.0000000000        0.0001213617
      602.0000000000        0.0001195159
      603.0000000000        0.0001184948
      604.0000000000        0.0001179320
      605.0000000000        0.0001176227
      606.0000000000        0.0001167919
      607.0000000000        0.0001148594
      608.0000000000        0.0001151044
      609.0000000000        0.0001151550
      610.0000000000        0.0001130633
      611.0000000000        0.0001124137
      612.0000000000        0.0001130212
      613.0000000000        0.0001127028
      614.0000000000        0.0001111166
      615.0000000000        0.0001118401
      616.0000000000        0.0001114844
      617.0000000000        0.0001104934
      618.0000000000        0.0001086719
      619.0000000000        0.0001081145
      620.0000000000        0.0001065944
      621.0000000000        0.0001061083
      622.0000000000        0.0001055569
      623.0000000000        0.0001041312
      624.0000000000        0.0001044982
      625.0000000000        0.0001036091
      626.0000000000        0.0001035520
      627.0000000000        0.0001025131
      628.0000000000        0.0001034545
      629.0000000000        0.0001022473
      630.0000000000        0.0001011073
      631.0000000000        0.0001002310
      632.0000000000        0.0000983219
      633.0000000000        0.0000986978
      634.0000000000        0.0000981630
      635.0000000000        0.0000974498
      636.0000000000        0.0000969769
      637.0000000000        0.0000966552
      638.0000000000        0.0000957159
      639.0000000000        0.0000963733
      640.0000000000        0.0000940641
      641.0000000000        0.0000934011
      642.0000000000        0.0000930715
      643.0000000000        0.0000914745
      644.0000000000        0.0000904627
      645.0000000000        0.0000896316
      646.0000000000        0.0000885090
      647.0000000000        0.0000876918
      648.0000000000        0.0000873066
      649.0000000000        0.0000870208
      650.0000000000        0.0000860462
      651.0000000000        0.0000872075
      652.0000000000        0.0000858550
      653.0000000000        0.0000849267
      654.0000000000        0.0000852337
      655.0000000000        0.0000857037
      656.0000000000        0.0000851242
      657.0000000000        0.0000840287
      658.0000000000        0.0000835692
      659.0000000000        0.0000830811
      660.0000000000        0.0000807690
      661.0000000000        0.0000819258
      662.0000000000        0.0000812963
      663.0000000000        0.0000804430
      664.0000000000        0.0000805784
      665.0000000000        0.0000781125
      666.0000000000        0.0000784290
      667.0000000000        0.0000769719
      668.0000000000        0.0000763746
      669.0000000000        0.0000764481
      670.0000000000        0.0000755611
      671.0000000000        0.0000752002
      672.0000000000        0.0000740261
      673.0000000000        0.0000748246
      674.0000000000        0.0000737754
      675.0000000000        0.0000729236
      676.0000000000        0.0000729401
      677.0000000000        0.0000727225
      678.0000000000        0.0000725437
      679.0000000000        0.0000709844
      680.0000000000        0.0000692130
      681.0000000000        0.0000694421
      682.0000000000        0.0000691663
      683.0000000000        0.0000695540
      684.0000000000        0.0000678726
      685.0000000000        0.0000683304
      686.0000000000        0.0000684581
      687.0000000000        0.0000686676
      688.0000000000        0.0000670954
      689.0000000000        0.0000667378
      690.0000000000        0.0000658867
      691.0000000000        0.0000663266
      692.0000000000        0.0000658058
      693.0000000000        0.0000656891
      694.0000000000        0.0000649939
      695.0000000000        0.0000636957
      696.0000000000        0.0000638614
      697.0000000000        0.0000619526
      698.0000000000        0.0000610671
      699.0000000000        0.0000618754
      700.0000000000        0.0000601162
      701.0000000000        0.0000612784
      702.0000000000        0.0000603957
      703.0000000000        0.0000593383
      704.0000000000        0.0000615274
      705.0000000000        0.0000594091
      706.0000000000        0.0000595082
      707.0000000000        0.0000576386
      708.0000000000        0.0000567729
      709.0000000000        0.0000567414
      710.0000000000        0.0000556179
      711.0000000000        0.0000552758
      712.0000000000        0.0000560532
      713.0000000000        0.0000559560
      714.0000000000        0.0000558998
      715.0000000000        0.0000552741
      716.0000000000        0.0000538992
      717.0000000000        0.0000535348
      718.0000000000        0.0000544255
      719.0000000000        0.0000539088
      720.0000000000        0.0000532619
      721.0000000000        0.0000529370
      722.0000000000        0.0000508185
      723.0000000000        0.0000518616
      724.0000000000        0.0000513367
      725.0000000000        0.0000494415
      726.0000000000        0.0000483160
      727.0000000000        0.0000484455
      728.0000000000        0.0000482270
      729.0000000000        0.0000480493
      730.0000000000        0.0000471809
      731.0000000000        0.0000476741
      732.0000000000        0.0000467607
      733.0000000000        0.0000462456
      734.0000000000        0.0000443415
      735.0000000000        0.0000447011
      736.0000000000        0.0000446359
      737.0000000000        0.0000434040
      738.0000000000        0.0000434810
      739.0000000000        0.0000440320
      740.0000000000        0.0000443852
      741.0000000000        0.0000429051
      742.0000000000        0.0000439532
      743.0000000000        0.0000434957
      744.0000000000        0.0000441578
      745.0000000000        0.0000437794
      746.0000000000        0.0000441995
      747.0000000000        0.0000428700
      748.0000000000        0.0000430041
      749.0000000000        0.0000418459
      750.0000000000        0.0000410040
      751.0000000000        0.0000410156
      752.0000000000        0.0000402367
      753.0000000000        0.0000394143
      754.0000000000        0.0000391036
      755.0000000000        0.0000380485
      756.0000000000        0.0000358673
      757.0000000000        0.0000368423
      758.0000000000        0.0000369741
      759.0000000000        0.0000362274
      760.0000000000        0.0000341166
      761.0000000000        0.0000334389
      762.0000000000        0.0000336254
      763.0000000000        0.0000351012
      764.0000000000        0.0000347435
      765.0000000000        0.0000339278
      766.0000000000        0.0000332001
      767.0000000000        0.0000322961
      768.0000000000        0.0000331729
      769.0000000000        0.0000335598
      770.0000000000        0.0000319858
      771.0000000000        0.0000319977
      772.0000000000        0.0000313281
      773.0000000000        0.0000308839
      774.0000000000        0.0000289509
      775.0000000000        0.0000295983
      776.0000000000        0.0000304324
      777.0000000000        0.0000290974
      778.0000000000        0.0000292596
      779.0000000000        0.0000285892
      780.0000000000        0.0000274151
      781.0000000000        0.0000264714
      782.0000000000        0.0000268471
      783.0000000000        0.0000272694
      784.0000000000        0.0000265420
      785.0000000000        0.0000276992
      786.0000000000        0.0000274872
      787.0000000000        0.0000279387
      788.0000000000        0.0000259946
      789.0000000000        0.0000262462
      790.0000000000        0.0000260749
      791.0000000000        0.0000248968
      792.0000000000        0.0000245200
      793.0000000000        0.0000237359
      794.0000000000        0.0000242723
      795.0000000000        0.0000240416
      796.0000000000        0.0000239873
      797.0000000000        0.0000232175
      798.0000000000        0.0000231507
      799.0000000000        0.0000242555
      800.0000000000        0.0000243690
      801.0000000000        0.0000246146
      802.0000000000        0.0000252508
      803.0000000000        0.0000239004
      804.0000000000        0.0000231280
      805.0000000000        0.0000226658
      806.0000000000        0.0000217526
      807.0000000000        0.0000215214
      808.0000000000        0.0000213369
      809.0000000000        0.0000208198
      810.0000000000        0.0000204800
      811.0000000000        0.0000201389
      812.0000000000        0.0000201356
      813.0000000000        0.0000206908
      814.0000000000        0.0000200759
      815.0000000000        0.0000200434
      816.0000000000        0.0000192588
      817.0000000000        0.0000189641
      818.0000000000        0.0000191773
      819.0000000000        0.0000187761
      820.0000000000        0.0000189881
      821.0000000000        0.0000178217
      822.0000000000        0.0000177520
      823.0000000000        0.0000182107
      824.0000000000        0.0000163319
      825.0000000000        0.0000159861
      826.0000000000        0.0000165916
      827.0000000000        0.0000158030
      828.0000000000        0.0000164325
      829.0000000000        0.0000170073
      830.0000000000        0.0000160453
      831.0000000000        0.0000150707
      832.0000000000        0.0000145202
      833.0000000000        0.0000141582
      834.0000000000        0.0000140125
      835.0000000000        0.0000143708
      836.0000000000        0.0000137325
      837.0000000000        0.0000137978
      838.0000000000        0.0000142990
      839.0000000000        0.0000129385
      840.0000000000        0.0000137304
      841.0000000000        0.0000120461
      842.0000000000        0.0000121657
      843.0000000000        0.0000128262
      844.0000000000        0.0000126363
      845.0000000000        0.0000126013
      846.0000000000        0.0000136906
      847.0000000000        0.0000128335
      848.0000000000        0.0000121306
      849.0000000000        0.0000116113
      850.0000000000        0.0000111612
      851.0000000000        0.0000118817
      852.0000000000        0.0000115838
      853.0000000000        0.0000114352
      854.0000000000        0.0000098277
      855.0000000000        0.0000111689
      856.0000000000        0.0000107300
      857.0000000000        0.0000095307
      858.0000000000        0.0000110330
      859.0000000000        0.0000112001
      860.0000000000        0.0000099712
      861.0000000000        0.0000092937
      862.0000000000        0.0000097727
      863.0000000000        0.0000081077
      864.0000000000        0.0000068631
      865.0000000000        0.0000061416
      866.0000000000        0.0000060279
      867.0000000000        0.0000057182
      868.0000000000        0.0000064802
      869.0000000000        0.0000061008
      870.0000000000        0.0000073528
      871.0000000000        0.0000073652
      872.0000000000        0.0000064240
      873.0000000000        0.0000069349
      874.0000000000        0.0000059998
      875.0000000000        0.0000063189
      876.0000000000        0.0000042464
      877.0000000000        0.0000034073
      878.0000000000        0.0000056258
      879.0000000000        0.0000048704
      880.0000000000        0.0000040617
      881.0000000000        0.0000044952
      882.0000000000        0.0000041900
      883.0000000000        0.0000044675
      884.0000000000        0.0000040686
      885.0000000000        0.0000049261
      886.0000000000        0.0000042156
      887.0000000000        0.0000037600
      888.0000000000        0.0000034918
      889.0000000000        0.0000044828
      890.0000000000        0.0000045053
      891.0000000000        0.0000048457
      892.0000000000        0.0000038526
      893.0000000000        0.0000034895
      894.0000000000        0.0000037284
      895.0000000000        0.0000035479
      896.0000000000        0.0000033869
      897.0000000000        0.0000022181
      898.0000000000        0.0000024184
      899.0000000000        0.0000025281
      900.0000000000        0.0000031526
      901.0000000000        0.0000027511
      902.0000000000        0.0000034558
      903.0000000000        0.0000025918
      904.0000000000        0.0000032142
      905.0000000000        0.0000024294
      906.0000000000        0.0000013435
      907.0000000000        0.0000022278
      908.0000000000        0.0000028327
      909.0000000000        0.0000016536
      910.0000000000        0.0000020042
      911.0000000000        0.0000009055
      912.0000000000        0.0000008727
      913.0000000000        0.0000011631
      914.0000000000        0.0000021839
      915.0000000000        0.0000000311
      916.0000000000       -0.0000008610
      917.0000000000       -0.0000001218
      918.0000000000        0.0000003316
      919.0000000000        0.0000003332
      920.0000000000        0.0000005708
      921.0000000000       -0.0000002218
      922.0000000000       -0.0000007452
      923.0000000000        0.0000002870
      924.0000000000        0.0000003969
      925.0000000000       -0.0000003436
      926.0000000000       -0.0000015700
      927.0000000000       -0.0000014097
      928.0000000000       -0.0000007313
      929.0000000000       -0.0000015518
      930.0000000000       -0.0000022805
      931.0000000000       -0.0000025020
      932.0000000000       -0.0000022026
      933.0000000000       -0.0000029409
      934.0000000000       -0.0000014509
      935.0000000000       -0.0000019819
      936.0000000000       -0.0000007693
      937.0000000000       -0.0000025694
      938.0000000000       -0.0000027257
      939.0000000000       -0.0000032903
      940.0000000000       -0.0000023852
      941.0000000000       -0.0000025430
      942.0000000000       -0.0000027310
      943.0000000000       -0.0000025604
      944.0000000000       -0.0000024362
      945.0000000000       -0.0000030519
      946.0000000000       -0.0000043621
      947.0000000000       -0.0000048140
      948.0000000000       -0.0000042148
      949.0000000000       -0.0000045499
      950.0000000000       -0.0000041043
      951.0000000000       -0.0000044081
      952.0000000000       -0.0000037103
      953.0000000000       -0.0000038951
      954.0000000000       -0.0000043626
      955.0000000000       -0.0000036282
      956.0000000000       -0.0000028169
      957.0000000000       -0.0000024669
      958.0000000000       -0.0000014824
      959.0000000000       -0.0000021406
      960.0000000000       -0.0000016196
      961.0000000000       -0.0000018379
      962.0000000000       -0.0000020278
      963.0000000000       -0.0000032094
      964.0000000000       -0.0000028074
      965.0000000000       -0.0000028751
      966.0000000000       -0.0000022244
      967.0000000000       -0.0000020200
      968.0000000000       -0.0000021960
      969.0000000000       -0.0000034440
      970.0000000000       -0.0000048530
      971.0000000000       -0.0000027395
      972.0000000000       -0.0000032341
      973.0000000000       -0.0000032738
      974.0000000000       -0.0000031635
      975.0000000000       -0.0000035710
      976.0000000000       -0.0000042588
      977.0000000000       -0.0000043239
      978.0000000000       -0.0000049164
      979.0000000000       -0.0000045441
      980.0000000000       -0.0000039885
      981.0000000000       -0.0000031065
      982.0000000000       -0.0000044748
      983.0000000000       -0.0000052529
      984.0000000000       -0.0000070391
      985.0000000000       -0.0000061641
      986.0000000000       -0.0000061207
      987.0000000000       -0.0000062248
      988.0000000000       -0.0000066603
      989.0000000000       -0.0000065985
      990.0000000000       -0.0000065118
      991.0000000000       -0.0000059562
      992.0000000000       -0.0000055429
      993.0000000000       -0.0000046318
      994.0000000000       -0.0000044978
      995.0000000000       -0.0000036593
      996.0000000000       -0.0000046031
      997.0000000000       -0.0000044879
      998.0000000000       -0.0000051294
      999.0000000000       -0.0000046970
     1000.0000000000       -0.0000043649
     1001.0000000000       -0.0000040398
     1002.0000000000       -0.0000047828
     1003.0000000000       -0.0000051531
     1004.0000000000       -0.0000050979
     1005.0000000000       -0.0000036974
     1006.0000000000       -0.0000036724
     1007.0000000000       -0.0000028050
     1008.0000000000       -0.0000038772
     1009.0000000000       -0.0000029105
     1010.0000000000       -0.0000032750
     1011.0000000000       -0.0000035636
     1012.0000000000       -0.0000029696
     1013.0000000000       -0.0000030503
     1014.0000000000       -0.0000039201
     1015.0000000000       -0.0000022115
     1016.0000000000       -0.0000042915
     1017.0000000000       -0.0000031060
     1018.0000000000       -0.0000032615
     1019.0000000000       -0.0000036127
     1020.0000000000       -0.0000036961
     1021.0000000000       -0.0000035991
     1022.0000000000       -0.0000030395
     1023.0000000000       -0.0000039261
     1024.0000000000       -0.0000040307
