        0.0000000000        0.0871579178
        1.0000000000        0.0628973640
        2.0000000000        0.0525741587
        3.0000000000        0.0462198700
        4.0000000000        0.0416423497
        5.0000000000        0.0379926067
        6.0000000000        0.0349922493
        7.0000000000        0.0324171530
        8.0000000000        0.0302314985
        9.0000000000        0.0282790522
       10.0000000000        0.0265904457
       11.0000000000        0.0250866601
       12.0000000000        0.0237683509
       13.0000000000        0.0225892008
       14.0000000000        0.0215380679
       15.0000000000        0.0205025199
       16.0000000000        0.0196537600
       17.0000000000        0.0188238815
       18.0000000000        0.0180875529
       19.0000000000        0.0173609085
       20.0000000000        0.0167944308
       21.0000000000        0.0162314055
       22.0000000000        0.0156809940
       23.0000000000        0.0151180641
       24.0000000000        0.0146618732
       25.0000000000        0.0141812879
       26.0000000000        0.0137457268
       27.0000000000        0.0133404027
       28.0000000000        0.0130086314
       29.0000000000        0.0126187453
       30.0000000000        0.0123132376
       31.0000000000        0.0120181056
       32.0000000000        0.0117916636
       33.0000000000        0.0115312571
       34.0000000000        0.0112790585
       35.0000000000        0.0110789475
       36.0000000000        0.0108047371
       37.0000000000        0.0104853548
       38.0000000000        0.0102215170
       39.0000000000        0.0100543239
       40.0000000000        0.0098184966
       41.0000000000        0.0096559146
       42.0000000000        0.0095114260
       43.0000000000        0.0093393979
       44.0000000000        0.0091582404
       45.0000000000        0.0090054082
       46.0000000000        0.0088864001
       47.0000000000        0.0086836327
       48.0000000000        0.0085647904
       49.0000000000        0.0083698711
       50.0000000000        0.0082211411
       51.0000000000        0.0080199576
       52.0000000000        0.0078773885
       53.0000000000        0.0077322150
       54.0000000000        0.0075795626
       55.0000000000        0.0074858084
       56.0000000000        0.0073677656
       57.0000000000        0.0072593909
       58.0000000000        0.0072578100
       59.0000000000        0.0071253955
       60.0000000000        0.0070473073
       61.0000000000        0.0070023893
       62.0000000000        0.0069061894
       63.0000000000        0.0067804164
       64.0000000000        0.0067299127
       65.0000000000        0.0066481835
       66.0000000000        0.0065762012
       67.0000000000        0.0065035262
       68.0000000000        0.0063982095
       69.0000000000        0.0063243368
       70.0000000000        0.0062349557
       71.0000000000        0.0061593743
       72.0000000000        0.0061071098
       73.0000000000        0.0060246266
       74.0000000000        0.0059453815
       75.0000000000        0.0058592425
       76.0000000000        0.0057418584
       77.0000000000        0.0056389270
       78.0000000000        0.0055523397
       79.0000000000        0.0055089241
       80.0000000000        0.0053864263
       81.0000000000        0.0053569417
       82.0000000000        0.0052737988
       83.0000000000        0.0052204354
       84.0000000000        0.0051231478
       85.0000000000        0.0051068398
       86.0000000000        0.0050879450
       87.0000000000        0.0049940815
       88.0000000000        0.0049456388
       89.0000000000        0.0049229481
       90.0000000000        0.0048260935
       91.0000000000        0.0048263811
       92.0000000000        0.0047129500
       93.0000000000        0.0046836382
       94.0000000000        0.0046536105
       95.0000000000        0.0046087215
       96.0000000000        0.0045482142
       97.0000000000        0.0044233407
       98.0000000000        0.0043772265
       99.0000000000        0.0043109159
      100.0000000000        0.0042522373
      101.0000000000        0.0041888719
      102.0000000000        0.0041432187
      103.0000000000        0.0041401204
      104.0000000000        0.0040560154
      105.0000000000        0.0039935439
      106.0000000000        0.0039548194
      107.0000000000        0.0039656637
      108.0000000000        0.0038848045
      109.0000000000        0.0038023682
      110.0000000000        0.0037662359
      111.0000000000        0.0037344630
      112.0000000000        0.0037124483
      113.0000000000        0.0036857845
      114.0000000000        0.0036912973
      115.0000000000        0.0036817644
      116.0000000000        0.0036124295
      117.0000000000        0.0035659352
      118.0000000000        0.0035584224
      119.0000000000        0.0035323355
      120.0000000000        0.0034951907
      121.0000000000        0.0034684831
      122.0000000000        0.0033931247
      123.0000000000        0.0033547296
      124.0000000000        0.0033772415
      125.0000000000        0.0032779161
      126.0000000000        0.0032756125
      127.0000000000        0.0032971406
      128.0000000000        0.0032929611
      129.0000000000        0.0032372580
      130.0000000000        0.0032091955
      131.0000000000        0.0032119011
      132.0000000000        0.0031713711
      133.0000000000        0.0031110840
      134.0000000000        0.0030579828
      135.0000000000        0.0030653290
      136.0000000000        0.0030876909
      137.0000000000        0.0029979906
      138.0000000000        0.0030175635
      139.0000000000        0.0029664399
      140.0000000000        0.0029584127
      141.0000000000        0.0028831057
      142.0000000000        0.0028510591
      143.0000000000        0.0028486714
      144.0000000000        0.0028673632
      145.0000000000        0.0028550690
      146.0000000000        0.0027794210
      147.0000000000        0.0026939228
      148.0000000000        0.0027069664
      149.0000000000        0.0026024920
      150.0000000000        0.0026237318
      151.0000000000        0.0025222675
      152.0000000000        0.0025706575
      153.0000000000        0.0024879403
      154.0000000000        0.0024637482
      155.0000000000        0.0024130820
      156.0000000000        0.0024675395
      157.0000000000        0.0024893264
      158.0000000000        0.0024642896
      159.0000000000        0.0023937251
      160.0000000000        0.0023786209
      161.0000000000        0.0024117727
      162.0000000000        0.0024304394
      163.0000000000        0.0024689976
      164.0000000000        0.0024303961
      165.0000000000        0.0023960900
      166.0000000000        0.0023582826
      167.0000000000        0.0023276993
      168.0000000000        0.0023569700
      169.0000000000        0.0023182083
      170.0000000000        0.0023279038
      171.0000000000        0.0023127406
      172.0000000000        0.0022345508
      173.0000000000        0.0021803323
      174.0000000000        0.0021656287
      175.0000000000        0.0021719818
      176.0000000000        0.0021297388
      177.0000000000        0.0021639051
      178.0000000000        0.0022173608
      179.0000000000        0.0022366586
      180.0000000000        0.0022198880
      181.0000000000        0.0020852362
      182.0000000000        0.0020298571
      183.0000000000        0.0020107094
      184.0000000000        0.0020326473
      185.0000000000        0.0020647386
      186.0000000000        0.0020749817
      187.0000000000        0.0021105254
      188.0000000000        0.0020999122
      189.0000000000        0.0021316145
      190.0000000000        0.0021439036
      191.0000000000        0.0021115141
      192.0000000000        0.0021114467
      193.0000000000        0.0021439765
      194.0000000000        0.0021144473
      195.0000000000        0.0021651346
      196.0000000000        0.0021034427
      197.0000000000        0.0020183961
      198.0000000000        0.0020186093
      199.0000000000        0.0020088302
      200.0000000000        0.0019594625
      201.0000000000        0.0019731854
      202.0000000000        0.0019577334
      203.0000000000        0.0019538560
      204.0000000000        0.0019055006
      205.0000000000        0.0018740396
      206.0000000000        0.0018578581
      207.0000000000        0.0017911919
      208.0000000000        0.0018081049
      209.0000000000        0.0018372487
      210.0000000000        0.0018313266
      211.0000000000        0.0018466985
      212.0000000000        0.0018648494
      213.0000000000        0.0018081136
      214.0000000000        0.0018011278
      215.0000000000        0.0017871916
      216.0000000000        0.0017995189
      217.0000000000        0.0018009323
      218.0000000000        0.0017923593
      219.0000000000        0.0018036410
      220.0000000000        0.0018132828
      221.0000000000        0.0018164349
      222.0000000000        0.0017788115
      223.0000000000        0.0017638400
      224.0000000000        0.0018084764
      225.0000000000        0.0017418669
      226.0000000000        0.0017328942
      227.0000000000        0.0016668727
      228.0000000000        0.0016484613
      229.0000000000        0.0016346577
      230.0000000000        0.0016140167
      231.0000000000        0.0016115391
      232.0000000000        0.0016720257
      233.0000000000        0.0016442144
      234.0000000000        0.0016502562
      235.0000000000        0.0016483021
      236.0000000000        0.0016220979
      237.0000000000        0.0016781447
      238.0000000000        0.0016675759
      239.0000000000        0.0016577949
      240.0000000000        0.0016608040
      241.0000000000        0.0016630974
      242.0000000000        0.0016291578
      243.0000000000        0.0016497124
      244.0000000000        0.0016385680
      245.0000000000        0.0016441294
      246.0000000000        0.0016744218
      247.0000000000        0.0016756876
      248.0000000000        0.0015882553
      249.0000000000        0.0015119913
      250.0000000000        0.0014908248
      251.0000000000        0.0014555860
      252.0000000000        0.0014054808
      253.0000000000        0.0013959562
      254.0000000000        0.0013874280
      255.0000000000        0.0013936978
      256.0000000000        0.0013845717
      257.0000000000        0.0014114936
      258.0000000000        0.0014189773
      259.0000000000        0.0013741015
      260.0000000000        0.0013561901
      261.0000000000        0.0013338598
      262.0000000000        0.0013843186
      263.0000000000        0.0014525626
      264.0000000000        0.0014571256
      265.0000000000        0.0014484174
      266.0000000000        0.0014537910
      267.0000000000        0.0013672016
      268.0000000000        0.0013740634
      269.0000000000        0.0014390973
      270.0000000000        0.0014196278
      271.0000000000        0.0014008794
      272.0000000000        0.0014006692
      273.0000000000        0.0014038752
      274.0000000000        0.0013633173
      275.0000000000        0.0013477623
      276.0000000000        0.0012954001
      277.0000000000        0.0013012183
      278.0000000000        0.0012826038
      279.0000000000        0.0012306623
      280.0000000000        0.0012054160
      281.0000000000        0.0011720167
      282.0000000000        0.0011612009
      283.0000000000        0.0010974438
      284.0000000000        0.0011141751
      285.0000000000        0.0011016072
      286.0000000000        0.0011590272
      287.0000000000        0.0012104098
      288.0000000000        0.0012256846
      289.0000000000        0.0011673508
      290.0000000000        0.0011862796
      291.0000000000        0.0011791139
      292.0000000000        0.0012455520
      293.0000000000        0.0012412256
      294.0000000000        0.0011992618
      295.0000000000        0.0011956766
      296.0000000000        0.0011658071
      297.0000000000        0.0011415136
      298.0000000000        0.0011076595
      299.0000000000        0.0010816638
      300.0000000000        0.0011073485
      301.0000000000        0.0010808031
      302.0000000000        0.0011075627
      303.0000000000        0.0011752722
      304.0000000000        0.0011438546
      305.0000000000        0.0011304707
      306.0000000000        0.0011694147
      307.0000000000        0.0011484095
      308.0000000000        0.0011544644
      309.0000000000        0.0011054292
      310.0000000000        0.0010931643
      311.0000000000        0.0011014362
      312.0000000000        0.0011163936
      313.0000000000        0.0010846953
      314.0000000000        0.0010928212
      315.0000000000        0.0010944373
      316.0000000000        0.0010944148
      317.0000000000        0.0010552147
      318.0000000000        0.0010546178
      319.0000000000        0.0010061082
      320.0000000000        0.0010214237
      321.0000000000        0.0010151957
      322.0000000000        0.0010869590
      323.0000000000        0.0010450979
      324.0000000000        0.0009969603
      325.0000000000        0.0009995562
      326.0000000000        0.0009826674
      327.0000000000        0.0009028411
      328.0000000000        0.0008775512
      329.0000000000        0.0008812698
      330.0000000000        0.0008901646
      331.0000000000        0.0008518631
      332.0000000000        0.0008838180
      333.0000000000        0.0009016238
      334.0000000000        0.0009136911
      335.0000000000        0.0009111385
      336.0000000000        0.0009445957
      337.0000000000        0.0009784956
      338.0000000000        0.0009552675
      339.0000000000        0.0008728866
      340.0000000000        0.0008210983
      341.0000000000        0.0008206473
      342.0000000000        0.0008046324
      343.0000000000        0.0007644073
      344.0000000000        0.0007142547
      345.0000000000        0.0006796797
      346.0000000000        0.0006679938
      347.0000000000        0.0006800841
      348.0000000000        0.0007816647
      349.0000000000        0.0007484441
      350.0000000000        0.0006950115
      351.0000000000        0.0006473972
      352.0000000000        0.0006857129
      353.0000000000        0.0007411116
      354.0000000000        0.0007639782
      355.0000000000        0.0008292196
      356.0000000000        0.0008912107
      357.0000000000        0.0008878560
      358.0000000000        0.0008727055
      359.0000000000        0.0008855761
      360.0000000000        0.0008368845
      361.0000000000        0.0007841088
      362.0000000000        0.0007701172
      363.0000000000        0.0007739255
      364.0000000000        0.0007680812
      365.0000000000        0.0007091503
      366.0000000000        0.0006952645
      367.0000000000        0.0006853635
      368.0000000000        0.0006822393
      369.0000000000        0.0007194061
      370.0000000000        0.0006811970
      371.0000000000        0.0006872333
      372.0000000000        0.0007024576
      373.0000000000        0.0007289491
      374.0000000000        0.0006575931
      375.0000000000        0.0006205032
      376.0000000000        0.0006970871
      377.0000000000        0.0006926811
      378.0000000000        0.0006509569
      379.0000000000        0.0006273739
      380.0000000000        0.0006260402
      381.0000000000        0.0006484230
      382.0000000000        0.0006310722
      383.0000000000        0.0006541272
      384.0000000000        0.0005637867
      385.0000000000        0.0004419983
      386.0000000000        0.0004655724
      387.0000000000        0.0004459649
      388.0000000000        0.0004846948
      389.0000000000        0.0004158983
      390.0000000000        0.0004137965
      391.0000000000        0.0004090404
      392.0000000000        0.0004507615
      393.0000000000        0.0004620361
      394.0000000000        0.0004962031
      395.0000000000        0.0005085891
      396.0000000000        0.0004991879
      397.0000000000        0.0004758807
      398.0000000000        0.0004896321
      399.0000000000        0.0004899182
      400.0000000000        0.0005102447
      401.0000000000        0.0005070168
      402.0000000000        0.0005057263
      403.0000000000        0.0005354526
      404.0000000000        0.0005579417
      405.0000000000        0.0004756072
      406.0000000000        0.0005162734
      407.0000000000        0.0005319373
      408.0000000000        0.0005123316
      409.0000000000        0.0004814435
      410.0000000000        0.0005292588
      411.0000000000        0.0004946486
      412.0000000000        0.0005027705
      413.0000000000        0.0005640359
      414.0000000000        0.0005796790
      415.0000000000        0.0005644692
      416.0000000000        0.0005733463
      417.0000000000        0.0005467613
      418.0000000000        0.0005598118
      419.0000000000        0.0005809236
      420.0000000000        0.0006086890
      421.0000000000        0.0006570729
      422.0000000000        0.0006420598
      423.0000000000        0.0006089408
      424.0000000000        0.0006547354
      425.0000000000        0.0006620368
      426.0000000000        0.0006591266
      427.0000000000        0.0006550027
      428.0000000000        0.0006349610
      429.0000000000        0.0006724986
      430.0000000000        0.0006959110
      431.0000000000        0.0006891507
      432.0000000000        0.0006667735
      433.0000000000        0.0006008962
      434.0000000000        0.0005422882
      435.0000000000        0.0005098662
      436.0000000000        0.0005215577
      437.0000000000        0.0004988041
      438.0000000000        0.0005199870
      439.0000000000        0.0005111301
      440.0000000000        0.0004981267
      441.0000000000        0.0005443960
      442.0000000000        0.0005376422
      443.0000000000        0.0005149956
      444.0000000000        0.0005020620
      445.0000000000        0.0005171370
      446.0000000000        0.0004807334
      447.0000000000        0.0005042652
      448.0000000000        0.0004896634
      449.0000000000        0.0005070949
      450.0000000000        0.0004963512
      451.0000000000        0.0004780676
      452.0000000000        0.0005322739
      453.0000000000        0.0005257881
      454.0000000000        0.0004736465
      455.0000000000        0.0004799365
      456.0000000000        0.0004393562
      457.0000000000        0.0004068979
      458.0000000000        0.0003930778
      459.0000000000        0.0003378772
      460.0000000000        0.0003926460
      461.0000000000        0.0004080427
      462.0000000000        0.0004712517
      463.0000000000        0.0004736301
      464.0000000000        0.0004407059
      465.0000000000        0.0004564114
      466.0000000000        0.0004848942
      467.0000000000        0.0004917326
      468.0000000000        0.0004604185
      469.0000000000        0.0004422442
      470.0000000000        0.0004368073
      471.0000000000        0.0003680692
      472.0000000000        0.0003373693
      473.0000000000        0.0002867545
      474.0000000000        0.0003156711
      475.0000000000        0.0003349825
      476.0000000000        0.0003525031
      477.0000000000        0.0004136772
      478.0000000000        0.0004557949
      479.0000000000        0.0004773095
      480.0000000000        0.0005026521
      481.0000000000        0.0005565164
      482.0000000000        0.0005388251
      483.0000000000        0.0005684641
      484.0000000000        0.0006333330
      485.0000000000        0.0005577525
      486.0000000000        0.0005396902
      487.0000000000        0.0004926913
      488.0000000000        0.0004692445
      489.0000000000        0.0004205475
      490.0000000000        0.0004150104
      491.0000000000        0.0004424969
      492.0000000000        0.0004171693
      493.0000000000        0.0004390437
      494.0000000000        0.0004296738
      495.0000000000        0.0004053483
      496.0000000000        0.0003959304
      497.0000000000        0.0003527047
      498.0000000000        0.0002975054
      499.0000000000        0.0003767766
      500.0000000000        0.0003393273
      501.0000000000        0.0003428196
      502.0000000000        0.0002890581
      503.0000000000        0.0002185647
      504.0000000000        0.0002587646
      505.0000000000        0.0002520004
      506.0000000000        0.0002976972
      507.0000000000        0.0002792559
      508.0000000000        0.0002327527
      509.0000000000        0.0002039249
      510.0000000000        0.0001796870
      511.0000000000        0.0001674657
      512.0000000000        0.0001925300
      513.0000000000        0.0002310353
      514.0000000000        0.0001827954
      515.0000000000        0.0002378197
      516.0000000000        0.0002670950
      517.0000000000        0.0002309538
      518.0000000000        0.0001999647
      519.0000000000        0.0002135144
      520.0000000000        0.0001901750
      521.0000000000        0.0001863333
      522.0000000000        0.0002262549
      523.0000000000        0.0002281888
      524.0000000000        0.0002212258
      525.0000000000        0.0001888992
      526.0000000000        0.0001976748
      527.0000000000        0.0001637978
      528.0000000000        0.0001223946
      529.0000000000        0.0000521525
      530.0000000000        0.0000312514
      531.0000000000        0.0001487542
      532.0000000000        0.0001767786
      533.0000000000        0.0001156103
      534.0000000000        0.0001084779
      535.0000000000        0.0000941075
      536.0000000000        0.0001382185
      537.0000000000        0.0001874313
      538.0000000000        0.0002465175
      539.0000000000        0.0002111508
      540.0000000000        0.0001872573
      541.0000000000        0.0001257776
      542.0000000000        0.0001375248
      543.0000000000        0.0001328406
      544.0000000000        0.0001059402
      545.0000000000        0.0001229995
      546.0000000000        0.0001226196
      547.0000000000        0.0000800942
      548.0000000000        0.0000719614
      549.0000000000        0.0000555725
      550.0000000000        0.0000310125
      551.0000000000        0.0000701051
      552.0000000000        0.0000723604
      553.0000000000        0.0000643957
      554.0000000000        0.0001269427
      555.0000000000        0.0001616440
      556.0000000000        0.0001431985
      557.0000000000        0.0000952324
      558.0000000000        0.0000109288
      559.0000000000       -0.0000177903
      560.0000000000        0.0000051991
      561.0000000000       -0.0000234681
      562.0000000000        0.0000034600
      563.0000000000       -0.0000320298
      564.0000000000       -0.0000587975
      565.0000000000       -0.0000079502
      566.0000000000       -0.0000064441
      567.0000000000        0.0000116953
      568.0000000000        0.0000412301
      569.0000000000        0.0000308191
      570.0000000000       -0.0000251565
      571.0000000000       -0.0000584937
      572.0000000000       -0.0000550612
      573.0000000000       -0.0000704538
      574.0000000000       -0.0001089758
      575.0000000000       -0.0000887612
      576.0000000000       -0.0000830397
      577.0000000000       -0.0000079762
      578.0000000000        0.0000281455
      579.0000000000        0.0000271908
      580.0000000000       -0.0000053639
      581.0000000000        0.0000396579
      582.0000000000        0.0000247736
      583.0000000000        0.0000404322
      584.0000000000        0.0000870883
      585.0000000000        0.0000493080
      586.0000000000       -0.0000049783
      587.0000000000       -0.0000200350
      588.0000000000       -0.0000448941
      589.0000000000       -0.0001074208
      590.0000000000       -0.0000615717
      591.0000000000       -0.0000975292
      592.0000000000       -0.0000785568
      593.0000000000       -0.0000751289
      594.0000000000       -0.0001332928
      595.0000000000       -0.0001340409
      596.0000000000       -0.0001623574
      597.0000000000       -0.0001651259
      598.0000000000       -0.0001496521
      599.0000000000       -0.0001413934
      600.0000000000       -0.0001555003
      601.0000000000       -0.0001352543
      602.0000000000       -0.0001601633
      603.0000000000       -0.0001849805
      604.0000000000       -0.0001759722
      605.0000000000       -0.0001900003
      606.0000000000       -0.0002263036
      607.0000000000       -0.0002314552
      608.0000000000       -0.0001962956
      609.0000000000       -0.0001974493
      610.0000000000       -0.0001979457
      611.0000000000       -0.0001311739
      612.0000000000       -0.0001023531
      613.0000000000       -0.0001252005
      614.0000000000       -0.0001263947
      615.0000000000       -0.0000925011
      616.0000000000       -0.0000705947
      617.0000000000       -0.0001363861
      618.0000000000       -0.0001240403
      619.0000000000       -0.0001473328
      620.0000000000       -0.0001429073
      621.0000000000       -0.0001253128
      622.0000000000       -0.0001357541
      623.0000000000       -0.0000506210
      624.0000000000       -0.0001054849
      625.0000000000        0.0000100473
      626.0000000000       -0.0000031564
      627.0000000000        0.0000346677
      628.0000000000        0.0000260855
      629.0000000000        0.0000370350
      630.0000000000        0.0000222280
      631.0000000000        0.0000628326
      632.0000000000        0.0000178746
      633.0000000000        0.0000987462
      634.0000000000        0.0001152343
      635.0000000000        0.0000871404
      636.0000000000        0.0001583322
      637.0000000000        0.0001304982
      638.0000000000        0.0001501501
      639.0000000000        0.0001343718
      640.0000000000        0.0001277864
      641.0000000000        0.0001618689
      642.0000000000        0.0002097426
      643.0000000000        0.0002010153
      644.0000000000        0.0002083962
      645.0000000000        0.0001690107
      646.0000000000        0.0002451764
      647.0000000000        0.0002267663
      648.0000000000        0.0002136163
      649.0000000000        0.0001336443
      650.0000000000        0.0001728970
      651.0000000000        0.0001615036
      652.0000000000        0.0001653595
      653.0000000000        0.0000963103
      654.0000000000        0.0000637761
      655.0000000000        0.0001022426
      656.0000000000        0.0001763486
      657.0000000000        0.0002333031
      658.0000000000        0.0002496987
      659.0000000000        0.0002191414
      660.0000000000        0.0002329144
      661.0000000000        0.0002688568
      662.0000000000        0.0002120786
      663.0000000000        0.0001794605
      664.0000000000        0.0002375337
      665.0000000000        0.0003911688
      666.0000000000        0.0003605289
      667.0000000000        0.0003680207
      668.0000000000        0.0003463316
      669.0000000000        0.0003558481
      670.0000000000        0.0003378539
      671.0000000000        0.0003175170
      672.0000000000        0.0002839171
      673.0000000000        0.0003092458
      674.0000000000        0.0003250408
      675.0000000000        0.0004492327
      676.0000000000        0.0003760968
      677.0000000000        0.0004001764
      678.0000000000        0.0003563578
      679.0000000000        0.0003582150
      680.0000000000        0.0003066853
      681.0000000000        0.0003181510
      682.0000000000        0.0002780634
      683.0000000000        0.0002406845
      684.0000000000        0.0002575318
      685.0000000000        0.0002576806
      686.0000000000        0.0002075765
      687.0000000000        0.0001766380
      688.0000000000        0.0001623061
      689.0000000000        0.0001652126
      690.0000000000        0.0001803779
      691.0000000000        0.0002438893
      692.0000000000        0.0002188759
      693.0000000000        0.0002253031
      694.0000000000        0.0002149870
      695.0000000000        0.0002147293
      696.0000000000        0.0002199082
      697.0000000000        0.0002255733
      698.0000000000        0.0002581114
      699.0000000000        0.0002814256
      700.0000000000        0.0003315413
      701.0000000000        0.0002897778
      702.0000000000        0.0002101824
      703.0000000000        0.0001791913
      704.0000000000        0.0001465212
      705.0000000000        0.0001969389
      706.0000000000        0.0001755839
      707.0000000000        0.0001522495
      708.0000000000        0.0001329508
      709.0000000000        0.0001166281
      710.0000000000        0.0001068692
      711.0000000000        0.0001646576
      712.0000000000        0.0001776475
      713.0000000000        0.0001638684
      714.0000000000        0.0001093231
      715.0000000000        0.0001588293
      716.0000000000        0.0001080295
      717.0000000000        0.0001509887
      718.0000000000        0.0001536680
      719.0000000000        0.0001569994
      720.0000000000        0.0002029447
      721.0000000000        0.0001687435
      722.0000000000        0.0001412952
      723.0000000000        0.0001566060
      724.0000000000        0.0001486226
      725.0000000000        0.0001179211
      726.0000000000        0.0001017784
      727.0000000000        0.0001017937
      728.0000000000        0.0001537846
      729.0000000000        0.0001383203
      730.0000000000        0.0001585851
      731.0000000000        0.0001727736
      732.0000000000        0.0001336675
      733.0000000000        0.0002049519
      734.0000000000        0.0001753219
      735.0000000000        0.0002035172
      736.0000000000        0.0001946529
      737.0000000000        0.0001685204
      738.0000000000        0.0001984199
      739.0000000000        0.0001084377
      740.0000000000        0.0001437900
      741.0000000000        0.0001139060
      742.0000000000        0.0001121676
      743.0000000000        0.0001674223
      744.0000000000        0.0001720437
      745.0000000000        0.0001311262
      746.0000000000        0.0001766859
      747.0000000000        0.0002380340
      748.0000000000        0.0002676438
      749.0000000000        0.0002463285
      750.0000000000        0.0002564697
      751.0000000000        0.0002955833
      752.0000000000        0.0002821601
      753.0000000000        0.0002611114
      754.0000000000        0.0001754246
      755.0000000000        0.0001232571
      756.0000000000        0.0000898441
      757.0000000000        0.0000094107
      758.0000000000       -0.0000295403
      759.0000000000       -0.0000305518
      760.0000000000        0.0000186311
      761.0000000000        0.0000047081
      762.0000000000        0.0000209763
      763.0000000000        0.0000124061
      764.0000000000        0.0000071885
      765.0000000000        0.0000042870
      766.0000000000        0.0000175277
      767.0000000000        0.0000388957
      768.0000000000       -0.0000024004
      769.0000000000        0.0000040703
      770.0000000000       -0.0000168811
      771.0000000000        0.0000145607
      772.0000000000       -0.0000023057
      773.0000000000       -0.0000284910
      774.0000000000       -0.0000270531
      775.0000000000       -0.0000198593
      776.0000000000        0.0000191808
      777.0000000000        0.0000103458
      778.0000000000        0.0000092046
      779.0000000000       -0.0000124592
      780.0000000000       -0.0000288045
      781.0000000000        0.0000190413
      782.0000000000        0.0000597570
      783.0000000000        0.0000861076
      784.0000000000        0.0001192393
      785.0000000000        0.0001326848
      786.0000000000        0.0001454022
      787.0000000000        0.0001488849
      788.0000000000        0.0001206807
      789.0000000000        0.0000489373
      790.0000000000        0.0000563238
      791.0000000000       -0.0000224261
      792.0000000000       -0.0000592530
      793.0000000000       -0.0000999475
      794.0000000000       -0.0000960635
      795.0000000000       -0.0000869803
      796.0000000000       -0.0000507311
      797.0000000000       -0.0000086979
      798.0000000000        0.0000055046
      799.0000000000        0.0000000237
      800.0000000000        0.0000052111
      801.0000000000        0.0000116624
      802.0000000000        0.0000143676
      803.0000000000       -0.0000209594
      804.0000000000       -0.0000194629
      805.0000000000       -0.0000002138
      806.0000000000        0.0000375190
      807.0000000000        0.0000107484
      808.0000000000        0.0000288999
      809.0000000000        0.0000702180
      810.0000000000        0.0000788943
      811.0000000000        0.0000343220
      812.0000000000        0.0000453079
      813.0000000000        0.0000256709
      814.0000000000        0.0000308940
      815.0000000000        0.0000684169
      816.0000000000        0.0000822213
      817.0000000000        0.0000665839
      818.0000000000       -0.0000022975
      819.0000000000       -0.0000116108
      820.0000000000        0.0000183010
      821.0000000000        0.0000643632
      822.0000000000        0.0000959661
      823.0000000000        0.0000605298
      824.0000000000        0.0000455237
      825.0000000000        0.0000389085
      826.0000000000       -0.0000001297
      827.0000000000       -0.0000307192
      828.0000000000       -0.0000547548
      829.0000000000       -0.0000818951
      830.0000000000       -0.0000177047
      831.0000000000       -0.0000473732
      832.0000000000       -0.0000425921
      833.0000000000       -0.0000494474
      834.0000000000       -0.0000593430
      835.0000000000       -0.0000103643
      836.0000000000        0.0000432432
      837.0000000000        0.0000409936
      838.0000000000        0.0000689533
      839.0000000000        0.0000463334
      840.0000000000       -0.0000011490
      841.0000000000       -0.0000322613
      842.0000000000       -0.0000382428
      843.0000000000       -0.0000340083
      844.0000000000       -0.0000398483
      845.0000000000       -0.0000391177
      846.0000000000       -0.0000628608
      847.0000000000       -0.0000129262
      848.0000000000       -0.0000543213
      849.0000000000       -0.0000587949
      850.0000000000       -0.0000392837
      851.0000000000       -0.0000377955
      852.0000000000       -0.0000486742
      853.0000000000       -0.0000632999
      854.0000000000       -0.0001197360
      855.0000000000       -0.0000691298
      856.0000000000       -0.0000178198
      857.0000000000       -0.0000202230
      858.0000000000       -0.0000065307
      859.0000000000       -0.0000195505
      860.0000000000        0.0000257877
      861.0000000000        0.0000157248
      862.0000000000       -0.0000174177
      863.0000000000        0.0000124439
      864.0000000000        0.0000216749
      865.0000000000        0.0000043485
      866.0000000000        0.0000490385
      867.0000000000        0.0000405145
      868.0000000000        0.0000240191
      869.0000000000       -0.0000183945
      870.0000000000        0.0000007834
      871.0000000000        0.0000028338
      872.0000000000        0.0000198196
      873.0000000000        0.0000101247
      874.0000000000        0.0000010816
      875.0000000000        0.0000143809
      876.0000000000        0.0000407024
      877.0000000000        0.0000175519
      878.0000000000       -0.0000660607
      879.0000000000       -0.0000241294
      880.0000000000       -0.0000774594
      881.0000000000       -0.0000005726
      882.0000000000        0.0000096526
      883.0000000000        0.0000180109
      884.0000000000        0.0000767749
      885.0000000000        0.0000294355
      886.0000000000       -0.0000279618
      887.0000000000       -0.0000332348
      888.0000000000       -0.0000320669
      889.0000000000       -0.0000475157
      890.0000000000       -0.0000244967
      891.0000000000       -0.0000832242
      892.0000000000       -0.0001172818
      893.0000000000       -0.0001668267
      894.0000000000       -0.0001783052
      895.0000000000       -0.0001286793
      896.0000000000       -0.0001449869
      897.0000000000       -0.0001062496
      898.0000000000       -0.0001535048
      899.0000000000       -0.0001527857
      900.0000000000       -0.0000881664
      901.0000000000       -0.0000184401
      902.0000000000        0.0000243216
      903.0000000000        0.0000396827
      904.0000000000        0.0001035789
      905.0000000000        0.0001414989
      906.0000000000        0.0001549168
      907.0000000000        0.0001031888
      908.0000000000        0.0001287185
      909.0000000000        0.0001570315
      910.0000000000        0.0001815237
      911.0000000000        0.0001626761
      912.0000000000        0.0001443622
      913.0000000000        0.0001023445
      914.0000000000        0.0000093236
      915.0000000000       -0.0000218944
      916.0000000000       -0.0000089603
      917.0000000000        0.0000235259
      918.0000000000        0.0000792159
      919.0000000000        0.0000372685
      920.0000000000        0.0000217915
      921.0000000000        0.0000800910
      922.0000000000        0.0000382429
      923.0000000000        0.0000565310
      924.0000000000        0.0000352203
      925.0000000000        0.0000041545
      926.0000000000       -0.0000043391
      927.0000000000       -0.0000198030
      928.0000000000        0.0000179979
      929.0000000000        0.0000121928
      930.0000000000        0.0000110239
      931.0000000000        0.0000535831
      932.0000000000        0.0000267998
      933.0000000000        0.0000273375
      934.0000000000        0.0000211367
      935.0000000000        0.0001039231
      936.0000000000        0.0001004077
      937.0000000000        0.0000821575
      938.0000000000        0.0000812353
      939.0000000000        0.0000612476
      940.0000000000        0.0000508518
      941.0000000000        0.0000258884
      942.0000000000        0.0000204203
      943.0000000000        0.0000892579
      944.0000000000        0.0001200778
      945.0000000000        0.0001236218
      946.0000000000        0.0000935172
      947.0000000000        0.0000932639
      948.0000000000        0.0000536117
      949.0000000000        0.0000726182
      950.0000000000        0.0000605208
      951.0000000000        0.0000478611
      952.0000000000        0.0000487419
      953.0000000000        0.0001366412
      954.0000000000        0.0001061697
      955.0000000000        0.0000942795
      956.0000000000        0.0000880326
      957.0000000000        0.0000739058
      958.0000000000        0.0001125020
      959.0000000000        0.0001091246
      960.0000000000        0.0000486132
      961.0000000000        0.0000314052
      962.0000000000        0.0000805509
      963.0000000000        0.0000781489
      964.0000000000        0.0000320059
      965.0000000000        0.0000480858
      966.0000000000        0.0000651499
      967.0000000000        0.0000566522
      968.0000000000        0.0000321493
      969.0000000000        0.0000157464
      970.0000000000        0.0000181996
      971.0000000000       -0.0000232693
      972.0000000000        0.0000346168
      973.0000000000        0.0000684630
      974.0000000000        0.0000685432
      975.0000000000        0.0000049584
      976.0000000000       -0.0000268769
      977.0000000000       -0.0000238792
      978.0000000000       -0.0000297112
      979.0000000000       -0.0000523267
      980.0000000000       -0.0000228511
      981.0000000000       -0.0000593698
      982.0000000000       -0.0001075858
      983.0000000000       -0.0000880892
      984.0000000000       -0.0001059384
      985.0000000000       -0.0001485814
      986.0000000000       -0.0000886551
      987.0000000000       -0.0001022450
      988.0000000000       -0.0000778538
      989.0000000000       -0.0001020337
      990.0000000000       -0.0000553640
      991.0000000000        0.0000106858
      992.0000000000        0.0000358759
      993.0000000000        0.0000222212
      994.0000000000        0.0000662666
      995.0000000000        0.0000713472
      996.0000000000        0.0000160655
      997.0000000000        0.0000462340
      998.0000000000        0.0000784088
      999.0000000000        0.0001042153
     1000.0000000000        0.0000540151
     1001.0000000000        0.0000536603
     1002.0000000000        0.0001033799
     1003.0000000000        0.0000765392
     1004.0000000000        0.0000222544
     1005.0000000000       -0.0000008293
     1006.0000000000        0.0000433093
     1007.0000000000        0.0000312061
     1008.0000000000        0.0000099470
     1009.0000000000        0.0000017842
     1010.0000000000        0.0000189330
     1011.0000000000        0.0000883558
     1012.0000000000        0.0000873361
     1013.0000000000        0.0000460850
     1014.0000000000        0.0000964681
     1015.0000000000        0.0000824180
     1016.0000000000        0.0000827004
     1017.0000000000        0.0000414095
     1018.0000000000       -0.0000542643
     1019.0000000000       -0.0000168239
     1020.0000000000        0.0000320359
     1021.0000000000        0.0001049923
     1022.0000000000        0.0000965100
     1023.0000000000        0.0001548378
     1024.0000000000        0.0001559422
