        0.0000000000        0.0844824506
        1.0000000000        0.0185328166
        2.0000000000        0.0089809733
        3.0000000000        0.0056299726
        4.0000000000        0.0039798640
        5.0000000000        0.0030364933
        6.0000000000        0.0024408246
        7.0000000000        0.0019965975
        8.0000000000        0.0016841557
        9.0000000000        0.0014226211
       10.0000000000        0.0012600911
       11.0000000000        0.0011021287
       12.0000000000        0.0009987385
       13.0000000000        0.0008896790
       14.0000000000        0.0007901257
       15.0000000000        0.0007271167
       16.0000000000        0.0006541581
       17.0000000000        0.0006017056
       18.0000000000        0.0005547317
       19.0000000000        0.0005080022
       20.0000000000        0.0004822237
       21.0000000000        0.0004575451
       22.0000000000        0.0004354185
       23.0000000000        0.0003895028
       24.0000000000        0.0003377189
       25.0000000000        0.0003351279
       26.0000000000        0.0003123684
       27.0000000000        0.0003045613
       28.0000000000        0.0002627971
       29.0000000000        0.0002423081
       30.0000000000        0.0002184334
       31.0000000000        0.0002130043
       32.0000000000        0.0002380159
       33.0000000000        0.0002085662
       34.0000000000        0.0001986336
       35.0000000000        0.0001828149
       36.0000000000        0.0001743656
       37.0000000000        0.0001698163
       38.0000000000        0.0001664442
       39.0000000000        0.0001554816
       40.0000000000        0.0001600454
       41.0000000000        0.0001499356
       42.0000000000        0.0001440353
       43.0000000000        0.0001261139
       44.0000000000        0.0001243959
       45.0000000000        0.0001178650
       46.0000000000        0.0001091449
       47.0000000000        0.0001045570
       48.0000000000        0.0001033171
       49.0000000000        0.0001070757
       50.0000000000        0.0001074215
       51.0000000000        0.0000844742
       52.0000000000        0.0000725263
       53.0000000000        0.0000812050
       54.0000000000        0.0000676977
       55.0000000000        0.0000612455
       56.0000000000        0.0000799844
       57.0000000000        0.0000846103
       58.0000000000        0.0000668203
       59.0000000000        0.0000613462
       60.0000000000        0.0000438275
       61.0000000000        0.0000384868
       62.0000000000        0.0000480961
       63.0000000000        0.0000304673
       64.0000000000        0.0000451562
       65.0000000000        0.0000363323
       66.0000000000        0.0000080743
       67.0000000000        0.0000218071
       68.0000000000        0.0000196563
       69.0000000000        0.0000181088
       70.0000000000       -0.0000055519
       71.0000000000        0.0000162608
       72.0000000000        0.0000394456
       73.0000000000        0.0000182404
       74.0000000000        0.0000335451
       75.0000000000        0.0000354085
       76.0000000000        0.0000176808
       77.0000000000        0.0000178632
       78.0000000000        0.0000372582
       79.0000000000        0.0000190316
       80.0000000000        0.0000251343
       81.0000000000        0.0000064343
       82.0000000000       -0.0000061894
       83.0000000000        0.0000111271
       84.0000000000        0.0000126401
       85.0000000000        0.0000076874
       86.0000000000        0.0000049365
       87.0000000000       -0.0000013699
       88.0000000000       -0.0000179161
       89.0000000000       -0.0000190478
       90.0000000000        0.0000152035
       91.0000000000       -0.0000102204
       92.0000000000       -0.0000011910
       93.0000000000       -0.0000002700
       94.0000000000       -0.0000031337
       95.0000000000       -0.0000160467
       96.0000000000        0.0000061733
       97.0000000000       -0.0000058916
       98.0000000000       -0.0000075726
       99.0000000000       -0.0000032250
      100.0000000000       -0.0000105649
      101.0000000000        0.0000128161
      102.0000000000        0.0000009561
      103.0000000000        0.0000030666
      104.0000000000        0.0000147797
      105.0000000000        0.0000184688
      106.0000000000        0.0000238923
      107.0000000000       -0.0000056372
      108.0000000000        0.0000071426
      109.0000000000       -0.0000069128
      110.0000000000        0.0000052151
      111.0000000000       -0.0000258791
      112.0000000000       -0.0000129543
      113.0000000000       -0.0000201765
      114.0000000000        0.0000086731
      115.0000000000       -0.0000029525
      116.0000000000        0.0000138363
      117.0000000000       -0.0000034825
      118.0000000000       -0.0000082997
      119.0000000000       -0.0000180633
      120.0000000000       -0.0000121881
      121.0000000000       -0.0000136317
      122.0000000000        0.0000017474
      123.0000000000       -0.0000034169
      124.0000000000       -0.0000026070
      125.0000000000        0.0000098140
      126.0000000000        0.0000112873
      127.0000000000        0.0000180559
      128.0000000000        0.0000039450
