        0.0000000000        0.0490367273
        1.0000000000        0.0232195158
        2.0000000000        0.0151945722
        3.0000000000        0.0113976781
        4.0000000000        0.0089981889
        5.0000000000        0.0073093913
        6.0000000000        0.0058604808
        7.0000000000        0.0049138259
        8.0000000000        0.0041540781
        9.0000000000        0.0034378954
       10.0000000000        0.0029384209
       11.0000000000        0.0026474675
       12.0000000000        0.0022089621
       13.0000000000        0.0018834064
       14.0000000000        0.0017367435
       15.0000000000        0.0015150959
       16.0000000000        0.0013158898
       17.0000000000        0.0012586234
       18.0000000000        0.0011829913
       19.0000000000        0.0010112391
       20.0000000000        0.0009714125
       21.0000000000        0.0008319921
       22.0000000000        0.0007954462
       23.0000000000        0.0006944472
       24.0000000000        0.0005970982
       25.0000000000        0.0006070087
       26.0000000000        0.0006919288
       27.0000000000        0.0006647959
       28.0000000000        0.0005320039
       29.0000000000        0.0005036600
       30.0000000000        0.0004031253
       31.0000000000        0.0004283007
       32.0000000000        0.0004468720
       33.0000000000        0.0003940612
       34.0000000000        0.0003982868
       35.0000000000        0.0004851316
       36.0000000000        0.0003615278
       37.0000000000        0.0003770846
       38.0000000000        0.0002423450
       39.0000000000        0.0002975213
       40.0000000000        0.0003432974
       41.0000000000        0.0003410865
       42.0000000000        0.0001714464
       43.0000000000        0.0002584841
       44.0000000000        0.0001945815
       45.0000000000        0.0002952239
       46.0000000000        0.0002189631
       47.0000000000        0.0001226561
       48.0000000000        0.0001731994
       49.0000000000        0.0000560061
       50.0000000000        0.0001648669
       51.0000000000        0.0002012395
       52.0000000000        0.0001629853
       53.0000000000        0.0000884602
       54.0000000000        0.0000106242
       55.0000000000       -0.0000923413
       56.0000000000       -0.0000268509
       57.0000000000       -0.0000996867
       58.0000000000        0.0000929430
       59.0000000000        0.0000522868
       60.0000000000       -0.0000645672
       61.0000000000       -0.0000455250
       62.0000000000       -0.0000406428
       63.0000000000       -0.0000491765
       64.0000000000        0.0000157960
       65.0000000000        0.0000036273
       66.0000000000        0.0000323482
       67.0000000000        0.0000239387
       68.0000000000        0.0001414153
       69.0000000000       -0.0000656250
       70.0000000000       -0.0000476797
       71.0000000000       -0.0000106451
       72.0000000000        0.0000385356
       73.0000000000        0.0000353457
       74.0000000000        0.0000571772
       75.0000000000       -0.0000467757
       76.0000000000       -0.0000831893
       77.0000000000        0.0000563641
       78.0000000000        0.0000779924
       79.0000000000        0.0000506448
       80.0000000000        0.0000510896
       81.0000000000        0.0001395340
       82.0000000000        0.0000528612
       83.0000000000        0.0000495403
       84.0000000000       -0.0000010997
       85.0000000000        0.0000598958
       86.0000000000        0.0001292601
       87.0000000000        0.0000487156
       88.0000000000       -0.0000381802
       89.0000000000       -0.0000601418
       90.0000000000        0.0000110718
       91.0000000000       -0.0000544802
       92.0000000000       -0.0002357080
       93.0000000000       -0.0001321818
       94.0000000000       -0.0000831277
       95.0000000000       -0.0000832864
       96.0000000000       -0.0000869688
       97.0000000000       -0.0000721607
       98.0000000000       -0.0001121080
       99.0000000000       -0.0002227946
      100.0000000000        0.0000513062
      101.0000000000       -0.0000224098
      102.0000000000       -0.0000140956
      103.0000000000       -0.0000849427
      104.0000000000       -0.0001439780
      105.0000000000       -0.0001274048
      106.0000000000       -0.0001303962
      107.0000000000       -0.0000237431
      108.0000000000       -0.0000375324
      109.0000000000       -0.0000860004
      110.0000000000       -0.0000717511
      111.0000000000       -0.0001383727
      112.0000000000       -0.0001432296
      113.0000000000       -0.0001989425
      114.0000000000       -0.0001276121
      115.0000000000       -0.0000628366
      116.0000000000       -0.0000430953
      117.0000000000       -0.0000543491
      118.0000000000        0.0000145090
      119.0000000000       -0.0000431931
      120.0000000000       -0.0000867440
      121.0000000000       -0.0000175007
      122.0000000000        0.0000352522
      123.0000000000        0.0000720365
      124.0000000000        0.0000188941
      125.0000000000        0.0000114045
      126.0000000000       -0.0000146517
      127.0000000000       -0.0000061425
      128.0000000000        0.0000606812
