     -255.0000000000       -0.0009723324       -0.0009440023       -0.0009238759       -0.0008957116       -0.0008599098       -0.0008173876       -0.0007693388       -0.0007173863
     -254.0000000000       -0.0009825153       -0.0009440056       -0.0009238709       -0.0008956909       -0.0008598755       -0.0008173401       -0.0007692796       -0.0007173180
     -253.0000000000       -0.0009368354       -0.0009440117       -0.0009238618       -0.0008956536       -0.0008598136       -0.0008172547       -0.0007691731       -0.0007171950
     -252.0000000000       -0.0009636530       -0.0009440209       -0.0009238487       -0.0008955997       -0.0008597242       -0.0008171313       -0.0007690192       -0.0007170173
     -251.0000000000       -0.0009732414       -0.0009440336       -0.0009238314       -0.0008955291       -0.0008596073       -0.0008169698       -0.0007688179       -0.0007167849
     -250.0000000000       -0.0009510652       -0.0009440504       -0.0009238098       -0.0008954418       -0.0008594628       -0.0008167703       -0.0007685691       -0.0007164977
     -249.0000000000       -0.0009575027       -0.0009440719       -0.0009237839       -0.0008953378       -0.0008592906       -0.0008165326       -0.0007682728       -0.0007161556
     -248.0000000000       -0.0009297894       -0.0009440988       -0.0009237533       -0.0008952168       -0.0008590906       -0.0008162566       -0.0007679288       -0.0007157586
     -247.0000000000       -0.0009771294       -0.0009441321       -0.0009237181       -0.0008950789       -0.0008588628       -0.0008159423       -0.0007675371       -0.0007153067
     -246.0000000000       -0.0009562724       -0.0009441724       -0.0009236779       -0.0008949239       -0.0008586069       -0.0008155894       -0.0007670975       -0.0007147996
     -245.0000000000       -0.0009421509       -0.0009442207       -0.0009236325       -0.0008947516       -0.0008583230       -0.0008151980       -0.0007666100       -0.0007142373
     -244.0000000000       -0.0009209310       -0.0009442778       -0.0009235816       -0.0008945620       -0.0008580109       -0.0008147677       -0.0007660742       -0.0007136196
     -243.0000000000       -0.0009655074       -0.0009443445       -0.0009235250       -0.0008943547       -0.0008576703       -0.0008142985       -0.0007654902       -0.0007129465
     -242.0000000000       -0.0009812161       -0.0009444217       -0.0009234623       -0.0008941298       -0.0008573011       -0.0008137901       -0.0007648577       -0.0007122177
     -241.0000000000       -0.0009560566       -0.0009445101       -0.0009233932       -0.0008938868       -0.0008569032       -0.0008132424       -0.0007641764       -0.0007114331
     -240.0000000000       -0.0009672354       -0.0009446102       -0.0009233173       -0.0008936257       -0.0008564763       -0.0008126550       -0.0007634463       -0.0007105925
     -239.0000000000       -0.0009364476       -0.0009447225       -0.0009232343       -0.0008933462       -0.0008560202       -0.0008120279       -0.0007626670       -0.0007096958
     -238.0000000000       -0.0009787423       -0.0009448474       -0.0009231437       -0.0008930481       -0.0008555347       -0.0008113607       -0.0007618383       -0.0007087427
     -237.0000000000       -0.0009438496       -0.0009449850       -0.0009230452       -0.0008927311       -0.0008550195       -0.0008106532       -0.0007609600       -0.0007077330
     -236.0000000000       -0.0009778609       -0.0009451353       -0.0009229382       -0.0008923950       -0.0008544743       -0.0008099050       -0.0007600318       -0.0007066665
     -235.0000000000       -0.0009551102       -0.0009452981       -0.0009228223       -0.0008920394       -0.0008538990       -0.0008091159       -0.0007590533       -0.0007055429
     -234.0000000000       -0.0009495788       -0.0009454729       -0.0009226971       -0.0008916641       -0.0008532931       -0.0008082855       -0.0007580244       -0.0007043621
     -233.0000000000       -0.0009695255       -0.0009456592       -0.0009225620       -0.0008912688       -0.0008526564       -0.0008074136       -0.0007569446       -0.0007031237
     -232.0000000000       -0.0009498254       -0.0009458561       -0.0009224165       -0.0008908532       -0.0008519885       -0.0008064998       -0.0007558137       -0.0007018275
     -231.0000000000       -0.0009634471       -0.0009460624       -0.0009222601       -0.0008904170       -0.0008512892       -0.0008055436       -0.0007546313       -0.0007004731
     -230.0000000000       -0.0009572541       -0.0009462770       -0.0009220923       -0.0008899597       -0.0008505580       -0.0008045447       -0.0007533970       -0.0006990604
     -229.0000000000       -0.0009673620       -0.0009464983       -0.0009219125       -0.0008894811       -0.0008497947       -0.0008035028       -0.0007521104       -0.0006975889
     -228.0000000000       -0.0009774955       -0.0009467247       -0.0009217201       -0.0008889808       -0.0008489987       -0.0008024173       -0.0007507712       -0.0006960584
     -227.0000000000       -0.0009859486       -0.0009469543       -0.0009215147       -0.0008884585       -0.0008481697       -0.0008012879       -0.0007493790       -0.0006944685
     -226.0000000000       -0.0009526312       -0.0009471850       -0.0009212956       -0.0008879138       -0.0008473073       -0.0008001141       -0.0007479332       -0.0006928189
     -225.0000000000       -0.0009600138       -0.0009474147       -0.0009210624       -0.0008873462       -0.0008464111       -0.0007988954       -0.0007464335       -0.0006911093
     -224.0000000000       -0.0009554253       -0.0009476410       -0.0009208143       -0.0008867554       -0.0008454806       -0.0007976314       -0.0007448795       -0.0006893392
     -223.0000000000       -0.0009704018       -0.0009478616       -0.0009205509       -0.0008861409       -0.0008445153       -0.0007963215       -0.0007432706       -0.0006875083
     -222.0000000000       -0.0009957444       -0.0009480739       -0.0009202716       -0.0008855025       -0.0008435148       -0.0007949652       -0.0007416063       -0.0006856162
     -221.0000000000       -0.0009563458       -0.0009482756       -0.0009199758       -0.0008848396       -0.0008424785       -0.0007935619       -0.0007398862       -0.0006836625
     -220.0000000000       -0.0009701171       -0.0009484639       -0.0009196630       -0.0008841517       -0.0008414059       -0.0007921111       -0.0007381097       -0.0006816468
     -219.0000000000       -0.0009666216       -0.0009486365       -0.0009193326       -0.0008834386       -0.0008402966       -0.0007906123       -0.0007362764       -0.0006795686
     -218.0000000000       -0.0009885713       -0.0009487907       -0.0009189842       -0.0008826996       -0.0008391499       -0.0007890648       -0.0007343856       -0.0006774277
     -217.0000000000       -0.0009910293       -0.0009489243       -0.0009186172       -0.0008819344       -0.0008379653       -0.0007874680       -0.0007324368       -0.0006752234
     -216.0000000000       -0.0009667776       -0.0009490349       -0.0009182312       -0.0008811424       -0.0008367421       -0.0007858212       -0.0007304294       -0.0006729554
     -215.0000000000       -0.0009396688       -0.0009491203       -0.0009178255       -0.0008803233       -0.0008354799       -0.0007841239       -0.0007283628       -0.0006706232
     -214.0000000000       -0.0009665685       -0.0009491785       -0.0009173998       -0.0008794764       -0.0008341779       -0.0007823753       -0.0007262365       -0.0006682264
     -213.0000000000       -0.0009664280       -0.0009492076       -0.0009169536       -0.0008786014       -0.0008328356       -0.0007805748       -0.0007240498       -0.0006657643
     -212.0000000000       -0.0009915922       -0.0009492060       -0.0009164864       -0.0008776976       -0.0008314521       -0.0007787216       -0.0007218020       -0.0006632367
     -211.0000000000       -0.0009667889       -0.0009491723       -0.0009159980       -0.0008767646       -0.0008300270       -0.0007768150       -0.0007194925       -0.0006606429
     -210.0000000000       -0.0009936628       -0.0009491053       -0.0009154878       -0.0008758019       -0.0008285594       -0.0007748543       -0.0007171206       -0.0006579825
     -209.0000000000       -0.0009594008       -0.0009490040       -0.0009149555       -0.0008748088       -0.0008270487       -0.0007728386       -0.0007146858       -0.0006552549
     -208.0000000000       -0.0009389260       -0.0009488677       -0.0009144007       -0.0008737849       -0.0008254940       -0.0007707673       -0.0007121871       -0.0006524597
     -207.0000000000       -0.0009946626       -0.0009486961       -0.0009138232       -0.0008727295       -0.0008238947       -0.0007686394       -0.0007096241       -0.0006495962
     -206.0000000000       -0.0009887929       -0.0009484891       -0.0009132226       -0.0008716421       -0.0008222499       -0.0007664542       -0.0007069958       -0.0006466640
     -205.0000000000       -0.0009622003       -0.0009482466       -0.0009125986       -0.0008705221       -0.0008205588       -0.0007642108       -0.0007043016       -0.0006436625
     -204.0000000000       -0.0009927135       -0.0009479692       -0.0009119510       -0.0008693689       -0.0008188206       -0.0007619083       -0.0007015408       -0.0006405912
     -203.0000000000       -0.0009851293       -0.0009476574       -0.0009112795       -0.0008681818       -0.0008170345       -0.0007595459       -0.0006987125       -0.0006374495
     -202.0000000000       -0.0009380862       -0.0009473121       -0.0009105839       -0.0008669602       -0.0008151995       -0.0007571226       -0.0006958161       -0.0006342367
     -201.0000000000       -0.0009322428       -0.0009469344       -0.0009098640       -0.0008657035       -0.0008133147       -0.0007546374       -0.0006928505       -0.0006309524
     -200.0000000000       -0.0009595327       -0.0009465256       -0.0009091196       -0.0008644110       -0.0008113793       -0.0007520895       -0.0006898152       -0.0006275960
     -199.0000000000       -0.0009715108       -0.0009460871       -0.0009083505       -0.0008630819       -0.0008093921       -0.0007494779       -0.0006867092       -0.0006241669
     -198.0000000000       -0.0009880396       -0.0009456205       -0.0009075565       -0.0008617156       -0.0008073524       -0.0007468015       -0.0006835318       -0.0006206644
     -197.0000000000       -0.0009628040       -0.0009451275       -0.0009067376       -0.0008603113       -0.0008052590       -0.0007440593       -0.0006802820       -0.0006170880
     -196.0000000000       -0.0009536230       -0.0009446100       -0.0009058934       -0.0008588683       -0.0008031109       -0.0007412503       -0.0006769590       -0.0006134371
     -195.0000000000       -0.0009996199       -0.0009440697       -0.0009050240       -0.0008573858       -0.0008009071       -0.0007383735       -0.0006735620       -0.0006097111
     -194.0000000000       -0.0009689988       -0.0009435086       -0.0009041291       -0.0008558629       -0.0007986464       -0.0007354276       -0.0006700900       -0.0006059093
     -193.0000000000       -0.0009791142       -0.0009429285       -0.0009032087       -0.0008542989       -0.0007963278       -0.0007324117       -0.0006665421       -0.0006020312
     -192.0000000000       -0.0009915894       -0.0009423312       -0.0009022625       -0.0008526929       -0.0007939500       -0.0007293246       -0.0006629175       -0.0005980761
     -191.0000000000       -0.0009531104       -0.0009417186       -0.0009012905       -0.0008510439       -0.0007915119       -0.0007261652       -0.0006592152       -0.0005940434
     -190.0000000000       -0.0009508785       -0.0009410923       -0.0009002924       -0.0008493512       -0.0007890123       -0.0007229322       -0.0006554343       -0.0005899325
     -189.0000000000       -0.0009460680       -0.0009404539       -0.0008992680       -0.0008476137       -0.0007864500       -0.0007196245       -0.0006515738       -0.0005857427
     -188.0000000000       -0.0009925418       -0.0009398048       -0.0008982173       -0.0008458304       -0.0007838235       -0.0007162408       -0.0006476328       -0.0005814734
     -187.0000000000       -0.0010031031       -0.0009391465       -0.0008971400       -0.0008440003       -0.0007811318       -0.0007127799       -0.0006436103       -0.0005771241
     -186.0000000000       -0.0009576166       -0.0009384801       -0.0008960359       -0.0008421225       -0.0007783733       -0.0007092406       -0.0006395054       -0.0005726939
     -185.0000000000       -0.0010176334       -0.0009378067       -0.0008949046       -0.0008401957       -0.0007755467       -0.0007056216       -0.0006353170       -0.0005681824
     -184.0000000000       -0.0009813234       -0.0009371273       -0.0008937460       -0.0008382188       -0.0007726507       -0.0007019215       -0.0006310442       -0.0005635889
     -183.0000000000       -0.0010101879       -0.0009364426       -0.0008925597       -0.0008361908       -0.0007696837       -0.0006981390       -0.0006266860       -0.0005589128
     -182.0000000000       -0.0009849277       -0.0009357533       -0.0008913453       -0.0008341104       -0.0007666442       -0.0006942728       -0.0006222413       -0.0005541534
     -181.0000000000       -0.0009545308       -0.0009350600       -0.0008901024       -0.0008319763       -0.0007635308       -0.0006903215       -0.0006177092       -0.0005493101
     -180.0000000000       -0.0009601742       -0.0009343631       -0.0008888306       -0.0008297872       -0.0007603419       -0.0006862837       -0.0006130885       -0.0005443822
     -179.0000000000       -0.0009599854       -0.0009336631       -0.0008875295       -0.0008275418       -0.0007570759       -0.0006821579       -0.0006083784       -0.0005393693
     -178.0000000000       -0.0010053385       -0.0009329603       -0.0008861984       -0.0008252386       -0.0007537311       -0.0006779429       -0.0006035777       -0.0005342706
     -177.0000000000       -0.0009659839       -0.0009322549       -0.0008848367       -0.0008228764       -0.0007503059       -0.0006736370       -0.0005986854       -0.0005290855
     -176.0000000000       -0.0009662775       -0.0009315473       -0.0008834439       -0.0008204534       -0.0007467986       -0.0006692388       -0.0005937004       -0.0005238134
     -175.0000000000       -0.0009593405       -0.0009308376       -0.0008820191       -0.0008179683       -0.0007432074       -0.0006647468       -0.0005886218       -0.0005184537
     -174.0000000000       -0.0009451311       -0.0009301262       -0.0008805616       -0.0008154194       -0.0007395304       -0.0006601595       -0.0005834484       -0.0005130059
     -173.0000000000       -0.0009919297       -0.0009294133       -0.0008790705       -0.0008128050       -0.0007357660       -0.0006554754       -0.0005781792       -0.0005074692
     -172.0000000000       -0.0010051996       -0.0009286992       -0.0008775450       -0.0008101235       -0.0007319122       -0.0006506929       -0.0005728132       -0.0005018433
     -171.0000000000       -0.0009526227       -0.0009279842       -0.0008759839       -0.0008073730       -0.0007279670       -0.0006458104       -0.0005673492       -0.0004961273
     -170.0000000000       -0.0009686923       -0.0009272688       -0.0008743863       -0.0008045517       -0.0007239286       -0.0006408262       -0.0005617862       -0.0004903209
     -169.0000000000       -0.0009605357       -0.0009265533       -0.0008727509       -0.0008016577       -0.0007197949       -0.0006357390       -0.0005561232       -0.0004844235
     -168.0000000000       -0.0009615073       -0.0009258381       -0.0008710766       -0.0007986890       -0.0007155639       -0.0006305468       -0.0005503590       -0.0004784344
     -167.0000000000       -0.0009630780       -0.0009251237       -0.0008693619       -0.0007956437       -0.0007112335       -0.0006252482       -0.0005444927       -0.0004723533
     -166.0000000000       -0.0009540969       -0.0009244104       -0.0008676056       -0.0007925196       -0.0007068016       -0.0006198415       -0.0005385232       -0.0004661794
     -165.0000000000       -0.0009774089       -0.0009236987       -0.0008658060       -0.0007893145       -0.0007022659       -0.0006143250       -0.0005324494       -0.0004599124
     -164.0000000000       -0.0009903871       -0.0009229890       -0.0008639617       -0.0007860262       -0.0006976243       -0.0006086969       -0.0005262702       -0.0004535518
     -163.0000000000       -0.0009966497       -0.0009222814       -0.0008620708       -0.0007826525       -0.0006928745       -0.0006029556       -0.0005199847       -0.0004470970
     -162.0000000000       -0.0009806820       -0.0009215762       -0.0008601316       -0.0007791909       -0.0006880142       -0.0005970995       -0.0005135918       -0.0004405476
     -161.0000000000       -0.0009753977       -0.0009208734       -0.0008581423       -0.0007756389       -0.0006830411       -0.0005911266       -0.0005070905       -0.0004339032
     -160.0000000000       -0.0009613564       -0.0009201730       -0.0008561009       -0.0007719941       -0.0006779527       -0.0005850353       -0.0005004797       -0.0004271633
     -159.0000000000       -0.0009534489       -0.0009194747       -0.0008540053       -0.0007682538       -0.0006727467       -0.0005788239       -0.0004937585       -0.0004203275
     -158.0000000000       -0.0009710827       -0.0009187779       -0.0008518533       -0.0007644154       -0.0006674205       -0.0005724906       -0.0004869258       -0.0004133954
     -157.0000000000       -0.0009727401       -0.0009180819       -0.0008496426       -0.0007604760       -0.0006619717       -0.0005660335       -0.0004799807       -0.0004063667
     -156.0000000000       -0.0009700954       -0.0009173857       -0.0008473710       -0.0007564329       -0.0006563976       -0.0005594510       -0.0004729221       -0.0003992409
     -155.0000000000       -0.0009659242       -0.0009166881       -0.0008450359       -0.0007522830       -0.0006506957       -0.0005527413       -0.0004657492       -0.0003920178
     -154.0000000000       -0.0009606413       -0.0009159873       -0.0008426347       -0.0007480235       -0.0006448633       -0.0005459025       -0.0004584610       -0.0003846970
     -153.0000000000       -0.0009419650       -0.0009152815       -0.0008401648       -0.0007436512       -0.0006388978       -0.0005389330       -0.0004510566       -0.0003772783
     -152.0000000000       -0.0009643015       -0.0009145684       -0.0008376234       -0.0007391628       -0.0006327963       -0.0005318308       -0.0004435350       -0.0003697614
     -151.0000000000       -0.0009930919       -0.0009138454       -0.0008350077       -0.0007345552       -0.0006265562       -0.0005245942       -0.0004358954       -0.0003621460
     -150.0000000000       -0.0009814105       -0.0009131095       -0.0008323145       -0.0007298250       -0.0006201747       -0.0005172214       -0.0004281369       -0.0003544320
     -149.0000000000       -0.0009639982       -0.0009123573       -0.0008295410       -0.0007249687       -0.0006136488       -0.0005097107       -0.0004202587       -0.0003466191
     -148.0000000000       -0.0009536536       -0.0009115853       -0.0008266838       -0.0007199828       -0.0006069757       -0.0005020602       -0.0004122599       -0.0003387072
     -147.0000000000       -0.0009944672       -0.0009107895       -0.0008237396       -0.0007148637       -0.0006001525       -0.0004942683       -0.0004041397       -0.0003306963
     -146.0000000000       -0.0009901619       -0.0009099655       -0.0008207052       -0.0007096076       -0.0005931763       -0.0004863330       -0.0003958975       -0.0003225861
     -145.0000000000       -0.0009720035       -0.0009091088       -0.0008175770       -0.0007042107       -0.0005860441       -0.0004782527       -0.0003875324       -0.0003143766
     -144.0000000000       -0.0009969585       -0.0009082145       -0.0008143513       -0.0006986692       -0.0005787528       -0.0004700257       -0.0003790438       -0.0003060679
     -143.0000000000       -0.0009780998       -0.0009072776       -0.0008110246       -0.0006929789       -0.0005712994       -0.0004616502       -0.0003704309       -0.0002976598
     -142.0000000000       -0.0009561585       -0.0009062929       -0.0008075929       -0.0006871358       -0.0005636808       -0.0004531244       -0.0003616932       -0.0002891525
     -141.0000000000       -0.0009545120       -0.0009052550       -0.0008040524       -0.0006811358       -0.0005558939       -0.0004444468       -0.0003528300       -0.0002805460
     -140.0000000000       -0.0009381413       -0.0009041584       -0.0008003990       -0.0006749744       -0.0005479357       -0.0004356156       -0.0003438407       -0.0002718405
     -139.0000000000       -0.0009791697       -0.0009029975       -0.0007966286       -0.0006686474       -0.0005398029       -0.0004266292       -0.0003347249       -0.0002630360
     -138.0000000000       -0.0009674633       -0.0009017669       -0.0007927369       -0.0006621502       -0.0005314925       -0.0004174860       -0.0003254819       -0.0002541328
     -137.0000000000       -0.0009641047       -0.0009004611       -0.0007887195       -0.0006554782       -0.0005230011       -0.0004081844       -0.0003161115       -0.0002451310
     -136.0000000000       -0.0009751332       -0.0008990746       -0.0007845720       -0.0006486267       -0.0005143257       -0.0003987229       -0.0003066132       -0.0002360311
     -135.0000000000       -0.0009808447       -0.0008976022       -0.0007802898       -0.0006415910       -0.0005054629       -0.0003890998       -0.0002969865       -0.0002268331
     -134.0000000000       -0.0009817028       -0.0008960389       -0.0007758680       -0.0006343661       -0.0004964097       -0.0003793138       -0.0002872313       -0.0002175377
     -133.0000000000       -0.0009960500       -0.0008943800       -0.0007713019       -0.0006269471       -0.0004871627       -0.0003693633       -0.0002773472       -0.0002081450
     -132.0000000000       -0.0010044010       -0.0008926209       -0.0007665864       -0.0006193289       -0.0004777187       -0.0003592470       -0.0002673340       -0.0001986556
     -131.0000000000       -0.0009555958       -0.0008907574       -0.0007617163       -0.0006115063       -0.0004680745       -0.0003489635       -0.0002571915       -0.0001890699
     -130.0000000000       -0.0009876292       -0.0008887858       -0.0007566864       -0.0006034740       -0.0004582269       -0.0003385114       -0.0002469198       -0.0001793885
     -129.0000000000       -0.0009584745       -0.0008867026       -0.0007514912       -0.0005952266       -0.0004481726       -0.0003278896       -0.0002365186       -0.0001696120
     -128.0000000000       -0.0009429816       -0.0008845047       -0.0007461250       -0.0005867586       -0.0004379084       -0.0003170968       -0.0002259880       -0.0001597409
     -127.0000000000       -0.0009675929       -0.0008821897       -0.0007405820       -0.0005780645       -0.0004274312       -0.0003061318       -0.0002153281       -0.0001497761
     -126.0000000000       -0.0009619330       -0.0008797554       -0.0007348564       -0.0005691385       -0.0004167377       -0.0002949936       -0.0002045390       -0.0001397181
     -125.0000000000       -0.0009513773       -0.0008772000       -0.0007289418       -0.0005599750       -0.0004058248       -0.0002836812       -0.0001936209       -0.0001295678
     -124.0000000000       -0.0009710528       -0.0008745221       -0.0007228319       -0.0005505680       -0.0003946894       -0.0002721934       -0.0001825740       -0.0001193260
     -123.0000000000       -0.0009654813       -0.0008717209       -0.0007165202       -0.0005409117       -0.0003833283       -0.0002605296       -0.0001713987       -0.0001089937
     -122.0000000000       -0.0009659559       -0.0008687958       -0.0007099999       -0.0005309999       -0.0003717386       -0.0002486888       -0.0001600954       -0.0000985717
     -121.0000000000       -0.0009682663       -0.0008657465       -0.0007032638       -0.0005208266       -0.0003599172       -0.0002366703       -0.0001486645       -0.0000880610
     -120.0000000000       -0.0009661307       -0.0008625731       -0.0006963048       -0.0005103856       -0.0003478611       -0.0002244735       -0.0001371066       -0.0000774627
     -119.0000000000       -0.0009953353       -0.0008592759       -0.0006891153       -0.0004996706       -0.0003355674       -0.0002120977       -0.0001254222       -0.0000667780
     -118.0000000000       -0.0009605544       -0.0008558552       -0.0006816874       -0.0004886753       -0.0003230334       -0.0001995425       -0.0001136122       -0.0000560079
     -117.0000000000       -0.0009663778       -0.0008523116       -0.0006740132       -0.0004773931       -0.0003102561       -0.0001868075       -0.0001016772       -0.0000451538
     -116.0000000000       -0.0009680063       -0.0008486457       -0.0006660843       -0.0004658178       -0.0002972329       -0.0001738923       -0.0000896180       -0.0000342168
     -115.0000000000       -0.0009749803       -0.0008448580       -0.0006578919       -0.0004539427       -0.0002839611       -0.0001607969       -0.0000774357       -0.0000231983
     -114.0000000000       -0.0009630038       -0.0008409489       -0.0006494271       -0.0004417613       -0.0002704382       -0.0001475209       -0.0000651312       -0.0000120998
     -113.0000000000       -0.0009702243       -0.0008369185       -0.0006406805       -0.0004292668       -0.0002566617       -0.0001340646       -0.0000527056       -0.0000009227
     -112.0000000000       -0.0009354715       -0.0008327668       -0.0006316425       -0.0004164527       -0.0002426293       -0.0001204279       -0.0000401601        0.0000103315
     -111.0000000000       -0.0009618373       -0.0008284933       -0.0006223031       -0.0004033123       -0.0002283386       -0.0001066112       -0.0000274960        0.0000216611
     -110.0000000000       -0.0009572125       -0.0008240969       -0.0006126519       -0.0003898388       -0.0002137876       -0.0000926147       -0.0000147146        0.0000330646
     -109.0000000000       -0.0009829738       -0.0008195763       -0.0006026781       -0.0003760255       -0.0001989743       -0.0000784389       -0.0000018174        0.0000445402
     -108.0000000000       -0.0010175249       -0.0008149291       -0.0005923705       -0.0003618656       -0.0001838966       -0.0000640845        0.0000111940        0.0000560862
     -107.0000000000       -0.0009495929       -0.0008101527       -0.0005817177       -0.0003473525       -0.0001685530       -0.0000495520        0.0000243181        0.0000677007
     -106.0000000000       -0.0009683778       -0.0008052432       -0.0005707077       -0.0003324793       -0.0001529416       -0.0000348425        0.0000375531        0.0000793817
     -105.0000000000       -0.0009604861       -0.0008001963       -0.0005593280       -0.0003172395       -0.0001370612       -0.0000199568        0.0000508971        0.0000911274
     -104.0000000000       -0.0009729974       -0.0007950064       -0.0005475660       -0.0003016263       -0.0001209102       -0.0000048961        0.0000643483        0.0001029357
     -103.0000000000       -0.0009458370       -0.0007896671       -0.0005354083       -0.0002856331       -0.0001044877        0.0000103383        0.0000779046        0.0001148045
     -102.0000000000       -0.0009610577       -0.0007841709       -0.0005228414       -0.0002692535       -0.0000877927        0.0000257450        0.0000915638        0.0001267317
     -101.0000000000       -0.0009558407       -0.0007785092       -0.0005098511       -0.0002524809       -0.0000708243        0.0000413225        0.0001053238        0.0001387149
     -100.0000000000       -0.0009767047       -0.0007726722       -0.0004964230       -0.0002353090       -0.0000535820        0.0000570691        0.0001191822        0.0001507520
      -99.0000000000       -0.0009342388       -0.0007666491       -0.0004825420       -0.0002177316       -0.0000360654        0.0000729828        0.0001331367        0.0001628406
      -98.0000000000       -0.0009588944       -0.0007604276       -0.0004681928       -0.0001997426       -0.0000182743        0.0000890616        0.0001471845        0.0001749782
      -97.0000000000       -0.0009744736       -0.0007539942       -0.0004533596       -0.0001813359       -0.0000002088        0.0001053033        0.0001613232        0.0001871624
      -96.0000000000       -0.0009722569       -0.0007473341       -0.0004380261       -0.0001625059        0.0000181309        0.0001217056        0.0001755499        0.0001993906
      -95.0000000000       -0.0009624535       -0.0007404314       -0.0004221756       -0.0001432468        0.0000367442        0.0001382660        0.0001898618        0.0002116602
      -94.0000000000       -0.0009475527       -0.0007332685       -0.0004057912       -0.0001235533        0.0000556305        0.0001549817        0.0002042559        0.0002239685
      -93.0000000000       -0.0009732011       -0.0007258265       -0.0003888552       -0.0001034201        0.0000747886        0.0001718498        0.0002187292        0.0002363128
      -92.0000000000       -0.0009488783       -0.0007180852       -0.0003713500       -0.0000828424        0.0000942173        0.0001888673        0.0002332786        0.0002486903
      -91.0000000000       -0.0009616586       -0.0007100231       -0.0003532573       -0.0000618155        0.0001139150        0.0002060310        0.0002479006        0.0002610982
      -90.0000000000       -0.0009508187       -0.0007016168       -0.0003345586       -0.0000403350        0.0001338800        0.0002233374        0.0002625920        0.0002735334
      -89.0000000000       -0.0009451520       -0.0006928418       -0.0003152351       -0.0000183968        0.0001541101        0.0002407830        0.0002773492        0.0002859930
      -88.0000000000       -0.0009566457       -0.0006836719       -0.0002952677        0.0000040028        0.0001746029        0.0002583640        0.0002921687        0.0002984740
      -87.0000000000       -0.0009843549       -0.0006740795       -0.0002746370        0.0000268672        0.0001953556        0.0002760763        0.0003070467        0.0003109732
      -86.0000000000       -0.0009500310       -0.0006640352       -0.0002533235        0.0000501993        0.0002163652        0.0002939159        0.0003219795        0.0003234876
      -85.0000000000       -0.0009504134       -0.0006535082       -0.0002313074        0.0000740016        0.0002376284        0.0003118784        0.0003369630        0.0003360137
      -84.0000000000       -0.0009410483       -0.0006424659       -0.0002085689        0.0000982763        0.0002591414        0.0003299593        0.0003519934        0.0003485485
      -83.0000000000       -0.0009692105       -0.0006308740       -0.0001850881        0.0001230251        0.0002809002        0.0003481538        0.0003670664        0.0003610885
      -82.0000000000       -0.0009403827       -0.0006186963       -0.0001608449        0.0001482490        0.0003029005        0.0003664570        0.0003821779        0.0003736304
      -81.0000000000       -0.0009347600       -0.0006058950       -0.0001358195        0.0001739488        0.0003251375        0.0003848638        0.0003973235        0.0003861707
      -80.0000000000       -0.0009670392       -0.0005924301       -0.0001099919        0.0002001243        0.0003476061        0.0004033689        0.0004124987        0.0003987059
      -79.0000000000       -0.0009641504       -0.0005782599       -0.0000833425        0.0002267753        0.0003703008        0.0004219667        0.0004276991        0.0004112325
      -78.0000000000       -0.0009664497       -0.0005633404       -0.0000558518        0.0002539005        0.0003932160        0.0004406517        0.0004429201        0.0004237468
      -77.0000000000       -0.0009349842       -0.0005476254       -0.0000275005        0.0002814981        0.0004163452        0.0004594179        0.0004581568        0.0004362453
      -76.0000000000       -0.0009769267       -0.0005310668        0.0000017301        0.0003095658        0.0004396821        0.0004782593        0.0004734046        0.0004487241
      -75.0000000000       -0.0009464906       -0.0005136137        0.0000318583        0.0003381005        0.0004632196        0.0004971695        0.0004886584        0.0004611797
      -74.0000000000       -0.0009728138       -0.0004952131        0.0000629022        0.0003670983        0.0004869503        0.0005161422        0.0005039133        0.0004736082
      -73.0000000000       -0.0009631413       -0.0004758092        0.0000948788        0.0003965547        0.0005108666        0.0005351707        0.0005191643        0.0004860058
      -72.0000000000       -0.0009612109       -0.0004553438        0.0001278045        0.0004264643        0.0005349603        0.0005542481        0.0005344060        0.0004983687
      -71.0000000000       -0.0009682291       -0.0004337558        0.0001616951        0.0004568210        0.0005592228        0.0005733676        0.0005496333        0.0005106928
      -70.0000000000       -0.0009298667       -0.0004109812        0.0001965653        0.0004876178        0.0005836453        0.0005925218        0.0005648409        0.0005229744
      -69.0000000000       -0.0009720963       -0.0003869531        0.0002324286        0.0005188470        0.0006082185        0.0006117034        0.0005800233        0.0005352094
      -68.0000000000       -0.0009553681       -0.0003616016        0.0002692976        0.0005504998        0.0006329325        0.0006309050        0.0005951749        0.0005473939
      -67.0000000000       -0.0009625160       -0.0003348534        0.0003071835        0.0005825667        0.0006577774        0.0006501187        0.0006102904        0.0005595237
      -66.0000000000       -0.0009565510       -0.0003066322        0.0003460962        0.0006150372        0.0006827425        0.0006693368        0.0006253640        0.0005715949
      -65.0000000000       -0.0009717326       -0.0002768583        0.0003860438        0.0006478999        0.0007078170        0.0006885512        0.0006403900        0.0005836033
      -64.0000000000       -0.0009343921       -0.0002454487        0.0004270331        0.0006811424        0.0007329896        0.0007077536        0.0006553627        0.0005955450
      -63.0000000000       -0.0009493251       -0.0002123167        0.0004690689        0.0007147515        0.0007582485        0.0007269359        0.0006702762        0.0006074156
      -62.0000000000       -0.0009753846       -0.0001773725        0.0005121541        0.0007487127        0.0007835819        0.0007460894        0.0006851247        0.0006192111
      -61.0000000000       -0.0009783681       -0.0001405228        0.0005562897        0.0007830109        0.0008089771        0.0007652055        0.0006999022        0.0006309273
      -60.0000000000       -0.0009871509       -0.0001016707        0.0006014743        0.0008176298        0.0008344213        0.0007842756        0.0007146028        0.0006425601
      -59.0000000000       -0.0009639230       -0.0000607163        0.0006477043        0.0008525520        0.0008599015        0.0008032906        0.0007292204        0.0006541053
      -58.0000000000       -0.0009910553       -0.0000175562        0.0006949738        0.0008877591        0.0008854041        0.0008222416        0.0007437491        0.0006655586
      -57.0000000000       -0.0009334254        0.0000279159        0.0007432739        0.0009232320        0.0009109151        0.0008411194        0.0007581826        0.0006769159
      -56.0000000000       -0.0009765178        0.0000758089        0.0007925934        0.0009589501        0.0009364204        0.0008599147        0.0007725148        0.0006881729
      -55.0000000000       -0.0009741060        0.0001262346        0.0008429180        0.0009948921        0.0009619054        0.0008786183        0.0007867397        0.0006993256
      -54.0000000000       -0.0009977780        0.0001793065        0.0008942306        0.0010310356        0.0009873553        0.0008972207        0.0008008509        0.0007103696
      -53.0000000000       -0.0009825030        0.0002351402        0.0009465107        0.0010673573        0.0010127548        0.0009157123        0.0008148424        0.0007213007
      -52.0000000000       -0.0009472483        0.0002938521        0.0009997348        0.0011038326        0.0010380886        0.0009340836        0.0008287079        0.0007321148
      -51.0000000000       -0.0009898441        0.0003555594        0.0010538762        0.0011404362        0.0010633409        0.0009523247        0.0008424413        0.0007428078
      -50.0000000000       -0.0009798558        0.0004203792        0.0011089045        0.0011771417        0.0010884957        0.0009704261        0.0008560362        0.0007533754
      -49.0000000000       -0.0009647800        0.0004884272        0.0011647858        0.0012139219        0.0011135368        0.0009883779        0.0008694864        0.0007638135
      -48.0000000000       -0.0009658800        0.0005598175        0.0012214828        0.0012507485        0.0011384477        0.0010061702        0.0008827858        0.0007741180
      -47.0000000000       -0.0009826920        0.0006346610        0.0012789542        0.0012875922        0.0011632118        0.0010237932        0.0008959282        0.0007842847
      -46.0000000000       -0.0009638984        0.0007130644        0.0013371553        0.0013244232        0.0011878121        0.0010412369        0.0009089073        0.0007943096
      -45.0000000000       -0.0009698461        0.0007951289        0.0013960374        0.0013612106        0.0012122316        0.0010584915        0.0009217171        0.0008041887
      -44.0000000000       -0.0009687513        0.0008809486        0.0014555478        0.0013979227        0.0012364531        0.0010755470        0.0009343513        0.0008139179
      -43.0000000000       -0.0009728011        0.0009706091        0.0015156303        0.0014345270        0.0012604593        0.0010923935        0.0009468039        0.0008234933
      -42.0000000000       -0.0009769276        0.0010641855        0.0015762246        0.0014709905        0.0012842327        0.0011090210        0.0009590688        0.0008329108
      -41.0000000000       -0.0009669466        0.0011617411        0.0016372666        0.0015072793        0.0013077558        0.0011254198        0.0009711399        0.0008421667
      -40.0000000000       -0.0009721166        0.0012633250        0.0016986883        0.0015433590        0.0013310110        0.0011415798        0.0009830114        0.0008512570
      -39.0000000000       -0.0009393013        0.0013689700        0.0017604180        0.0015791945        0.0013539806        0.0011574915        0.0009946773        0.0008601779
      -38.0000000000       -0.0009650607        0.0014786909        0.0018223804        0.0016147503        0.0013766470        0.0011731449        0.0010061318        0.0008689256
      -37.0000000000       -0.0009467503        0.0015924822        0.0018844964        0.0016499904        0.0013989925        0.0011885304        0.0010173690        0.0008774965
      -36.0000000000       -0.0009621204        0.0017103155        0.0019466835        0.0016848783        0.0014209994        0.0012036385        0.0010283832        0.0008858868
      -35.0000000000       -0.0009383657        0.0018321378        0.0020088557        0.0017193774        0.0014426502        0.0012184596        0.0010391688        0.0008940930
      -34.0000000000       -0.0009554613        0.0019578689        0.0020709238        0.0017534506        0.0014639274        0.0012329842        0.0010497202        0.0009021116
      -33.0000000000       -0.0009614150        0.0020873994        0.0021327958        0.0017870607        0.0014848135        0.0012472032        0.0010600320        0.0009099389
      -32.0000000000       -0.0009699503        0.0022205887        0.0021943765        0.0018201704        0.0015052912        0.0012611073        0.0010700987        0.0009175718
      -31.0000000000       -0.0009757158        0.0023572628        0.0022555682        0.0018527421        0.0015253434        0.0012746875        0.0010799150        0.0009250067
      -30.0000000000       -0.0009609833        0.0024972129        0.0023162709        0.0018847386        0.0015449533        0.0012879349        0.0010894758        0.0009322404
      -29.0000000000       -0.0009642839        0.0026401935        0.0023763822        0.0019161226        0.0015641040        0.0013008408        0.0010987761        0.0009392698
      -28.0000000000       -0.0009405396        0.0027859215        0.0024357981        0.0019468569        0.0015827790        0.0013133966        0.0011078107        0.0009460916
      -27.0000000000       -0.0009609625        0.0029340752        0.0024944129        0.0019769047        0.0016009622        0.0013255938        0.0011165749        0.0009527029
      -26.0000000000       -0.0009408170        0.0030842934        0.0025521198        0.0020062294        0.0016186375        0.0013374243        0.0011250639        0.0009591008
      -25.0000000000       -0.0009449088        0.0032361756        0.0026088108        0.0020347950        0.0016357894        0.0013488801        0.0011332731        0.0009652822
      -24.0000000000       -0.0009151784        0.0033892824        0.0026643777        0.0020625657        0.0016524025        0.0013599533        0.0011411981        0.0009712445
      -23.0000000000       -0.0009606994        0.0035431361        0.0027187119        0.0020895067        0.0016684618        0.0013706364        0.0011488346        0.0009769850
      -22.0000000000       -0.0009408961        0.0036972221        0.0027717050        0.0021155834        0.0016839529        0.0013809220        0.0011561782        0.0009825010
      -21.0000000000       -0.0009494863        0.0038509909        0.0028232492        0.0021407624        0.0016988617        0.0013908030        0.0011632250        0.0009877900
      -20.0000000000       -0.0009705134        0.0040038607        0.0028732378        0.0021650106        0.0017131743        0.0014002725        0.0011699710        0.0009928496
      -19.0000000000       -0.0009377217        0.0041552203        0.0029215653        0.0021882964        0.0017268776        0.0014093238        0.0011764126        0.0009976775
      -18.0000000000       -0.0009334577        0.0043044329        0.0029681281        0.0022105887        0.0017399589        0.0014179507        0.0011825461        0.0010022715
      -17.0000000000       -0.0009597599        0.0044508405        0.0030128248        0.0022318577        0.0017524059        0.0014261471        0.0011883681        0.0010066295
      -16.0000000000       -0.0009405066        0.0045937685        0.0030555565        0.0022520747        0.0017642068        0.0014339071        0.0011938753        0.0010107494
      -15.0000000000       -0.0008860079        0.0047325311        0.0030962277        0.0022712121        0.0017753506        0.0014412252        0.0011990646        0.0010146293
      -14.0000000000       -0.0009266450        0.0048664372        0.0031347458        0.0022892437        0.0017858267        0.0014480962        0.0012039331        0.0010182675
      -13.0000000000       -0.0009025674        0.0049947963        0.0031710224        0.0023061447        0.0017956250        0.0014545152        0.0012084780        0.0010216622
      -12.0000000000       -0.0008919353        0.0051169254        0.0032049732        0.0023218916        0.0018047361        0.0014604775        0.0012126967        0.0010248118
      -11.0000000000       -0.0008895306        0.0052321554        0.0032365184        0.0023364623        0.0018131514        0.0014659790        0.0012165869        0.0010277150
      -10.0000000000       -0.0008111322        0.0053398381        0.0032655834        0.0023498365        0.0018208626        0.0014710155        0.0012201463        0.0010303703
       -9.0000000000       -0.0008094518        0.0054393531        0.0032920987        0.0023619952        0.0018278623        0.0014755835        0.0012233729        0.0010327765
       -8.0000000000       -0.0007470499        0.0055301143        0.0033160003        0.0023729212        0.0018341437        0.0014796796        0.0012262649        0.0010349325
       -7.0000000000       -0.0006409076        0.0056115771        0.0033372302        0.0023825989        0.0018397007        0.0014833009        0.0012288206        0.0010368372
       -6.0000000000       -0.0005115864        0.0056832440        0.0033557366        0.0023910146        0.0018445278        0.0014864447        0.0012310385        0.0010384897
       -5.0000000000       -0.0002826267        0.0057446711        0.0033714741        0.0023981562        0.0018486203        0.0014891088        0.0012329173        0.0010398894
       -4.0000000000        0.0002094960        0.0057954729        0.0033844038        0.0024040134        0.0018519742        0.0014912911        0.0012344560        0.0010410354
       -3.0000000000        0.0014111354        0.0058353273        0.0033944938        0.0024085778        0.0018545863        0.0014929902        0.0012356537        0.0010419274
       -2.0000000000        0.0052349878        0.0058639796        0.0034017189        0.0024118428        0.0018564539        0.0014942047        0.0012365097        0.0010425648
       -1.0000000000        0.0293960123        0.0058812453        0.0034060612        0.0024138037        0.0018575751        0.0014949337        0.0012370235        0.0010429473
        0.0000000000        0.4085059273        0.0058870130        0.0034075098        0.0024144576        0.0018579490        0.0014951768        0.0012371948        0.0010430749
        1.0000000000        0.0293960123        0.0058812453        0.0034060612        0.0024138037        0.0018575751        0.0014949337        0.0012370235        0.0010429473
        2.0000000000        0.0052349878        0.0058639796        0.0034017189        0.0024118428        0.0018564539        0.0014942047        0.0012365097        0.0010425648
        3.0000000000        0.0014111354        0.0058353273        0.0033944938        0.0024085778        0.0018545863        0.0014929902        0.0012356537        0.0010419274
        4.0000000000        0.0002094960        0.0057954729        0.0033844038        0.0024040134        0.0018519742        0.0014912911        0.0012344560        0.0010410354
        5.0000000000       -0.0002826267        0.0057446711        0.0033714741        0.0023981562        0.0018486203        0.0014891088        0.0012329173        0.0010398894
        6.0000000000       -0.0005115864        0.0056832440        0.0033557366        0.0023910146        0.0018445278        0.0014864447        0.0012310385        0.0010384897
        7.0000000000       -0.0006409076        0.0056115771        0.0033372302        0.0023825989        0.0018397007        0.0014833009        0.0012288206        0.0010368372
        8.0000000000       -0.0007470499        0.0055301143        0.0033160003        0.0023729212        0.0018341437        0.0014796796        0.0012262649        0.0010349325
        9.0000000000       -0.0008094518        0.0054393531        0.0032920987        0.0023619952        0.0018278623        0.0014755835        0.0012233729        0.0010327765
       10.0000000000       -0.0008111322        0.0053398381        0.0032655834        0.0023498365        0.0018208626        0.0014710155        0.0012201463        0.0010303703
       11.0000000000       -0.0008895306        0.0052321554        0.0032365184        0.0023364623        0.0018131514        0.0014659790        0.0012165869        0.0010277150
       12.0000000000       -0.0008919353        0.0051169254        0.0032049732        0.0023218916        0.0018047361        0.0014604775        0.0012126967        0.0010248118
       13.0000000000       -0.0009025674        0.0049947963        0.0031710224        0.0023061447        0.0017956250        0.0014545152        0.0012084780        0.0010216622
       14.0000000000       -0.0009266450        0.0048664372        0.0031347458        0.0022892437        0.0017858267        0.0014480962        0.0012039331        0.0010182675
       15.0000000000       -0.0008860079        0.0047325311        0.0030962277        0.0022712121        0.0017753506        0.0014412252        0.0011990646        0.0010146293
       16.0000000000       -0.0009405066        0.0045937685        0.0030555565        0.0022520747        0.0017642068        0.0014339071        0.0011938753        0.0010107494
       17.0000000000       -0.0009597599        0.0044508405        0.0030128248        0.0022318577        0.0017524059        0.0014261471        0.0011883681        0.0010066295
       18.0000000000       -0.0009334577        0.0043044329        0.0029681281        0.0022105887        0.0017399589        0.0014179507        0.0011825461        0.0010022715
       19.0000000000       -0.0009377217        0.0041552203        0.0029215653        0.0021882964        0.0017268776        0.0014093238        0.0011764126        0.0009976775
       20.0000000000       -0.0009705134        0.0040038607        0.0028732378        0.0021650106        0.0017131743        0.0014002725        0.0011699710        0.0009928496
       21.0000000000       -0.0009494863        0.0038509909        0.0028232492        0.0021407624        0.0016988617        0.0013908030        0.0011632250        0.0009877900
       22.0000000000       -0.0009408961        0.0036972221        0.0027717050        0.0021155834        0.0016839529        0.0013809220        0.0011561782        0.0009825010
       23.0000000000       -0.0009606994        0.0035431361        0.0027187119        0.0020895067        0.0016684618        0.0013706364        0.0011488346        0.0009769850
       24.0000000000       -0.0009151784        0.0033892824        0.0026643777        0.0020625657        0.0016524025        0.0013599533        0.0011411981        0.0009712445
       25.0000000000       -0.0009449088        0.0032361756        0.0026088108        0.0020347950        0.0016357894        0.0013488801        0.0011332731        0.0009652822
       26.0000000000       -0.0009408170        0.0030842934        0.0025521198        0.0020062294        0.0016186375        0.0013374243        0.0011250639        0.0009591008
       27.0000000000       -0.0009609625        0.0029340752        0.0024944129        0.0019769047        0.0016009622        0.0013255938        0.0011165749        0.0009527029
       28.0000000000       -0.0009405396        0.0027859215        0.0024357981        0.0019468569        0.0015827790        0.0013133966        0.0011078107        0.0009460916
       29.0000000000       -0.0009642839        0.0026401935        0.0023763822        0.0019161226        0.0015641040        0.0013008408        0.0010987761        0.0009392698
       30.0000000000       -0.0009609833        0.0024972129        0.0023162709        0.0018847386        0.0015449533        0.0012879349        0.0010894758        0.0009322404
       31.0000000000       -0.0009757158        0.0023572628        0.0022555682        0.0018527421        0.0015253434        0.0012746875        0.0010799150        0.0009250067
       32.0000000000       -0.0009699503        0.0022205887        0.0021943765        0.0018201704        0.0015052912        0.0012611073        0.0010700987        0.0009175718
       33.0000000000       -0.0009614150        0.0020873994        0.0021327958        0.0017870607        0.0014848135        0.0012472032        0.0010600320        0.0009099389
       34.0000000000       -0.0009554613        0.0019578689        0.0020709238        0.0017534506        0.0014639274        0.0012329842        0.0010497202        0.0009021116
       35.0000000000       -0.0009383657        0.0018321378        0.0020088557        0.0017193774        0.0014426502        0.0012184596        0.0010391688        0.0008940930
       36.0000000000       -0.0009621204        0.0017103155        0.0019466835        0.0016848783        0.0014209994        0.0012036385        0.0010283832        0.0008858868
       37.0000000000       -0.0009467503        0.0015924822        0.0018844964        0.0016499904        0.0013989925        0.0011885304        0.0010173690        0.0008774965
       38.0000000000       -0.0009650607        0.0014786909        0.0018223804        0.0016147503        0.0013766470        0.0011731449        0.0010061318        0.0008689256
       39.0000000000       -0.0009393013        0.0013689700        0.0017604180        0.0015791945        0.0013539806        0.0011574915        0.0009946773        0.0008601779
       40.0000000000       -0.0009721166        0.0012633250        0.0016986883        0.0015433590        0.0013310110        0.0011415798        0.0009830114        0.0008512570
       41.0000000000       -0.0009669466        0.0011617411        0.0016372666        0.0015072793        0.0013077558        0.0011254198        0.0009711399        0.0008421667
       42.0000000000       -0.0009769276        0.0010641855        0.0015762246        0.0014709905        0.0012842327        0.0011090210        0.0009590688        0.0008329108
       43.0000000000       -0.0009728011        0.0009706091        0.0015156303        0.0014345270        0.0012604593        0.0010923935        0.0009468039        0.0008234933
       44.0000000000       -0.0009687513        0.0008809486        0.0014555478        0.0013979227        0.0012364531        0.0010755470        0.0009343513        0.0008139179
       45.0000000000       -0.0009698461        0.0007951289        0.0013960374        0.0013612106        0.0012122316        0.0010584915        0.0009217171        0.0008041887
       46.0000000000       -0.0009638984        0.0007130644        0.0013371553        0.0013244232        0.0011878121        0.0010412369        0.0009089073        0.0007943096
       47.0000000000       -0.0009826920        0.0006346610        0.0012789542        0.0012875922        0.0011632118        0.0010237932        0.0008959282        0.0007842847
       48.0000000000       -0.0009658800        0.0005598175        0.0012214828        0.0012507485        0.0011384477        0.0010061702        0.0008827858        0.0007741180
       49.0000000000       -0.0009647800        0.0004884272        0.0011647858        0.0012139219        0.0011135368        0.0009883779        0.0008694864        0.0007638135
       50.0000000000       -0.0009798558        0.0004203792        0.0011089045        0.0011771417        0.0010884957        0.0009704261        0.0008560362        0.0007533754
       51.0000000000       -0.0009898441        0.0003555594        0.0010538762        0.0011404362        0.0010633409        0.0009523247        0.0008424413        0.0007428078
       52.0000000000       -0.0009472483        0.0002938521        0.0009997348        0.0011038326        0.0010380886        0.0009340836        0.0008287079        0.0007321148
       53.0000000000       -0.0009825030        0.0002351402        0.0009465107        0.0010673573        0.0010127548        0.0009157123        0.0008148424        0.0007213007
       54.0000000000       -0.0009977780        0.0001793065        0.0008942306        0.0010310356        0.0009873553        0.0008972207        0.0008008509        0.0007103696
       55.0000000000       -0.0009741060        0.0001262346        0.0008429180        0.0009948921        0.0009619054        0.0008786183        0.0007867397        0.0006993256
       56.0000000000       -0.0009765178        0.0000758089        0.0007925934        0.0009589501        0.0009364204        0.0008599147        0.0007725148        0.0006881729
       57.0000000000       -0.0009334254        0.0000279159        0.0007432739        0.0009232320        0.0009109151        0.0008411194        0.0007581826        0.0006769159
       58.0000000000       -0.0009910553       -0.0000175562        0.0006949738        0.0008877591        0.0008854041        0.0008222416        0.0007437491        0.0006655586
       59.0000000000       -0.0009639230       -0.0000607163        0.0006477043        0.0008525520        0.0008599015        0.0008032906        0.0007292204        0.0006541053
       60.0000000000       -0.0009871509       -0.0001016707        0.0006014743        0.0008176298        0.0008344213        0.0007842756        0.0007146028        0.0006425601
       61.0000000000       -0.0009783681       -0.0001405228        0.0005562897        0.0007830109        0.0008089771        0.0007652055        0.0006999022        0.0006309273
       62.0000000000       -0.0009753846       -0.0001773725        0.0005121541        0.0007487127        0.0007835819        0.0007460894        0.0006851247        0.0006192111
       63.0000000000       -0.0009493251       -0.0002123167        0.0004690689        0.0007147515        0.0007582485        0.0007269359        0.0006702762        0.0006074156
       64.0000000000       -0.0009343921       -0.0002454487        0.0004270331        0.0006811424        0.0007329896        0.0007077536        0.0006553627        0.0005955450
       65.0000000000       -0.0009717326       -0.0002768583        0.0003860438        0.0006478999        0.0007078170        0.0006885512        0.0006403900        0.0005836033
       66.0000000000       -0.0009565510       -0.0003066322        0.0003460962        0.0006150372        0.0006827425        0.0006693368        0.0006253640        0.0005715949
       67.0000000000       -0.0009625160       -0.0003348534        0.0003071835        0.0005825667        0.0006577774        0.0006501187        0.0006102904        0.0005595237
       68.0000000000       -0.0009553681       -0.0003616016        0.0002692976        0.0005504998        0.0006329325        0.0006309050        0.0005951749        0.0005473939
       69.0000000000       -0.0009720963       -0.0003869531        0.0002324286        0.0005188470        0.0006082185        0.0006117034        0.0005800233        0.0005352094
       70.0000000000       -0.0009298667       -0.0004109812        0.0001965653        0.0004876178        0.0005836453        0.0005925218        0.0005648409        0.0005229744
       71.0000000000       -0.0009682291       -0.0004337558        0.0001616951        0.0004568210        0.0005592228        0.0005733676        0.0005496333        0.0005106928
       72.0000000000       -0.0009612109       -0.0004553438        0.0001278045        0.0004264643        0.0005349603        0.0005542481        0.0005344060        0.0004983687
       73.0000000000       -0.0009631413       -0.0004758092        0.0000948788        0.0003965547        0.0005108666        0.0005351707        0.0005191643        0.0004860058
       74.0000000000       -0.0009728138       -0.0004952131        0.0000629022        0.0003670983        0.0004869503        0.0005161422        0.0005039133        0.0004736082
       75.0000000000       -0.0009464906       -0.0005136137        0.0000318583        0.0003381005        0.0004632196        0.0004971695        0.0004886584        0.0004611797
       76.0000000000       -0.0009769267       -0.0005310668        0.0000017301        0.0003095658        0.0004396821        0.0004782593        0.0004734046        0.0004487241
       77.0000000000       -0.0009349842       -0.0005476254       -0.0000275005        0.0002814981        0.0004163452        0.0004594179        0.0004581568        0.0004362453
       78.0000000000       -0.0009664497       -0.0005633404       -0.0000558518        0.0002539005        0.0003932160        0.0004406517        0.0004429201        0.0004237468
       79.0000000000       -0.0009641504       -0.0005782599       -0.0000833425        0.0002267753        0.0003703008        0.0004219667        0.0004276991        0.0004112325
       80.0000000000       -0.0009670392       -0.0005924301       -0.0001099919        0.0002001243        0.0003476061        0.0004033689        0.0004124987        0.0003987059
       81.0000000000       -0.0009347600       -0.0006058950       -0.0001358195        0.0001739488        0.0003251375        0.0003848638        0.0003973235        0.0003861707
       82.0000000000       -0.0009403827       -0.0006186963       -0.0001608449        0.0001482490        0.0003029005        0.0003664570        0.0003821779        0.0003736304
       83.0000000000       -0.0009692105       -0.0006308740       -0.0001850881        0.0001230251        0.0002809002        0.0003481538        0.0003670664        0.0003610885
       84.0000000000       -0.0009410483       -0.0006424659       -0.0002085689        0.0000982763        0.0002591414        0.0003299593        0.0003519934        0.0003485485
       85.0000000000       -0.0009504134       -0.0006535082       -0.0002313074        0.0000740016        0.0002376284        0.0003118784        0.0003369630        0.0003360137
       86.0000000000       -0.0009500310       -0.0006640352       -0.0002533235        0.0000501993        0.0002163652        0.0002939159        0.0003219795        0.0003234876
       87.0000000000       -0.0009843549       -0.0006740795       -0.0002746370        0.0000268672        0.0001953556        0.0002760763        0.0003070467        0.0003109732
       88.0000000000       -0.0009566457       -0.0006836719       -0.0002952677        0.0000040028        0.0001746029        0.0002583640        0.0002921687        0.0002984740
       89.0000000000       -0.0009451520       -0.0006928418       -0.0003152351       -0.0000183968        0.0001541101        0.0002407830        0.0002773492        0.0002859930
       90.0000000000       -0.0009508187       -0.0007016168       -0.0003345586       -0.0000403350        0.0001338800        0.0002233374        0.0002625920        0.0002735334
       91.0000000000       -0.0009616586       -0.0007100231       -0.0003532573       -0.0000618155        0.0001139150        0.0002060310        0.0002479006        0.0002610982
       92.0000000000       -0.0009488783       -0.0007180852       -0.0003713500       -0.0000828424        0.0000942173        0.0001888673        0.0002332786        0.0002486903
       93.0000000000       -0.0009732011       -0.0007258265       -0.0003888552       -0.0001034201        0.0000747886        0.0001718498        0.0002187292        0.0002363128
       94.0000000000       -0.0009475527       -0.0007332685       -0.0004057912       -0.0001235533        0.0000556305        0.0001549817        0.0002042559        0.0002239685
       95.0000000000       -0.0009624535       -0.0007404314       -0.0004221756       -0.0001432468        0.0000367442        0.0001382660        0.0001898618        0.0002116602
       96.0000000000       -0.0009722569       -0.0007473341       -0.0004380261       -0.0001625059        0.0000181309        0.0001217056        0.0001755499        0.0001993906
       97.0000000000       -0.0009744736       -0.0007539942       -0.0004533596       -0.0001813359       -0.0000002088        0.0001053033        0.0001613232        0.0001871624
       98.0000000000       -0.0009588944       -0.0007604276       -0.0004681928       -0.0001997426       -0.0000182743        0.0000890616        0.0001471845        0.0001749782
       99.0000000000       -0.0009342388       -0.0007666491       -0.0004825420       -0.0002177316       -0.0000360654        0.0000729828        0.0001331367        0.0001628406
      100.0000000000       -0.0009767047       -0.0007726722       -0.0004964230       -0.0002353090       -0.0000535820        0.0000570691        0.0001191822        0.0001507520
      101.0000000000       -0.0009558407       -0.0007785092       -0.0005098511       -0.0002524809       -0.0000708243        0.0000413225        0.0001053238        0.0001387149
      102.0000000000       -0.0009610577       -0.0007841709       -0.0005228414       -0.0002692535       -0.0000877927        0.0000257450        0.0000915638        0.0001267317
      103.0000000000       -0.0009458370       -0.0007896671       -0.0005354083       -0.0002856331       -0.0001044877        0.0000103383        0.0000779046        0.0001148045
      104.0000000000       -0.0009729974       -0.0007950064       -0.0005475660       -0.0003016263       -0.0001209102       -0.0000048961        0.0000643483        0.0001029357
      105.0000000000       -0.0009604861       -0.0008001963       -0.0005593280       -0.0003172395       -0.0001370612       -0.0000199568        0.0000508971        0.0000911274
      106.0000000000       -0.0009683778       -0.0008052432       -0.0005707077       -0.0003324793       -0.0001529416       -0.0000348425        0.0000375531        0.0000793817
      107.0000000000       -0.0009495929       -0.0008101527       -0.0005817177       -0.0003473525       -0.0001685530       -0.0000495520        0.0000243181        0.0000677007
      108.0000000000       -0.0010175249       -0.0008149291       -0.0005923705       -0.0003618656       -0.0001838966       -0.0000640845        0.0000111940        0.0000560862
      109.0000000000       -0.0009829738       -0.0008195763       -0.0006026781       -0.0003760255       -0.0001989743       -0.0000784389       -0.0000018174        0.0000445402
      110.0000000000       -0.0009572125       -0.0008240969       -0.0006126519       -0.0003898388       -0.0002137876       -0.0000926147       -0.0000147146        0.0000330646
      111.0000000000       -0.0009618373       -0.0008284933       -0.0006223031       -0.0004033123       -0.0002283386       -0.0001066112       -0.0000274960        0.0000216611
      112.0000000000       -0.0009354715       -0.0008327668       -0.0006316425       -0.0004164527       -0.0002426293       -0.0001204279       -0.0000401601        0.0000103315
      113.0000000000       -0.0009702243       -0.0008369185       -0.0006406805       -0.0004292668       -0.0002566617       -0.0001340646       -0.0000527056       -0.0000009227
      114.0000000000       -0.0009630038       -0.0008409489       -0.0006494271       -0.0004417613       -0.0002704382       -0.0001475209       -0.0000651312       -0.0000120998
      115.0000000000       -0.0009749803       -0.0008448580       -0.0006578919       -0.0004539427       -0.0002839611       -0.0001607969       -0.0000774357       -0.0000231983
      116.0000000000       -0.0009680063       -0.0008486457       -0.0006660843       -0.0004658178       -0.0002972329       -0.0001738923       -0.0000896180       -0.0000342168
      117.0000000000       -0.0009663778       -0.0008523116       -0.0006740132       -0.0004773931       -0.0003102561       -0.0001868075       -0.0001016772       -0.0000451538
      118.0000000000       -0.0009605544       -0.0008558552       -0.0006816874       -0.0004886753       -0.0003230334       -0.0001995425       -0.0001136122       -0.0000560079
      119.0000000000       -0.0009953353       -0.0008592759       -0.0006891153       -0.0004996706       -0.0003355674       -0.0002120977       -0.0001254222       -0.0000667780
      120.0000000000       -0.0009661307       -0.0008625731       -0.0006963048       -0.0005103856       -0.0003478611       -0.0002244735       -0.0001371066       -0.0000774627
      121.0000000000       -0.0009682663       -0.0008657465       -0.0007032638       -0.0005208266       -0.0003599172       -0.0002366703       -0.0001486645       -0.0000880610
      122.0000000000       -0.0009659559       -0.0008687958       -0.0007099999       -0.0005309999       -0.0003717386       -0.0002486888       -0.0001600954       -0.0000985717
      123.0000000000       -0.0009654813       -0.0008717209       -0.0007165202       -0.0005409117       -0.0003833283       -0.0002605296       -0.0001713987       -0.0001089937
      124.0000000000       -0.0009710528       -0.0008745221       -0.0007228319       -0.0005505680       -0.0003946894       -0.0002721934       -0.0001825740       -0.0001193260
      125.0000000000       -0.0009513773       -0.0008772000       -0.0007289418       -0.0005599750       -0.0004058248       -0.0002836812       -0.0001936209       -0.0001295678
      126.0000000000       -0.0009619330       -0.0008797554       -0.0007348564       -0.0005691385       -0.0004167377       -0.0002949936       -0.0002045390       -0.0001397181
      127.0000000000       -0.0009675929       -0.0008821897       -0.0007405820       -0.0005780645       -0.0004274312       -0.0003061318       -0.0002153281       -0.0001497761
      128.0000000000       -0.0009429816       -0.0008845047       -0.0007461250       -0.0005867586       -0.0004379084       -0.0003170968       -0.0002259880       -0.0001597409
      129.0000000000       -0.0009584745       -0.0008867026       -0.0007514912       -0.0005952266       -0.0004481726       -0.0003278896       -0.0002365186       -0.0001696120
      130.0000000000       -0.0009876292       -0.0008887858       -0.0007566864       -0.0006034740       -0.0004582269       -0.0003385114       -0.0002469198       -0.0001793885
      131.0000000000       -0.0009555958       -0.0008907574       -0.0007617163       -0.0006115063       -0.0004680745       -0.0003489635       -0.0002571915       -0.0001890699
      132.0000000000       -0.0010044010       -0.0008926209       -0.0007665864       -0.0006193289       -0.0004777187       -0.0003592470       -0.0002673340       -0.0001986556
      133.0000000000       -0.0009960500       -0.0008943800       -0.0007713019       -0.0006269471       -0.0004871627       -0.0003693633       -0.0002773472       -0.0002081450
      134.0000000000       -0.0009817028       -0.0008960389       -0.0007758680       -0.0006343661       -0.0004964097       -0.0003793138       -0.0002872313       -0.0002175377
      135.0000000000       -0.0009808447       -0.0008976022       -0.0007802898       -0.0006415910       -0.0005054629       -0.0003890998       -0.0002969865       -0.0002268331
      136.0000000000       -0.0009751332       -0.0008990746       -0.0007845720       -0.0006486267       -0.0005143257       -0.0003987229       -0.0003066132       -0.0002360311
      137.0000000000       -0.0009641047       -0.0009004611       -0.0007887195       -0.0006554782       -0.0005230011       -0.0004081844       -0.0003161115       -0.0002451310
      138.0000000000       -0.0009674633       -0.0009017669       -0.0007927369       -0.0006621502       -0.0005314925       -0.0004174860       -0.0003254819       -0.0002541328
      139.0000000000       -0.0009791697       -0.0009029975       -0.0007966286       -0.0006686474       -0.0005398029       -0.0004266292       -0.0003347249       -0.0002630360
      140.0000000000       -0.0009381413       -0.0009041584       -0.0008003990       -0.0006749744       -0.0005479357       -0.0004356156       -0.0003438407       -0.0002718405
      141.0000000000       -0.0009545120       -0.0009052550       -0.0008040524       -0.0006811358       -0.0005558939       -0.0004444468       -0.0003528300       -0.0002805460
      142.0000000000       -0.0009561585       -0.0009062929       -0.0008075929       -0.0006871358       -0.0005636808       -0.0004531244       -0.0003616932       -0.0002891525
      143.0000000000       -0.0009780998       -0.0009072776       -0.0008110246       -0.0006929789       -0.0005712994       -0.0004616502       -0.0003704309       -0.0002976598
      144.0000000000       -0.0009969585       -0.0009082145       -0.0008143513       -0.0006986692       -0.0005787528       -0.0004700257       -0.0003790438       -0.0003060679
      145.0000000000       -0.0009720035       -0.0009091088       -0.0008175770       -0.0007042107       -0.0005860441       -0.0004782527       -0.0003875324       -0.0003143766
      146.0000000000       -0.0009901619       -0.0009099655       -0.0008207052       -0.0007096076       -0.0005931763       -0.0004863330       -0.0003958975       -0.0003225861
      147.0000000000       -0.0009944672       -0.0009107895       -0.0008237396       -0.0007148637       -0.0006001525       -0.0004942683       -0.0004041397       -0.0003306963
      148.0000000000       -0.0009536536       -0.0009115853       -0.0008266838       -0.0007199828       -0.0006069757       -0.0005020602       -0.0004122599       -0.0003387072
      149.0000000000       -0.0009639982       -0.0009123573       -0.0008295410       -0.0007249687       -0.0006136488       -0.0005097107       -0.0004202587       -0.0003466191
      150.0000000000       -0.0009814105       -0.0009131095       -0.0008323145       -0.0007298250       -0.0006201747       -0.0005172214       -0.0004281369       -0.0003544320
      151.0000000000       -0.0009930919       -0.0009138454       -0.0008350077       -0.0007345552       -0.0006265562       -0.0005245942       -0.0004358954       -0.0003621460
      152.0000000000       -0.0009643015       -0.0009145684       -0.0008376234       -0.0007391628       -0.0006327963       -0.0005318308       -0.0004435350       -0.0003697614
      153.0000000000       -0.0009419650       -0.0009152815       -0.0008401648       -0.0007436512       -0.0006388978       -0.0005389330       -0.0004510566       -0.0003772783
      154.0000000000       -0.0009606413       -0.0009159873       -0.0008426347       -0.0007480235       -0.0006448633       -0.0005459025       -0.0004584610       -0.0003846970
      155.0000000000       -0.0009659242       -0.0009166881       -0.0008450359       -0.0007522830       -0.0006506957       -0.0005527413       -0.0004657492       -0.0003920178
      156.0000000000       -0.0009700954       -0.0009173857       -0.0008473710       -0.0007564329       -0.0006563976       -0.0005594510       -0.0004729221       -0.0003992409
      157.0000000000       -0.0009727401       -0.0009180819       -0.0008496426       -0.0007604760       -0.0006619717       -0.0005660335       -0.0004799807       -0.0004063667
      158.0000000000       -0.0009710827       -0.0009187779       -0.0008518533       -0.0007644154       -0.0006674205       -0.0005724906       -0.0004869258       -0.0004133954
      159.0000000000       -0.0009534489       -0.0009194747       -0.0008540053       -0.0007682538       -0.0006727467       -0.0005788239       -0.0004937585       -0.0004203275
      160.0000000000       -0.0009613564       -0.0009201730       -0.0008561009       -0.0007719941       -0.0006779527       -0.0005850353       -0.0005004797       -0.0004271633
      161.0000000000       -0.0009753977       -0.0009208734       -0.0008581423       -0.0007756389       -0.0006830411       -0.0005911266       -0.0005070905       -0.0004339032
      162.0000000000       -0.0009806820       -0.0009215762       -0.0008601316       -0.0007791909       -0.0006880142       -0.0005970995       -0.0005135918       -0.0004405476
      163.0000000000       -0.0009966497       -0.0009222814       -0.0008620708       -0.0007826525       -0.0006928745       -0.0006029556       -0.0005199847       -0.0004470970
      164.0000000000       -0.0009903871       -0.0009229890       -0.0008639617       -0.0007860262       -0.0006976243       -0.0006086969       -0.0005262702       -0.0004535518
      165.0000000000       -0.0009774089       -0.0009236987       -0.0008658060       -0.0007893145       -0.0007022659       -0.0006143250       -0.0005324494       -0.0004599124
      166.0000000000       -0.0009540969       -0.0009244104       -0.0008676056       -0.0007925196       -0.0007068016       -0.0006198415       -0.0005385232       -0.0004661794
      167.0000000000       -0.0009630780       -0.0009251237       -0.0008693619       -0.0007956437       -0.0007112335       -0.0006252482       -0.0005444927       -0.0004723533
      168.0000000000       -0.0009615073       -0.0009258381       -0.0008710766       -0.0007986890       -0.0007155639       -0.0006305468       -0.0005503590       -0.0004784344
      169.0000000000       -0.0009605357       -0.0009265533       -0.0008727509       -0.0008016577       -0.0007197949       -0.0006357390       -0.0005561232       -0.0004844235
      170.0000000000       -0.0009686923       -0.0009272688       -0.0008743863       -0.0008045517       -0.0007239286       -0.0006408262       -0.0005617862       -0.0004903209
      171.0000000000       -0.0009526227       -0.0009279842       -0.0008759839       -0.0008073730       -0.0007279670       -0.0006458104       -0.0005673492       -0.0004961273
      172.0000000000       -0.0010051996       -0.0009286992       -0.0008775450       -0.0008101235       -0.0007319122       -0.0006506929       -0.0005728132       -0.0005018433
      173.0000000000       -0.0009919297       -0.0009294133       -0.0008790705       -0.0008128050       -0.0007357660       -0.0006554754       -0.0005781792       -0.0005074692
      174.0000000000       -0.0009451311       -0.0009301262       -0.0008805616       -0.0008154194       -0.0007395304       -0.0006601595       -0.0005834484       -0.0005130059
      175.0000000000       -0.0009593405       -0.0009308376       -0.0008820191       -0.0008179683       -0.0007432074       -0.0006647468       -0.0005886218       -0.0005184537
      176.0000000000       -0.0009662775       -0.0009315473       -0.0008834439       -0.0008204534       -0.0007467986       -0.0006692388       -0.0005937004       -0.0005238134
      177.0000000000       -0.0009659839       -0.0009322549       -0.0008848367       -0.0008228764       -0.0007503059       -0.0006736370       -0.0005986854       -0.0005290855
      178.0000000000       -0.0010053385       -0.0009329603       -0.0008861984       -0.0008252386       -0.0007537311       -0.0006779429       -0.0006035777       -0.0005342706
      179.0000000000       -0.0009599854       -0.0009336631       -0.0008875295       -0.0008275418       -0.0007570759       -0.0006821579       -0.0006083784       -0.0005393693
      180.0000000000       -0.0009601742       -0.0009343631       -0.0008888306       -0.0008297872       -0.0007603419       -0.0006862837       -0.0006130885       -0.0005443822
      181.0000000000       -0.0009545308       -0.0009350600       -0.0008901024       -0.0008319763       -0.0007635308       -0.0006903215       -0.0006177092       -0.0005493101
      182.0000000000       -0.0009849277       -0.0009357533       -0.0008913453       -0.0008341104       -0.0007666442       -0.0006942728       -0.0006222413       -0.0005541534
      183.0000000000       -0.0010101879       -0.0009364426       -0.0008925597       -0.0008361908       -0.0007696837       -0.0006981390       -0.0006266860       -0.0005589128
      184.0000000000       -0.0009813234       -0.0009371273       -0.0008937460       -0.0008382188       -0.0007726507       -0.0007019215       -0.0006310442       -0.0005635889
      185.0000000000       -0.0010176334       -0.0009378067       -0.0008949046       -0.0008401957       -0.0007755467       -0.0007056216       -0.0006353170       -0.0005681824
      186.0000000000       -0.0009576166       -0.0009384801       -0.0008960359       -0.0008421225       -0.0007783733       -0.0007092406       -0.0006395054       -0.0005726939
      187.0000000000       -0.0010031031       -0.0009391465       -0.0008971400       -0.0008440003       -0.0007811318       -0.0007127799       -0.0006436103       -0.0005771241
      188.0000000000       -0.0009925418       -0.0009398048       -0.0008982173       -0.0008458304       -0.0007838235       -0.0007162408       -0.0006476328       -0.0005814734
      189.0000000000       -0.0009460680       -0.0009404539       -0.0008992680       -0.0008476137       -0.0007864500       -0.0007196245       -0.0006515738       -0.0005857427
      190.0000000000       -0.0009508785       -0.0009410923       -0.0009002924       -0.0008493512       -0.0007890123       -0.0007229322       -0.0006554343       -0.0005899325
      191.0000000000       -0.0009531104       -0.0009417186       -0.0009012905       -0.0008510439       -0.0007915119       -0.0007261652       -0.0006592152       -0.0005940434
      192.0000000000       -0.0009915894       -0.0009423312       -0.0009022625       -0.0008526929       -0.0007939500       -0.0007293246       -0.0006629175       -0.0005980761
      193.0000000000       -0.0009791142       -0.0009429285       -0.0009032087       -0.0008542989       -0.0007963278       -0.0007324117       -0.0006665421       -0.0006020312
      194.0000000000       -0.0009689988       -0.0009435086       -0.0009041291       -0.0008558629       -0.0007986464       -0.0007354276       -0.0006700900       -0.0006059093
      195.0000000000       -0.0009996199       -0.0009440697       -0.0009050240       -0.0008573858       -0.0008009071       -0.0007383735       -0.0006735620       -0.0006097111
      196.0000000000       -0.0009536230       -0.0009446100       -0.0009058934       -0.0008588683       -0.0008031109       -0.0007412503       -0.0006769590       -0.0006134371
      197.0000000000       -0.0009628040       -0.0009451275       -0.0009067376       -0.0008603113       -0.0008052590       -0.0007440593       -0.0006802820       -0.0006170880
      198.0000000000       -0.0009880396       -0.0009456205       -0.0009075565       -0.0008617156       -0.0008073524       -0.0007468015       -0.0006835318       -0.0006206644
      199.0000000000       -0.0009715108       -0.0009460871       -0.0009083505       -0.0008630819       -0.0008093921       -0.0007494779       -0.0006867092       -0.0006241669
      200.0000000000       -0.0009595327       -0.0009465256       -0.0009091196       -0.0008644110       -0.0008113793       -0.0007520895       -0.0006898152       -0.0006275960
      201.0000000000       -0.0009322428       -0.0009469344       -0.0009098640       -0.0008657035       -0.0008133147       -0.0007546374       -0.0006928505       -0.0006309524
      202.0000000000       -0.0009380862       -0.0009473121       -0.0009105839       -0.0008669602       -0.0008151995       -0.0007571226       -0.0006958161       -0.0006342367
      203.0000000000       -0.0009851293       -0.0009476574       -0.0009112795       -0.0008681818       -0.0008170345       -0.0007595459       -0.0006987125       -0.0006374495
      204.0000000000       -0.0009927135       -0.0009479692       -0.0009119510       -0.0008693689       -0.0008188206       -0.0007619083       -0.0007015408       -0.0006405912
      205.0000000000       -0.0009622003       -0.0009482466       -0.0009125986       -0.0008705221       -0.0008205588       -0.0007642108       -0.0007043016       -0.0006436625
      206.0000000000       -0.0009887929       -0.0009484891       -0.0009132226       -0.0008716421       -0.0008222499       -0.0007664542       -0.0007069958       -0.0006466640
      207.0000000000       -0.0009946626       -0.0009486961       -0.0009138232       -0.0008727295       -0.0008238947       -0.0007686394       -0.0007096241       -0.0006495962
      208.0000000000       -0.0009389260       -0.0009488677       -0.0009144007       -0.0008737849       -0.0008254940       -0.0007707673       -0.0007121871       -0.0006524597
      209.0000000000       -0.0009594008       -0.0009490040       -0.0009149555       -0.0008748088       -0.0008270487       -0.0007728386       -0.0007146858       -0.0006552549
      210.0000000000       -0.0009936628       -0.0009491053       -0.0009154878       -0.0008758019       -0.0008285594       -0.0007748543       -0.0007171206       -0.0006579825
      211.0000000000       -0.0009667889       -0.0009491723       -0.0009159980       -0.0008767646       -0.0008300270       -0.0007768150       -0.0007194925       -0.0006606429
      212.0000000000       -0.0009915922       -0.0009492060       -0.0009164864       -0.0008776976       -0.0008314521       -0.0007787216       -0.0007218020       -0.0006632367
      213.0000000000       -0.0009664280       -0.0009492076       -0.0009169536       -0.0008786014       -0.0008328356       -0.0007805748       -0.0007240498       -0.0006657643
      214.0000000000       -0.0009665685       -0.0009491785       -0.0009173998       -0.0008794764       -0.0008341779       -0.0007823753       -0.0007262365       -0.0006682264
      215.0000000000       -0.0009396688       -0.0009491203       -0.0009178255       -0.0008803233       -0.0008354799       -0.0007841239       -0.0007283628       -0.0006706232
      216.0000000000       -0.0009667776       -0.0009490349       -0.0009182312       -0.0008811424       -0.0008367421       -0.0007858212       -0.0007304294       -0.0006729554
      217.0000000000       -0.0009910293       -0.0009489243       -0.0009186172       -0.0008819344       -0.0008379653       -0.0007874680       -0.0007324368       -0.0006752234
      218.0000000000       -0.0009885713       -0.0009487907       -0.0009189842       -0.0008826996       -0.0008391499       -0.0007890648       -0.0007343856       -0.0006774277
      219.0000000000       -0.0009666216       -0.0009486365       -0.0009193326       -0.0008834386       -0.0008402966       -0.0007906123       -0.0007362764       -0.0006795686
      220.0000000000       -0.0009701171       -0.0009484639       -0.0009196630       -0.0008841517       -0.0008414059       -0.0007921111       -0.0007381097       -0.0006816468
      221.0000000000       -0.0009563458       -0.0009482756       -0.0009199758       -0.0008848396       -0.0008424785       -0.0007935619       -0.0007398862       -0.0006836625
      222.0000000000       -0.0009957444       -0.0009480739       -0.0009202716       -0.0008855025       -0.0008435148       -0.0007949652       -0.0007416063       -0.0006856162
      223.0000000000       -0.0009704018       -0.0009478616       -0.0009205509       -0.0008861409       -0.0008445153       -0.0007963215       -0.0007432706       -0.0006875083
      224.0000000000       -0.0009554253       -0.0009476410       -0.0009208143       -0.0008867554       -0.0008454806       -0.0007976314       -0.0007448795       -0.0006893392
      225.0000000000       -0.0009600138       -0.0009474147       -0.0009210624       -0.0008873462       -0.0008464111       -0.0007988954       -0.0007464335       -0.0006911093
      226.0000000000       -0.0009526312       -0.0009471850       -0.0009212956       -0.0008879138       -0.0008473073       -0.0008001141       -0.0007479332       -0.0006928189
      227.0000000000       -0.0009859486       -0.0009469543       -0.0009215147       -0.0008884585       -0.0008481697       -0.0008012879       -0.0007493790       -0.0006944685
      228.0000000000       -0.0009774955       -0.0009467247       -0.0009217201       -0.0008889808       -0.0008489987       -0.0008024173       -0.0007507712       -0.0006960584
      229.0000000000       -0.0009673620       -0.0009464983       -0.0009219125       -0.0008894811       -0.0008497947       -0.0008035028       -0.0007521104       -0.0006975889
      230.0000000000       -0.0009572541       -0.0009462770       -0.0009220923       -0.0008899597       -0.0008505580       -0.0008045447       -0.0007533970       -0.0006990604
      231.0000000000       -0.0009634471       -0.0009460624       -0.0009222601       -0.0008904170       -0.0008512892       -0.0008055436       -0.0007546313       -0.0007004731
      232.0000000000       -0.0009498254       -0.0009458561       -0.0009224165       -0.0008908532       -0.0008519885       -0.0008064998       -0.0007558137       -0.0007018275
      233.0000000000       -0.0009695255       -0.0009456592       -0.0009225620       -0.0008912688       -0.0008526564       -0.0008074136       -0.0007569446       -0.0007031237
      234.0000000000       -0.0009495788       -0.0009454729       -0.0009226971       -0.0008916641       -0.0008532931       -0.0008082855       -0.0007580244       -0.0007043621
      235.0000000000       -0.0009551102       -0.0009452981       -0.0009228223       -0.0008920394       -0.0008538990       -0.0008091159       -0.0007590533       -0.0007055429
      236.0000000000       -0.0009778609       -0.0009451353       -0.0009229382       -0.0008923950       -0.0008544743       -0.0008099050       -0.0007600318       -0.0007066665
      237.0000000000       -0.0009438496       -0.0009449850       -0.0009230452       -0.0008927311       -0.0008550195       -0.0008106532       -0.0007609600       -0.0007077330
      238.0000000000       -0.0009787423       -0.0009448474       -0.0009231437       -0.0008930481       -0.0008555347       -0.0008113607       -0.0007618383       -0.0007087427
      239.0000000000       -0.0009364476       -0.0009447225       -0.0009232343       -0.0008933462       -0.0008560202       -0.0008120279       -0.0007626670       -0.0007096958
      240.0000000000       -0.0009672354       -0.0009446102       -0.0009233173       -0.0008936257       -0.0008564763       -0.0008126550       -0.0007634463       -0.0007105925
      241.0000000000       -0.0009560566       -0.0009445101       -0.0009233932       -0.0008938868       -0.0008569032       -0.0008132424       -0.0007641764       -0.0007114331
      242.0000000000       -0.0009812161       -0.0009444217       -0.0009234623       -0.0008941298       -0.0008573011       -0.0008137901       -0.0007648577       -0.0007122177
      243.0000000000       -0.0009655074       -0.0009443445       -0.0009235250       -0.0008943547       -0.0008576703       -0.0008142985       -0.0007654902       -0.0007129465
      244.0000000000       -0.0009209310       -0.0009442778       -0.0009235816       -0.0008945620       -0.0008580109       -0.0008147677       -0.0007660742       -0.0007136196
      245.0000000000       -0.0009421509       -0.0009442207       -0.0009236325       -0.0008947516       -0.0008583230       -0.0008151980       -0.0007666100       -0.0007142373
      246.0000000000       -0.0009562724       -0.0009441724       -0.0009236779       -0.0008949239       -0.0008586069       -0.0008155894       -0.0007670975       -0.0007147996
      247.0000000000       -0.0009771294       -0.0009441321       -0.0009237181       -0.0008950789       -0.0008588628       -0.0008159423       -0.0007675371       -0.0007153067
      248.0000000000       -0.0009297894       -0.0009440988       -0.0009237533       -0.0008952168       -0.0008590906       -0.0008162566       -0.0007679288       -0.0007157586
      249.0000000000       -0.0009575027       -0.0009440719       -0.0009237839       -0.0008953378       -0.0008592906       -0.0008165326       -0.0007682728       -0.0007161556
      250.0000000000       -0.0009510652       -0.0009440504       -0.0009238098       -0.0008954418       -0.0008594628       -0.0008167703       -0.0007685691       -0.0007164977
      251.0000000000       -0.0009732414       -0.0009440336       -0.0009238314       -0.0008955291       -0.0008596073       -0.0008169698       -0.0007688179       -0.0007167849
      252.0000000000       -0.0009636530       -0.0009440209       -0.0009238487       -0.0008955997       -0.0008597242       -0.0008171313       -0.0007690192       -0.0007170173
      253.0000000000       -0.0009368354       -0.0009440117       -0.0009238618       -0.0008956536       -0.0008598136       -0.0008172547       -0.0007691731       -0.0007171950
      254.0000000000       -0.0009825153       -0.0009440056       -0.0009238709       -0.0008956909       -0.0008598755       -0.0008173401       -0.0007692796       -0.0007173180
      255.0000000000       -0.0009723324       -0.0009440023       -0.0009238759       -0.0008957116       -0.0008599098       -0.0008173876       -0.0007693388       -0.0007173863
      256.0000000000       -0.0009723324       -0.0009440016       -0.0009238769       -0.0008957158       -0.0008599167       -0.0008173971       -0.0007693506       -0.0007174000
