        0.0000000000        0.2375513428
        1.0000000000        0.1515742765
        2.0000000000        0.1227438960
        3.0000000000        0.1064748530
        4.0000000000        0.0954656177
        5.0000000000        0.0872450334
        6.0000000000        0.0807661874
        7.0000000000        0.0754445836
        8.0000000000        0.0708988152
        9.0000000000        0.0669940644
       10.0000000000        0.0635616473
       11.0000000000        0.0605372350
       12.0000000000        0.0578322997
       13.0000000000        0.0553377638
       14.0000000000        0.0530916695
       15.0000000000        0.0510403100
       16.0000000000        0.0491691456
       17.0000000000        0.0474419883
       18.0000000000        0.0458396133
       19.0000000000        0.0442999131
       20.0000000000        0.0428604870
       21.0000000000        0.0414980608
       22.0000000000        0.0402190019
       23.0000000000        0.0390033961
       24.0000000000        0.0378570473
       25.0000000000        0.0367630851
       26.0000000000        0.0356723354
       27.0000000000        0.0346866854
       28.0000000000        0.0337669604
       29.0000000000        0.0328761983
       30.0000000000        0.0320024971
       31.0000000000        0.0311747342
       32.0000000000        0.0303565343
       33.0000000000        0.0296343314
       34.0000000000        0.0289538128
       35.0000000000        0.0282627322
       36.0000000000        0.0275536502
       37.0000000000        0.0268881834
       38.0000000000        0.0262513316
       39.0000000000        0.0256642682
       40.0000000000        0.0250603621
       41.0000000000        0.0244962783
       42.0000000000        0.0239425177
       43.0000000000        0.0234643407
       44.0000000000        0.0229507534
       45.0000000000        0.0224389471
       46.0000000000        0.0219677255
       47.0000000000        0.0215121434
       48.0000000000        0.0210430291
       49.0000000000        0.0206177077
       50.0000000000        0.0201477477
       51.0000000000        0.0197190876
       52.0000000000        0.0192703226
       53.0000000000        0.0188231793
       54.0000000000        0.0184332294
       55.0000000000        0.0180432451
       56.0000000000        0.0176467761
       57.0000000000        0.0172715081
       58.0000000000        0.0169593960
       59.0000000000        0.0166209515
       60.0000000000        0.0163008750
       61.0000000000        0.0159878579
       62.0000000000        0.0156715061
       63.0000000000        0.0153628301
       64.0000000000        0.0150542844
       65.0000000000        0.0147775082
       66.0000000000        0.0144643290
       67.0000000000        0.0142056547
       68.0000000000        0.0139686148
       69.0000000000        0.0136995709
       70.0000000000        0.0134208407
       71.0000000000        0.0131550122
       72.0000000000        0.0129260842
       73.0000000000        0.0126549169
       74.0000000000        0.0123829226
       75.0000000000        0.0121408416
       76.0000000000        0.0119286668
       77.0000000000        0.0116842500
       78.0000000000        0.0114324212
       79.0000000000        0.0112236167
       80.0000000000        0.0109990019
       81.0000000000        0.0107565826
       82.0000000000        0.0105278975
       83.0000000000        0.0103479055
       84.0000000000        0.0102054770
       85.0000000000        0.0099932253
       86.0000000000        0.0097767872
       87.0000000000        0.0096228193
       88.0000000000        0.0094792192
       89.0000000000        0.0093214507
       90.0000000000        0.0091601747
       91.0000000000        0.0089843424
       92.0000000000        0.0088022053
       93.0000000000        0.0086292846
       94.0000000000        0.0084700031
       95.0000000000        0.0082794859
       96.0000000000        0.0080665844
       97.0000000000        0.0079029156
       98.0000000000        0.0077193046
       99.0000000000        0.0075736896
      100.0000000000        0.0073880324
      101.0000000000        0.0072402047
      102.0000000000        0.0070908202
      103.0000000000        0.0069077930
      104.0000000000        0.0067596665
      105.0000000000        0.0066193689
      106.0000000000        0.0064765521
      107.0000000000        0.0063661686
      108.0000000000        0.0062254111
      109.0000000000        0.0060902314
      110.0000000000        0.0059829724
      111.0000000000        0.0058218138
      112.0000000000        0.0057331454
      113.0000000000        0.0056178347
      114.0000000000        0.0054913268
      115.0000000000        0.0053577625
      116.0000000000        0.0052460437
      117.0000000000        0.0051405453
      118.0000000000        0.0049998433
      119.0000000000        0.0048975465
      120.0000000000        0.0047695192
      121.0000000000        0.0046304787
      122.0000000000        0.0044932592
      123.0000000000        0.0043989593
      124.0000000000        0.0043529215
      125.0000000000        0.0042760791
      126.0000000000        0.0041580831
      127.0000000000        0.0040302989
      128.0000000000        0.0039099083
      129.0000000000        0.0038220198
      130.0000000000        0.0037812632
      131.0000000000        0.0036942831
      132.0000000000        0.0036191983
      133.0000000000        0.0035398870
      134.0000000000        0.0034427080
      135.0000000000        0.0033169308
      136.0000000000        0.0032126354
      137.0000000000        0.0031277212
      138.0000000000        0.0030404186
      139.0000000000        0.0029510668
      140.0000000000        0.0028638740
      141.0000000000        0.0027774876
      142.0000000000        0.0026554294
      143.0000000000        0.0025802378
      144.0000000000        0.0025266669
      145.0000000000        0.0024503501
      146.0000000000        0.0023627344
      147.0000000000        0.0022604412
      148.0000000000        0.0021858159
      149.0000000000        0.0021504605
      150.0000000000        0.0020913881
      151.0000000000        0.0020210365
      152.0000000000        0.0019591392
      153.0000000000        0.0019234132
      154.0000000000        0.0018366786
      155.0000000000        0.0018023551
      156.0000000000        0.0017284157
      157.0000000000        0.0016647820
      158.0000000000        0.0015669354
      159.0000000000        0.0015261841
      160.0000000000        0.0014774445
      161.0000000000        0.0013964254
      162.0000000000        0.0013738822
      163.0000000000        0.0013589275
      164.0000000000        0.0012973962
      165.0000000000        0.0012530391
      166.0000000000        0.0011967642
      167.0000000000        0.0011293768
      168.0000000000        0.0011528132
      169.0000000000        0.0010864355
      170.0000000000        0.0010734547
      171.0000000000        0.0010169696
      172.0000000000        0.0009845432
      173.0000000000        0.0009521822
      174.0000000000        0.0008967429
      175.0000000000        0.0008589924
      176.0000000000        0.0008419778
      177.0000000000        0.0008030584
      178.0000000000        0.0007554818
      179.0000000000        0.0007243635
      180.0000000000        0.0006948997
      181.0000000000        0.0006877555
      182.0000000000        0.0006586381
      183.0000000000        0.0006392888
      184.0000000000        0.0006434472
      185.0000000000        0.0005918519
      186.0000000000        0.0005545822
      187.0000000000        0.0005196817
      188.0000000000        0.0004892341
      189.0000000000        0.0004729662
      190.0000000000        0.0004429629
      191.0000000000        0.0004263513
      192.0000000000        0.0003665112
      193.0000000000        0.0002819335
      194.0000000000        0.0002539491
      195.0000000000        0.0002181196
      196.0000000000        0.0001498957
      197.0000000000        0.0001263688
      198.0000000000        0.0000751818
      199.0000000000        0.0000806454
      200.0000000000        0.0000472050
      201.0000000000        0.0000645152
      202.0000000000        0.0000212428
      203.0000000000        0.0000044532
      204.0000000000       -0.0000088840
      205.0000000000       -0.0000072696
      206.0000000000       -0.0000458168
      207.0000000000       -0.0000753970
      208.0000000000       -0.0000808759
      209.0000000000       -0.0000584245
      210.0000000000       -0.0000696556
      211.0000000000       -0.0001082163
      212.0000000000       -0.0001238409
      213.0000000000       -0.0001612032
      214.0000000000       -0.0001924424
      215.0000000000       -0.0001946182
      216.0000000000       -0.0002197317
      217.0000000000       -0.0002451025
      218.0000000000       -0.0002781905
      219.0000000000       -0.0003137021
      220.0000000000       -0.0003217372
      221.0000000000       -0.0003097679
      222.0000000000       -0.0003028399
      223.0000000000       -0.0003599613
      224.0000000000       -0.0003737630
      225.0000000000       -0.0003483713
      226.0000000000       -0.0003394719
      227.0000000000       -0.0003413555
      228.0000000000       -0.0003563946
      229.0000000000       -0.0003623184
      230.0000000000       -0.0003575523
      231.0000000000       -0.0003757333
      232.0000000000       -0.0003904813
      233.0000000000       -0.0003974188
      234.0000000000       -0.0003983170
      235.0000000000       -0.0003812687
      236.0000000000       -0.0003891850
      237.0000000000       -0.0003753502
      238.0000000000       -0.0003616041
      239.0000000000       -0.0003703952
      240.0000000000       -0.0003427297
      241.0000000000       -0.0003491655
      242.0000000000       -0.0003674096
      243.0000000000       -0.0003896192
      244.0000000000       -0.0003930490
      245.0000000000       -0.0004029146
      246.0000000000       -0.0004015040
      247.0000000000       -0.0004188436
      248.0000000000       -0.0004344135
      249.0000000000       -0.0003957847
      250.0000000000       -0.0003872994
      251.0000000000       -0.0003722904
      252.0000000000       -0.0003834806
      253.0000000000       -0.0003803111
      254.0000000000       -0.0003705313
      255.0000000000       -0.0003974136
      256.0000000000       -0.0003921426
