        0.0000000000        0.1661810200
        1.0000000000        0.1436346295
        2.0000000000        0.1327394292
        3.0000000000        0.1249384167
        4.0000000000        0.1186071273
        5.0000000000        0.1130753078
        6.0000000000        0.1083698697
        7.0000000000        0.1039193499
        8.0000000000        0.0999501303
        9.0000000000        0.0962064185
       10.0000000000        0.0927666874
       11.0000000000        0.0894915400
       12.0000000000        0.0864508182
       13.0000000000        0.0835803255
       14.0000000000        0.0808903329
       15.0000000000        0.0783925268
       16.0000000000        0.0759943338
       17.0000000000        0.0737444709
       18.0000000000        0.0717335847
       19.0000000000        0.0696697127
       20.0000000000        0.0677702733
       21.0000000000        0.0659335562
       22.0000000000        0.0641331152
       23.0000000000        0.0624115414
       24.0000000000        0.0607435642
       25.0000000000        0.0591774752
       26.0000000000        0.0576375765
       27.0000000000        0.0561538689
       28.0000000000        0.0548213277
       29.0000000000        0.0535551103
       30.0000000000        0.0522057933
       31.0000000000        0.0508268814
       32.0000000000        0.0495815827
       33.0000000000        0.0484123954
       34.0000000000        0.0473437608
       35.0000000000        0.0463015848
       36.0000000000        0.0452799384
       37.0000000000        0.0440839819
       38.0000000000        0.0429840534
       39.0000000000        0.0418526599
       40.0000000000        0.0408606599
       41.0000000000        0.0400336180
       42.0000000000        0.0391676047
       43.0000000000        0.0383940330
       44.0000000000        0.0375753476
       45.0000000000        0.0366685100
       46.0000000000        0.0357666812
       47.0000000000        0.0350639858
       48.0000000000        0.0342845486
       49.0000000000        0.0333620243
       50.0000000000        0.0325300066
       51.0000000000        0.0318943022
       52.0000000000        0.0312976221
       53.0000000000        0.0304614331
       54.0000000000        0.0297822004
       55.0000000000        0.0291988734
       56.0000000000        0.0283898841
       57.0000000000        0.0276816661
       58.0000000000        0.0269317101
       59.0000000000        0.0264587308
       60.0000000000        0.0259034591
       61.0000000000        0.0253370768
       62.0000000000        0.0246960782
       63.0000000000        0.0242588998
       64.0000000000        0.0236565873
       65.0000000000        0.0231058223
       66.0000000000        0.0225049374
       67.0000000000        0.0219882128
       68.0000000000        0.0215384450
       69.0000000000        0.0211585587
       70.0000000000        0.0207457670
       71.0000000000        0.0204785249
       72.0000000000        0.0200252006
       73.0000000000        0.0195133340
       74.0000000000        0.0191627765
       75.0000000000        0.0188341909
       76.0000000000        0.0184740328
       77.0000000000        0.0180708033
       78.0000000000        0.0177255743
       79.0000000000        0.0172423667
       80.0000000000        0.0167912477
       81.0000000000        0.0165798134
       82.0000000000        0.0162281213
       83.0000000000        0.0159980920
       84.0000000000        0.0155239089
       85.0000000000        0.0149292225
       86.0000000000        0.0146061002
       87.0000000000        0.0145249461
       88.0000000000        0.0144830960
       89.0000000000        0.0142403168
       90.0000000000        0.0141556592
       91.0000000000        0.0139137200
       92.0000000000        0.0137330423
       93.0000000000        0.0134488327
       94.0000000000        0.0132813313
       95.0000000000        0.0130232392
       96.0000000000        0.0128901924
       97.0000000000        0.0126252371
       98.0000000000        0.0125293850
       99.0000000000        0.0123589689
      100.0000000000        0.0120830595
      101.0000000000        0.0118306076
      102.0000000000        0.0118197456
      103.0000000000        0.0116202254
      104.0000000000        0.0113777271
      105.0000000000        0.0111821222
      106.0000000000        0.0109607585
      107.0000000000        0.0109753029
      108.0000000000        0.0109822693
      109.0000000000        0.0109002123
      110.0000000000        0.0106968630
      111.0000000000        0.0106454272
      112.0000000000        0.0104773501
      113.0000000000        0.0104963757
      114.0000000000        0.0102596592
      115.0000000000        0.0099745843
      116.0000000000        0.0097085312
      117.0000000000        0.0095226329
      118.0000000000        0.0094115575
      119.0000000000        0.0092414493
      120.0000000000        0.0090176226
      121.0000000000        0.0086879861
      122.0000000000        0.0083929447
      123.0000000000        0.0083087207
      124.0000000000        0.0081217161
      125.0000000000        0.0080108899
      126.0000000000        0.0076981064
      127.0000000000        0.0073855240
      128.0000000000        0.0070812854
      129.0000000000        0.0068197824
      130.0000000000        0.0067601576
      131.0000000000        0.0066860489
      132.0000000000        0.0065207173
      133.0000000000        0.0064648731
      134.0000000000        0.0065118256
      135.0000000000        0.0066131081
      136.0000000000        0.0067415679
      137.0000000000        0.0069193623
      138.0000000000        0.0068215472
      139.0000000000        0.0065893414
      140.0000000000        0.0065693012
      141.0000000000        0.0063726568
      142.0000000000        0.0061891967
      143.0000000000        0.0060181463
      144.0000000000        0.0057320570
      145.0000000000        0.0055417074
      146.0000000000        0.0054666281
      147.0000000000        0.0052494573
      148.0000000000        0.0051326970
      149.0000000000        0.0050342971
      150.0000000000        0.0050141056
      151.0000000000        0.0048355055
      152.0000000000        0.0046586712
      153.0000000000        0.0045112875
      154.0000000000        0.0045076183
      155.0000000000        0.0045441234
      156.0000000000        0.0044728132
      157.0000000000        0.0042113478
      158.0000000000        0.0040636790
      159.0000000000        0.0042073924
      160.0000000000        0.0041172997
      161.0000000000        0.0039847684
      162.0000000000        0.0037539528
      163.0000000000        0.0035811256
      164.0000000000        0.0034822823
      165.0000000000        0.0033283002
      166.0000000000        0.0031120219
      167.0000000000        0.0030509418
      168.0000000000        0.0029430451
      169.0000000000        0.0030096291
      170.0000000000        0.0029447844
      171.0000000000        0.0029314251
      172.0000000000        0.0027403180
      173.0000000000        0.0026836570
      174.0000000000        0.0025114644
      175.0000000000        0.0024456112
      176.0000000000        0.0023026739
      177.0000000000        0.0023655238
      178.0000000000        0.0022319593
      179.0000000000        0.0023426111
      180.0000000000        0.0020927950
      181.0000000000        0.0020243339
      182.0000000000        0.0020163006
      183.0000000000        0.0019914957
      184.0000000000        0.0020472166
      185.0000000000        0.0018681794
      186.0000000000        0.0019595554
      187.0000000000        0.0020171043
      188.0000000000        0.0020583097
      189.0000000000        0.0018970863
      190.0000000000        0.0019044174
      191.0000000000        0.0017932418
      192.0000000000        0.0015333383
      193.0000000000        0.0012809602
      194.0000000000        0.0010845034
      195.0000000000        0.0009203615
      196.0000000000        0.0008907300
      197.0000000000        0.0008249284
      198.0000000000        0.0007433255
      199.0000000000        0.0007040627
      200.0000000000        0.0006122807
      201.0000000000        0.0005305479
      202.0000000000        0.0004039617
      203.0000000000        0.0003916988
      204.0000000000        0.0003883363
      205.0000000000        0.0002942044
      206.0000000000        0.0001633551
      207.0000000000        0.0001072415
      208.0000000000        0.0000156940
      209.0000000000       -0.0000738840
      210.0000000000       -0.0001085117
      211.0000000000       -0.0001685269
      212.0000000000       -0.0003418225
      213.0000000000       -0.0003670974
      214.0000000000       -0.0002612664
      215.0000000000       -0.0001887692
      216.0000000000       -0.0000907818
      217.0000000000       -0.0000800404
      218.0000000000       -0.0000947593
      219.0000000000       -0.0000312643
      220.0000000000        0.0000747497
      221.0000000000        0.0000826893
      222.0000000000        0.0001296291
      223.0000000000        0.0001170655
      224.0000000000        0.0001070008
      225.0000000000        0.0001608856
      226.0000000000        0.0003910403
      227.0000000000        0.0004258403
      228.0000000000        0.0006291402
      229.0000000000        0.0006582191
      230.0000000000        0.0007243943
      231.0000000000        0.0008605363
      232.0000000000        0.0007130170
      233.0000000000        0.0006443851
      234.0000000000        0.0006413593
      235.0000000000        0.0006146607
      236.0000000000        0.0006029900
      237.0000000000        0.0006870432
      238.0000000000        0.0006905078
      239.0000000000        0.0007200639
      240.0000000000        0.0007719592
      241.0000000000        0.0007198663
      242.0000000000        0.0007872887
      243.0000000000        0.0007161595
      244.0000000000        0.0007616346
      245.0000000000        0.0008722342
      246.0000000000        0.0008786463
      247.0000000000        0.0010061072
      248.0000000000        0.0011627179
      249.0000000000        0.0012964364
      250.0000000000        0.0011968276
      251.0000000000        0.0010945822
      252.0000000000        0.0009722756
      253.0000000000        0.0009097309
      254.0000000000        0.0008327720
      255.0000000000        0.0007475363
      256.0000000000        0.0005852848
