        0.0000000000        0.0845626768
        1.0000000000        0.0185843780
        2.0000000000        0.0090648798
        3.0000000000        0.0057328261
        4.0000000000        0.0041065994
        5.0000000000        0.0031528172
        6.0000000000        0.0025309885
        7.0000000000        0.0021005242
        8.0000000000        0.0018039460
        9.0000000000        0.0015743085
       10.0000000000        0.0013853169
       11.0000000000        0.0012337523
       12.0000000000        0.0011089546
       13.0000000000        0.0010067791
       14.0000000000        0.0009178187
       15.0000000000        0.0008446320
       16.0000000000        0.0007738622
       17.0000000000        0.0007168322
       18.0000000000        0.0006710826
       19.0000000000        0.0006332106
       20.0000000000        0.0005814760
       21.0000000000        0.0005496210
       22.0000000000        0.0005257907
       23.0000000000        0.0004910374
       24.0000000000        0.0004643478
       25.0000000000        0.0004426793
       26.0000000000        0.0004235804
       27.0000000000        0.0004022491
       28.0000000000        0.0003777513
       29.0000000000        0.0003546687
       30.0000000000        0.0003418152
       31.0000000000        0.0003231815
       32.0000000000        0.0003238604
       33.0000000000        0.0003190977
       34.0000000000        0.0003020348
       35.0000000000        0.0002898489
       36.0000000000        0.0002727741
       37.0000000000        0.0002769364
       38.0000000000        0.0002540430
       39.0000000000        0.0002586306
       40.0000000000        0.0002387998
       41.0000000000        0.0002392693
       42.0000000000        0.0002267010
       43.0000000000        0.0002220377
       44.0000000000        0.0002053593
       45.0000000000        0.0002037623
       46.0000000000        0.0001975043
       47.0000000000        0.0001928056
       48.0000000000        0.0001901243
       49.0000000000        0.0001815938
       50.0000000000        0.0001774781
       51.0000000000        0.0001682344
       52.0000000000        0.0001754783
       53.0000000000        0.0001715546
       54.0000000000        0.0001568126
       55.0000000000        0.0001512173
       56.0000000000        0.0001467826
       57.0000000000        0.0001459933
       58.0000000000        0.0001419455
       59.0000000000        0.0001503408
       60.0000000000        0.0001462303
       61.0000000000        0.0001296934
       62.0000000000        0.0001177113
       63.0000000000        0.0001332716
       64.0000000000        0.0001166965
       65.0000000000        0.0001213028
       66.0000000000        0.0001186315
       67.0000000000        0.0001164778
       68.0000000000        0.0001227345
       69.0000000000        0.0001057459
       70.0000000000        0.0001056035
       71.0000000000        0.0000976087
       72.0000000000        0.0000868782
       73.0000000000        0.0000998702
       74.0000000000        0.0001034972
       75.0000000000        0.0000963341
       76.0000000000        0.0001046821
       77.0000000000        0.0001036801
       78.0000000000        0.0001014833
       79.0000000000        0.0001007745
       80.0000000000        0.0001013899
       81.0000000000        0.0000834946
       82.0000000000        0.0000932808
       83.0000000000        0.0000858421
       84.0000000000        0.0000930819
       85.0000000000        0.0000807933
       86.0000000000        0.0000771294
       87.0000000000        0.0000783760
       88.0000000000        0.0000812075
       89.0000000000        0.0000753833
       90.0000000000        0.0000592171
       91.0000000000        0.0000681053
       92.0000000000        0.0000654077
       93.0000000000        0.0000632455
       94.0000000000        0.0000561297
       95.0000000000        0.0000652793
       96.0000000000        0.0000740362
       97.0000000000        0.0000678870
       98.0000000000        0.0000696840
       99.0000000000        0.0000596388
      100.0000000000        0.0000664529
      101.0000000000        0.0000602838
      102.0000000000        0.0000458741
      103.0000000000        0.0000456074
      104.0000000000        0.0000582374
      105.0000000000        0.0000664721
      106.0000000000        0.0000508891
      107.0000000000        0.0000513165
      108.0000000000        0.0000505047
      109.0000000000        0.0000499052
      110.0000000000        0.0000557331
      111.0000000000        0.0000524275
      112.0000000000        0.0000471493
      113.0000000000        0.0000464021
      114.0000000000        0.0000444900
      115.0000000000        0.0000417779
      116.0000000000        0.0000416192
      117.0000000000        0.0000360839
      118.0000000000        0.0000486436
      119.0000000000        0.0000326520
      120.0000000000        0.0000467272
      121.0000000000        0.0000491501
      122.0000000000        0.0000442680
      123.0000000000        0.0000363449
      124.0000000000        0.0000258869
      125.0000000000        0.0000272915
      126.0000000000        0.0000336717
      127.0000000000        0.0000358569
      128.0000000000        0.0000353630
      129.0000000000        0.0000363492
      130.0000000000        0.0000322429
      131.0000000000        0.0000350275
      132.0000000000        0.0000330424
      133.0000000000        0.0000544534
      134.0000000000        0.0000474503
      135.0000000000        0.0000482896
      136.0000000000        0.0000420432
      137.0000000000        0.0000275308
      138.0000000000        0.0000337990
      139.0000000000        0.0000458118
      140.0000000000        0.0000420166
      141.0000000000        0.0000308136
      142.0000000000        0.0000293363
      143.0000000000        0.0000269104
      144.0000000000        0.0000307431
      145.0000000000        0.0000290118
      146.0000000000        0.0000257513
      147.0000000000        0.0000247619
      148.0000000000        0.0000317608
      149.0000000000        0.0000300688
      150.0000000000        0.0000286367
      151.0000000000        0.0000226024
      152.0000000000        0.0000292229
      153.0000000000        0.0000384284
      154.0000000000        0.0000341129
      155.0000000000        0.0000329612
      156.0000000000        0.0000266195
      157.0000000000        0.0000249651
      158.0000000000        0.0000201104
      159.0000000000        0.0000305757
      160.0000000000        0.0000383946
      161.0000000000        0.0000330255
      162.0000000000        0.0000233866
      163.0000000000        0.0000249370
      164.0000000000        0.0000147532
      165.0000000000        0.0000189187
      166.0000000000        0.0000300595
      167.0000000000        0.0000251831
      168.0000000000        0.0000172597
      169.0000000000        0.0000213800
      170.0000000000        0.0000253345
      171.0000000000        0.0000258877
      172.0000000000        0.0000158947
      173.0000000000        0.0000166324
      174.0000000000        0.0000257695
      175.0000000000        0.0000240281
      176.0000000000        0.0000175848
      177.0000000000        0.0000224857
      178.0000000000        0.0000169196
      179.0000000000        0.0000258868
      180.0000000000        0.0000276885
      181.0000000000        0.0000322770
      182.0000000000        0.0000297451
      183.0000000000        0.0000326866
      184.0000000000        0.0000225452
      185.0000000000        0.0000273320
      186.0000000000        0.0000278514
      187.0000000000        0.0000159743
      188.0000000000        0.0000190004
      189.0000000000        0.0000137205
      190.0000000000        0.0000191792
      191.0000000000        0.0000258604
      192.0000000000        0.0000181156
      193.0000000000        0.0000186902
      194.0000000000        0.0000269537
      195.0000000000        0.0000059281
      196.0000000000       -0.0000028649
      197.0000000000        0.0000025008
      198.0000000000        0.0000070525
      199.0000000000        0.0000097262
      200.0000000000        0.0000138535
      201.0000000000        0.0000210962
      202.0000000000        0.0000163253
      203.0000000000        0.0000165764
      204.0000000000        0.0000217047
      205.0000000000        0.0000147404
      206.0000000000        0.0000199575
      207.0000000000        0.0000212023
      208.0000000000        0.0000124283
      209.0000000000        0.0000156837
      210.0000000000        0.0000074812
      211.0000000000        0.0000118938
      212.0000000000        0.0000082847
      213.0000000000        0.0000097857
      214.0000000000        0.0000233195
      215.0000000000        0.0000137457
      216.0000000000        0.0000275163
      217.0000000000        0.0000099544
      218.0000000000        0.0000145290
      219.0000000000        0.0000051129
      220.0000000000        0.0000138410
      221.0000000000        0.0000120010
      222.0000000000        0.0000086226
      223.0000000000        0.0000078368
      224.0000000000        0.0000129816
      225.0000000000        0.0000220289
      226.0000000000        0.0000208035
      227.0000000000        0.0000218051
      228.0000000000        0.0000094744
      229.0000000000        0.0000161031
      230.0000000000        0.0000201879
      231.0000000000        0.0000253068
      232.0000000000        0.0000223290
      233.0000000000        0.0000140216
      234.0000000000        0.0000155025
      235.0000000000        0.0000128109
      236.0000000000        0.0000212930
      237.0000000000        0.0000141239
      238.0000000000        0.0000221042
      239.0000000000        0.0000116662
      240.0000000000        0.0000025950
      241.0000000000        0.0000051293
      242.0000000000        0.0000086100
      243.0000000000        0.0000047128
      244.0000000000        0.0000020014
      245.0000000000        0.0000131049
      246.0000000000        0.0000139404
      247.0000000000        0.0000082156
      248.0000000000        0.0000144038
      249.0000000000        0.0000139133
      250.0000000000        0.0000114866
      251.0000000000        0.0000163925
      252.0000000000        0.0000153562
      253.0000000000        0.0000120773
      254.0000000000        0.0000099877
      255.0000000000        0.0000011365
      256.0000000000        0.0000044907
      257.0000000000        0.0000049730
      258.0000000000        0.0000038586
      259.0000000000       -0.0000055583
      260.0000000000       -0.0000051362
      261.0000000000        0.0000033324
      262.0000000000        0.0000027056
      263.0000000000        0.0000082880
      264.0000000000        0.0000099964
      265.0000000000        0.0000152025
      266.0000000000        0.0000105830
      267.0000000000        0.0000061318
      268.0000000000        0.0000026857
      269.0000000000        0.0000050469
      270.0000000000        0.0000057173
      271.0000000000        0.0000048974
      272.0000000000        0.0000075397
      273.0000000000        0.0000085464
      274.0000000000        0.0000024741
      275.0000000000        0.0000037476
      276.0000000000        0.0000057075
      277.0000000000        0.0000092033
      278.0000000000        0.0000084640
      279.0000000000        0.0000144708
      280.0000000000        0.0000111959
      281.0000000000        0.0000024366
      282.0000000000        0.0000078168
      283.0000000000        0.0000184956
      284.0000000000        0.0000025305
      285.0000000000        0.0000054695
      286.0000000000        0.0000057667
      287.0000000000        0.0000008848
      288.0000000000       -0.0000048664
      289.0000000000        0.0000044608
      290.0000000000        0.0000028567
      291.0000000000        0.0000014779
      292.0000000000        0.0000071585
      293.0000000000        0.0000181463
      294.0000000000        0.0000176117
      295.0000000000        0.0000039216
      296.0000000000        0.0000086788
      297.0000000000        0.0000166483
      298.0000000000        0.0000024718
      299.0000000000        0.0000036324
      300.0000000000       -0.0000010580
      301.0000000000        0.0000037434
      302.0000000000       -0.0000049053
      303.0000000000       -0.0000066802
      304.0000000000       -0.0000132717
      305.0000000000        0.0000059584
      306.0000000000        0.0000054237
      307.0000000000       -0.0000065952
      308.0000000000        0.0000034082
      309.0000000000        0.0000082012
      310.0000000000        0.0000119509
      311.0000000000        0.0000067115
      312.0000000000        0.0000017722
      313.0000000000        0.0000053987
      314.0000000000       -0.0000002645
      315.0000000000        0.0000023496
      316.0000000000        0.0000048145
      317.0000000000       -0.0000057497
      318.0000000000        0.0000012150
      319.0000000000        0.0000042699
      320.0000000000       -0.0000014062
      321.0000000000       -0.0000017545
      322.0000000000       -0.0000052311
      323.0000000000       -0.0000025214
      324.0000000000        0.0000045340
      325.0000000000        0.0000128137
      326.0000000000       -0.0000006779
      327.0000000000        0.0000042299
      328.0000000000       -0.0000089275
      329.0000000000        0.0000008175
      330.0000000000       -0.0000009126
      331.0000000000        0.0000069019
      332.0000000000        0.0000054409
      333.0000000000        0.0000122331
      334.0000000000        0.0000019195
      335.0000000000        0.0000105323
      336.0000000000        0.0000169845
      337.0000000000        0.0000100738
      338.0000000000        0.0000170185
      339.0000000000        0.0000099059
      340.0000000000        0.0000094318
      341.0000000000        0.0000059772
      342.0000000000        0.0000091579
      343.0000000000        0.0000010338
      344.0000000000        0.0000062010
      345.0000000000        0.0000005588
      346.0000000000       -0.0000066964
      347.0000000000        0.0000019315
      348.0000000000       -0.0000058804
      349.0000000000       -0.0000021551
      350.0000000000       -0.0000057451
      351.0000000000       -0.0000038408
      352.0000000000        0.0000035217
      353.0000000000       -0.0000048246
      354.0000000000       -0.0000044865
      355.0000000000        0.0000043852
      356.0000000000       -0.0000040338
      357.0000000000        0.0000151361
      358.0000000000        0.0000004143
      359.0000000000        0.0000072072
      360.0000000000        0.0000043124
      361.0000000000        0.0000078311
      362.0000000000        0.0000033337
      363.0000000000       -0.0000017084
      364.0000000000       -0.0000070138
      365.0000000000       -0.0000078410
      366.0000000000       -0.0000104581
      367.0000000000        0.0000038551
      368.0000000000        0.0000088188
      369.0000000000        0.0000077638
      370.0000000000        0.0000071195
      371.0000000000        0.0000047562
      372.0000000000       -0.0000104387
      373.0000000000       -0.0000045087
      374.0000000000        0.0000082945
      375.0000000000        0.0000058915
      376.0000000000        0.0000037703
      377.0000000000        0.0000045742
      378.0000000000        0.0000011502
      379.0000000000       -0.0000020023
      380.0000000000        0.0000005058
      381.0000000000        0.0000067440
      382.0000000000        0.0000064884
      383.0000000000        0.0000002025
      384.0000000000        0.0000049099
      385.0000000000        0.0000083027
      386.0000000000       -0.0000002692
      387.0000000000        0.0000004470
      388.0000000000       -0.0000109706
      389.0000000000       -0.0000103567
      390.0000000000       -0.0000017945
      391.0000000000       -0.0000058849
      392.0000000000       -0.0000009860
      393.0000000000        0.0000057217
      394.0000000000        0.0000138047
      395.0000000000       -0.0000052826
      396.0000000000        0.0000015581
      397.0000000000       -0.0000052137
      398.0000000000        0.0000066757
      399.0000000000       -0.0000023948
      400.0000000000       -0.0000019125
      401.0000000000       -0.0000030278
      402.0000000000       -0.0000028654
      403.0000000000       -0.0000059431
      404.0000000000       -0.0000120106
      405.0000000000       -0.0000088601
      406.0000000000       -0.0000049621
      407.0000000000       -0.0000153495
      408.0000000000       -0.0000006132
      409.0000000000        0.0000031598
      410.0000000000        0.0000013069
      411.0000000000       -0.0000018995
      412.0000000000        0.0000060917
      413.0000000000        0.0000027238
      414.0000000000        0.0000040846
      415.0000000000        0.0000051340
      416.0000000000        0.0000042533
      417.0000000000        0.0000029125
      418.0000000000        0.0000117263
      419.0000000000        0.0000017775
      420.0000000000       -0.0000008811
      421.0000000000       -0.0000114761
      422.0000000000        0.0000063048
      423.0000000000       -0.0000012978
      424.0000000000        0.0000083334
      425.0000000000        0.0000086943
      426.0000000000        0.0000002913
      427.0000000000        0.0000022396
      428.0000000000        0.0000074615
      429.0000000000        0.0000034771
      430.0000000000        0.0000006478
      431.0000000000       -0.0000044452
      432.0000000000        0.0000036203
      433.0000000000       -0.0000162894
      434.0000000000       -0.0000013124
      435.0000000000        0.0000006587
      436.0000000000        0.0000020757
      437.0000000000       -0.0000024720
      438.0000000000       -0.0000108960
      439.0000000000       -0.0000120165
      440.0000000000       -0.0000116536
      441.0000000000       -0.0000208711
      442.0000000000       -0.0000139947
      443.0000000000       -0.0000074523
      444.0000000000        0.0000009383
      445.0000000000        0.0000093539
      446.0000000000        0.0000125281
      447.0000000000        0.0000030913
      448.0000000000        0.0000078579
      449.0000000000        0.0000004749
      450.0000000000       -0.0000028761
      451.0000000000       -0.0000028003
      452.0000000000       -0.0000000286
      453.0000000000        0.0000008558
      454.0000000000       -0.0000011325
      455.0000000000        0.0000044644
      456.0000000000       -0.0000053278
      457.0000000000        0.0000067150
      458.0000000000       -0.0000055864
      459.0000000000        0.0000024409
      460.0000000000       -0.0000124069
      461.0000000000       -0.0000059777
      462.0000000000       -0.0000108390
      463.0000000000       -0.0000106715
      464.0000000000       -0.0000050658
      465.0000000000        0.0000034417
      466.0000000000        0.0000060236
      467.0000000000       -0.0000008955
      468.0000000000        0.0000017628
      469.0000000000       -0.0000046510
      470.0000000000       -0.0000077340
      471.0000000000       -0.0000113584
      472.0000000000       -0.0000006129
      473.0000000000       -0.0000079611
      474.0000000000        0.0000012546
      475.0000000000        0.0000033527
      476.0000000000       -0.0000033105
      477.0000000000       -0.0000074194
      478.0000000000       -0.0000100410
      479.0000000000       -0.0000024044
      480.0000000000        0.0000029664
      481.0000000000       -0.0000006303
      482.0000000000       -0.0000023775
      483.0000000000       -0.0000078876
      484.0000000000       -0.0000044979
      485.0000000000        0.0000085363
      486.0000000000       -0.0000024719
      487.0000000000       -0.0000051413
      488.0000000000       -0.0000029119
      489.0000000000        0.0000013636
      490.0000000000       -0.0000058241
      491.0000000000       -0.0000039197
      492.0000000000       -0.0000038203
      493.0000000000        0.0000058610
      494.0000000000        0.0000095774
      495.0000000000        0.0000135129
      496.0000000000        0.0000064085
      497.0000000000       -0.0000006005
      498.0000000000       -0.0000014424
      499.0000000000        0.0000006940
      500.0000000000       -0.0000166318
      501.0000000000       -0.0000043794
      502.0000000000       -0.0000032325
      503.0000000000       -0.0000016150
      504.0000000000       -0.0000005620
      505.0000000000       -0.0000033300
      506.0000000000       -0.0000095264
      507.0000000000       -0.0000026943
      508.0000000000        0.0000053137
      509.0000000000       -0.0000007784
      510.0000000000        0.0000051923
      511.0000000000        0.0000044716
      512.0000000000        0.0000128207
