        0.0000000000        0.0493081531
        1.0000000000        0.0235415223
        2.0000000000        0.0155326105
        3.0000000000        0.0116618164
        4.0000000000        0.0091323739
        5.0000000000        0.0072872345
        6.0000000000        0.0059329113
        7.0000000000        0.0050135521
        8.0000000000        0.0042706048
        9.0000000000        0.0036577158
       10.0000000000        0.0031215239
       11.0000000000        0.0027882457
       12.0000000000        0.0025299612
       13.0000000000        0.0022714923
       14.0000000000        0.0019810398
       15.0000000000        0.0018092622
       16.0000000000        0.0016001892
       17.0000000000        0.0014653388
       18.0000000000        0.0013575534
       19.0000000000        0.0012449406
       20.0000000000        0.0011640732
       21.0000000000        0.0011320684
       22.0000000000        0.0010959529
       23.0000000000        0.0010595859
       24.0000000000        0.0010421861
       25.0000000000        0.0009583075
       26.0000000000        0.0008865919
       27.0000000000        0.0008327235
       28.0000000000        0.0007749987
       29.0000000000        0.0007163817
       30.0000000000        0.0007481779
       31.0000000000        0.0007031604
       32.0000000000        0.0006732345
       33.0000000000        0.0005991804
       34.0000000000        0.0005799506
       35.0000000000        0.0005464955
       36.0000000000        0.0005018431
       37.0000000000        0.0004888002
       38.0000000000        0.0004809812
       39.0000000000        0.0005349852
       40.0000000000        0.0004698266
       41.0000000000        0.0004788531
       42.0000000000        0.0004839842
       43.0000000000        0.0004297371
       44.0000000000        0.0004390184
       45.0000000000        0.0004684726
       46.0000000000        0.0004589090
       47.0000000000        0.0005247200
       48.0000000000        0.0004680197
       49.0000000000        0.0004107290
       50.0000000000        0.0004210605
       51.0000000000        0.0003764482
       52.0000000000        0.0003496685
       53.0000000000        0.0002965321
       54.0000000000        0.0002952348
       55.0000000000        0.0003002562
       56.0000000000        0.0003261271
       57.0000000000        0.0003892568
       58.0000000000        0.0004092632
       59.0000000000        0.0003819167
       60.0000000000        0.0003345960
       61.0000000000        0.0003278271
       62.0000000000        0.0002855485
       63.0000000000        0.0002874737
       64.0000000000        0.0002715229
       65.0000000000        0.0002160396
       66.0000000000        0.0001983206
       67.0000000000        0.0001290606
       68.0000000000        0.0001843387
       69.0000000000        0.0001721466
       70.0000000000        0.0002388714
       71.0000000000        0.0001976982
       72.0000000000        0.0002130879
       73.0000000000        0.0002230595
       74.0000000000        0.0002150543
       75.0000000000        0.0002392588
       76.0000000000        0.0002216764
       77.0000000000        0.0002156977
       78.0000000000        0.0001988610
       79.0000000000        0.0002399458
       80.0000000000        0.0001575762
       81.0000000000        0.0002250347
       82.0000000000        0.0002592529
       83.0000000000        0.0001981902
       84.0000000000        0.0001720162
       85.0000000000        0.0001563452
       86.0000000000        0.0001712543
       87.0000000000        0.0001263821
       88.0000000000        0.0001356540
       89.0000000000        0.0000977131
       90.0000000000        0.0001446872
       91.0000000000        0.0001020413
       92.0000000000        0.0000804968
       93.0000000000        0.0001642784
       94.0000000000        0.0002483021
       95.0000000000        0.0002921440
       96.0000000000        0.0002850227
       97.0000000000        0.0002333359
       98.0000000000        0.0002600639
       99.0000000000        0.0002464608
      100.0000000000        0.0002506183
      101.0000000000        0.0002313654
      102.0000000000        0.0002688138
      103.0000000000        0.0002828063
      104.0000000000        0.0001445526
      105.0000000000        0.0001001688
      106.0000000000        0.0001276709
      107.0000000000        0.0001995158
      108.0000000000        0.0001925727
      109.0000000000        0.0001412089
      110.0000000000        0.0001335910
      111.0000000000        0.0001565687
      112.0000000000        0.0001462475
      113.0000000000        0.0001553653
      114.0000000000        0.0001920542
      115.0000000000        0.0001795728
      116.0000000000        0.0002206494
      117.0000000000        0.0001774087
      118.0000000000        0.0001656294
      119.0000000000        0.0000928699
      120.0000000000        0.0001444989
      121.0000000000        0.0001218247
      122.0000000000        0.0001398355
      123.0000000000        0.0001941873
      124.0000000000        0.0001026905
      125.0000000000        0.0001335835
      126.0000000000        0.0000999756
      127.0000000000        0.0001548668
      128.0000000000        0.0001946850
      129.0000000000        0.0001371692
      130.0000000000        0.0001059549
      131.0000000000        0.0001328997
      132.0000000000        0.0000970244
      133.0000000000        0.0000544308
      134.0000000000        0.0000520767
      135.0000000000        0.0000466893
      136.0000000000        0.0000174192
      137.0000000000        0.0000506980
      138.0000000000        0.0001224811
      139.0000000000        0.0000106594
      140.0000000000        0.0000039036
      141.0000000000        0.0000213677
      142.0000000000        0.0000419388
      143.0000000000        0.0000102870
      144.0000000000        0.0001079383
      145.0000000000        0.0000573010
      146.0000000000        0.0000668356
      147.0000000000        0.0000227460
      148.0000000000        0.0000997957
      149.0000000000        0.0001281755
      150.0000000000        0.0001101430
      151.0000000000        0.0001137993
      152.0000000000        0.0001074376
      153.0000000000        0.0001595780
      154.0000000000        0.0001283431
      155.0000000000        0.0000494885
      156.0000000000        0.0000448370
      157.0000000000       -0.0000010170
      158.0000000000        0.0000301917
      159.0000000000        0.0000737735
      160.0000000000        0.0000656499
      161.0000000000        0.0000524367
      162.0000000000        0.0001016377
      163.0000000000        0.0001686388
      164.0000000000        0.0001841757
      165.0000000000        0.0001850335
      166.0000000000        0.0001606127
      167.0000000000        0.0001462714
      168.0000000000        0.0001525901
      169.0000000000        0.0000708669
      170.0000000000        0.0000659187
      171.0000000000        0.0001207753
      172.0000000000        0.0001371554
      173.0000000000        0.0000718719
      174.0000000000        0.0000594198
      175.0000000000        0.0000368348
      176.0000000000        0.0000258979
      177.0000000000       -0.0000084384
      178.0000000000        0.0000394220
      179.0000000000        0.0000966418
      180.0000000000        0.0000973926
      181.0000000000        0.0000915998
      182.0000000000        0.0000915984
      183.0000000000        0.0000932845
      184.0000000000        0.0000879318
      185.0000000000        0.0001044754
      186.0000000000        0.0000338691
      187.0000000000        0.0000939953
      188.0000000000        0.0000602898
      189.0000000000        0.0000866291
      190.0000000000        0.0000622008
      191.0000000000        0.0000265266
      192.0000000000       -0.0000118049
      193.0000000000       -0.0000333995
      194.0000000000       -0.0000220438
      195.0000000000        0.0000152649
      196.0000000000        0.0000573404
      197.0000000000        0.0001042214
      198.0000000000        0.0000427116
      199.0000000000        0.0000200395
      200.0000000000        0.0000031515
      201.0000000000        0.0000613142
      202.0000000000        0.0000733445
      203.0000000000        0.0001045113
      204.0000000000        0.0000889828
      205.0000000000        0.0000807175
      206.0000000000        0.0000426043
      207.0000000000       -0.0000156619
      208.0000000000       -0.0000738370
      209.0000000000       -0.0000504010
      210.0000000000       -0.0000340181
      211.0000000000       -0.0000892242
      212.0000000000       -0.0001062480
      213.0000000000       -0.0000238104
      214.0000000000        0.0000527800
      215.0000000000       -0.0000310922
      216.0000000000       -0.0000737564
      217.0000000000       -0.0000096385
      218.0000000000        0.0000128441
      219.0000000000        0.0000376623
      220.0000000000        0.0000255572
      221.0000000000        0.0000729614
      222.0000000000        0.0000916988
      223.0000000000        0.0000687325
      224.0000000000        0.0000986493
      225.0000000000        0.0000336413
      226.0000000000        0.0000615905
      227.0000000000        0.0001362609
      228.0000000000        0.0000705714
      229.0000000000        0.0000406404
      230.0000000000       -0.0000239456
      231.0000000000        0.0000655794
      232.0000000000        0.0000918548
      233.0000000000        0.0000294314
      234.0000000000       -0.0000205207
      235.0000000000       -0.0000313440
      236.0000000000       -0.0000111950
      237.0000000000        0.0000076843
      238.0000000000        0.0000260512
      239.0000000000        0.0000476769
      240.0000000000        0.0000746705
      241.0000000000        0.0000701690
      242.0000000000        0.0000497228
      243.0000000000        0.0000428000
      244.0000000000       -0.0000186243
      245.0000000000       -0.0000093590
      246.0000000000       -0.0000508801
      247.0000000000       -0.0000021478
      248.0000000000       -0.0000235779
      249.0000000000       -0.0000117148
      250.0000000000        0.0000793529
      251.0000000000        0.0000069728
      252.0000000000        0.0000105015
      253.0000000000        0.0000231928
      254.0000000000       -0.0000137096
      255.0000000000        0.0000248432
      256.0000000000       -0.0000040360
      257.0000000000        0.0000881111
      258.0000000000        0.0000681701
      259.0000000000        0.0000614077
      260.0000000000        0.0000916754
      261.0000000000        0.0000367082
      262.0000000000        0.0000280955
      263.0000000000        0.0000956230
      264.0000000000        0.0001357486
      265.0000000000        0.0001548242
      266.0000000000        0.0001091550
      267.0000000000        0.0000659100
      268.0000000000        0.0000608945
      269.0000000000        0.0000497704
      270.0000000000        0.0000945483
      271.0000000000        0.0000721406
      272.0000000000        0.0001303866
      273.0000000000        0.0001073798
      274.0000000000        0.0001072719
      275.0000000000        0.0000737182
      276.0000000000        0.0000718755
      277.0000000000        0.0000515071
      278.0000000000        0.0000432008
      279.0000000000        0.0000712270
      280.0000000000        0.0000340063
      281.0000000000        0.0000679599
      282.0000000000        0.0000321268
      283.0000000000        0.0000550297
      284.0000000000        0.0000654335
      285.0000000000        0.0000146194
      286.0000000000        0.0000549786
      287.0000000000        0.0000031430
      288.0000000000       -0.0000105834
      289.0000000000       -0.0000013340
      290.0000000000       -0.0000083627
      291.0000000000       -0.0000326800
      292.0000000000       -0.0000437373
      293.0000000000        0.0000012773
      294.0000000000        0.0000224980
      295.0000000000       -0.0000538057
      296.0000000000       -0.0000120972
      297.0000000000        0.0000212509
      298.0000000000        0.0000275176
      299.0000000000        0.0000407001
      300.0000000000        0.0000558044
      301.0000000000        0.0000078158
      302.0000000000        0.0000114181
      303.0000000000       -0.0000313715
      304.0000000000       -0.0000688301
      305.0000000000       -0.0000036301
      306.0000000000        0.0000091953
      307.0000000000       -0.0000517824
      308.0000000000       -0.0000476936
      309.0000000000       -0.0000886950
      310.0000000000       -0.0001024899
      311.0000000000       -0.0000458823
      312.0000000000       -0.0000205139
      313.0000000000       -0.0000035754
      314.0000000000        0.0000248251
      315.0000000000        0.0000339256
      316.0000000000       -0.0000036947
      317.0000000000       -0.0000271498
      318.0000000000        0.0000653344
      319.0000000000        0.0001044654
      320.0000000000        0.0000936728
      321.0000000000        0.0000212754
      322.0000000000        0.0000409508
      323.0000000000        0.0000407482
      324.0000000000       -0.0000059836
      325.0000000000       -0.0000701649
      326.0000000000       -0.0000887255
      327.0000000000       -0.0000921614
      328.0000000000       -0.0001045755
      329.0000000000       -0.0000543275
      330.0000000000       -0.0000424570
      331.0000000000        0.0000589714
      332.0000000000        0.0000393933
      333.0000000000        0.0000448246
      334.0000000000       -0.0000057259
      335.0000000000        0.0000113296
      336.0000000000       -0.0000292003
      337.0000000000       -0.0000434924
      338.0000000000        0.0000148375
      339.0000000000       -0.0000272776
      340.0000000000       -0.0000038084
      341.0000000000        0.0000025854
      342.0000000000       -0.0000178088
      343.0000000000        0.0000047360
      344.0000000000        0.0000352637
      345.0000000000        0.0000102935
      346.0000000000        0.0000084690
      347.0000000000        0.0000381615
      348.0000000000        0.0000022875
      349.0000000000       -0.0000101316
      350.0000000000       -0.0000042648
      351.0000000000        0.0000587465
      352.0000000000        0.0000770500
      353.0000000000        0.0000277278
      354.0000000000        0.0000210987
      355.0000000000       -0.0000210534
      356.0000000000       -0.0000110316
      357.0000000000        0.0000286713
      358.0000000000       -0.0000072399
      359.0000000000        0.0000354652
      360.0000000000        0.0000243889
      361.0000000000        0.0000471702
      362.0000000000        0.0000634120
      363.0000000000       -0.0000291605
      364.0000000000        0.0000117699
      365.0000000000        0.0000189653
      366.0000000000        0.0000410418
      367.0000000000       -0.0000031383
      368.0000000000        0.0000163399
      369.0000000000       -0.0000159995
      370.0000000000       -0.0000191423
      371.0000000000        0.0000429052
      372.0000000000        0.0000505458
      373.0000000000        0.0001023261
      374.0000000000        0.0000818404
      375.0000000000        0.0000654176
      376.0000000000        0.0000466494
      377.0000000000        0.0000053805
      378.0000000000        0.0000594952
      379.0000000000        0.0000000953
      380.0000000000        0.0000636738
      381.0000000000        0.0000740101
      382.0000000000        0.0000445565
      383.0000000000        0.0000498813
      384.0000000000        0.0000783587
      385.0000000000        0.0000419485
      386.0000000000        0.0000668361
      387.0000000000        0.0000912156
      388.0000000000        0.0000215087
      389.0000000000        0.0000079094
      390.0000000000        0.0000129849
      391.0000000000       -0.0000138569
      392.0000000000       -0.0000186466
      393.0000000000       -0.0000512969
      394.0000000000       -0.0000224119
      395.0000000000       -0.0000966526
      396.0000000000       -0.0000463472
      397.0000000000       -0.0000366623
      398.0000000000       -0.0000177727
      399.0000000000       -0.0000130725
      400.0000000000       -0.0000322242
      401.0000000000       -0.0000362422
      402.0000000000       -0.0000462616
      403.0000000000       -0.0000620507
      404.0000000000       -0.0000564580
      405.0000000000       -0.0000107547
      406.0000000000       -0.0000366879
      407.0000000000       -0.0000458033
      408.0000000000       -0.0000077763
      409.0000000000       -0.0000133844
      410.0000000000       -0.0000538467
      411.0000000000       -0.0000644146
      412.0000000000       -0.0000501017
      413.0000000000       -0.0000122000
      414.0000000000       -0.0000467699
      415.0000000000       -0.0000609402
      416.0000000000       -0.0000857287
      417.0000000000       -0.0001404973
      418.0000000000       -0.0000988519
      419.0000000000       -0.0001074803
      420.0000000000       -0.0001003979
      421.0000000000       -0.0000812980
      422.0000000000       -0.0000739098
      423.0000000000       -0.0000628974
      424.0000000000       -0.0001297568
      425.0000000000       -0.0000492686
      426.0000000000       -0.0000566299
      427.0000000000       -0.0000638084
      428.0000000000       -0.0000374074
      429.0000000000       -0.0000066508
      430.0000000000       -0.0000419069
      431.0000000000       -0.0000364074
      432.0000000000       -0.0000786278
      433.0000000000       -0.0001045506
      434.0000000000       -0.0000631906
      435.0000000000       -0.0000547057
      436.0000000000       -0.0000442762
      437.0000000000       -0.0000210169
      438.0000000000       -0.0000661382
      439.0000000000        0.0000077362
      440.0000000000       -0.0000159039
      441.0000000000       -0.0000022624
      442.0000000000       -0.0000754712
      443.0000000000       -0.0000722453
      444.0000000000       -0.0000117577
      445.0000000000        0.0000156779
      446.0000000000       -0.0000016020
      447.0000000000       -0.0001129746
      448.0000000000       -0.0000831303
      449.0000000000       -0.0001184323
      450.0000000000       -0.0000957343
      451.0000000000       -0.0001041025
      452.0000000000       -0.0000970413
      453.0000000000       -0.0000667276
      454.0000000000       -0.0000986390
      455.0000000000       -0.0000725862
      456.0000000000       -0.0000440806
      457.0000000000       -0.0000106992
      458.0000000000       -0.0000787111
      459.0000000000       -0.0000652459
      460.0000000000       -0.0000860920
      461.0000000000       -0.0000108289
      462.0000000000        0.0000159522
      463.0000000000        0.0000348667
      464.0000000000       -0.0000129787
      465.0000000000        0.0000123867
      466.0000000000       -0.0000106944
      467.0000000000        0.0000078763
      468.0000000000       -0.0000094892
      469.0000000000       -0.0000117858
      470.0000000000       -0.0000132604
      471.0000000000        0.0000190680
      472.0000000000       -0.0000021503
      473.0000000000       -0.0000007531
      474.0000000000       -0.0000033648
      475.0000000000        0.0000232087
      476.0000000000       -0.0000718912
      477.0000000000       -0.0000747187
      478.0000000000       -0.0000272999
      479.0000000000       -0.0000569074
      480.0000000000       -0.0000536993
      481.0000000000       -0.0000174363
      482.0000000000       -0.0000440253
      483.0000000000       -0.0000789120
      484.0000000000       -0.0001335735
      485.0000000000       -0.0001234090
      486.0000000000       -0.0000738810
      487.0000000000       -0.0000676259
      488.0000000000       -0.0000953063
      489.0000000000       -0.0000519656
      490.0000000000       -0.0000368205
      491.0000000000       -0.0000710878
      492.0000000000       -0.0000503620
      493.0000000000       -0.0000245400
      494.0000000000        0.0000267839
      495.0000000000        0.0000498148
      496.0000000000        0.0000242777
      497.0000000000        0.0000237967
      498.0000000000        0.0000608742
      499.0000000000        0.0000329289
      500.0000000000        0.0000461405
      501.0000000000       -0.0000068358
      502.0000000000       -0.0000148883
      503.0000000000       -0.0000026022
      504.0000000000        0.0000448212
      505.0000000000        0.0000466781
      506.0000000000       -0.0000039737
      507.0000000000       -0.0000486358
      508.0000000000       -0.0000510372
      509.0000000000       -0.0000463072
      510.0000000000        0.0000289807
      511.0000000000        0.0000152195
      512.0000000000        0.0000551617
